order_number,product_id,customer_id,product_name,department_id,price
2,33120,202279,Organic Egg Whites,16,5.33
5,48370,156122,Sensitive Toilet Paper,17,9.33
7,46802,142903,Pineapple Chunks,1,6.76
10,3464,135442,"Organic Butterhead (Boston, Butter, Bibb) Lettuce",4,9.0
10,25720,135442,Organic Sunchoke,4,10.06
11,27085,143742,Mango Pineapple Salsa,20,4.23
12,15221,152610,2% Milk,16,11.05
12,43772,152610,Cherubs Heavenly Salad Tomatoes,4,1.15
13,36086,45082,Philadelphia Original Cream Cheese,16,2.08
14,2452,18194,Naturals Chicken Nuggets,1,1.24
14,10096,18194,Corn Meal Pizza Crust,1,11.52
15,32463,54901,Olive Oil & Aloe Vera Hand Soap,11,4.26
18,34969,118860,Red Vine Tomato,4,9.25
18,1000,118860,Apricots,10,1.27
18,2116,118860,Organic Maple & Onion Baked Beans,15,2.14
18,9848,118860,Balsamic Reduction Traditional Balsamic,13,12.26
21,4149,88772,Frozen Organic Blueberries,4,11.59
23,18689,68572,Dairy-Free Chive Cream Cheese,16,10.12
25,22105,59897,Ultra Thin Sliced Provolone Cheese,16,2.41
25,39046,59897,Smok Cured Turkey Bacon,12,6.84
25,30320,59897,Craveables Four Cheese Pizza,1,8.71
25,15925,59897,Macaroni and Cheese,1,9.5
26,33120,153404,Organic Egg Whites,16,5.33
27,38226,129389,Dark Chocolate Chips,19,2.18
31,25647,201744,Heirloom Tomato,4,4.3
35,28413,202527,Bunny-Luv Organic Carrots,4,7.3
35,24532,202527,Cranberry Almond Chicken Salad,3,2.66
43,20915,39630,Mozzarella Light Low Moisture Part Skim String Cheese,16,3.56
43,21949,39630,White Cheddar Semisoft Cheese,16,9.24
44,28012,183833,Clover Honey Bear,13,8.71
46,26172,10951,Light Sour Cream,16,7.26
46,21067,10951,Reduced Fat Sliced Provolone Cheese,16,2.4
46,41602,10951,Deli Select Ultra Thin Honey Ham,20,4.95
49,19677,79165,Original Pure Creamy Almond Milk,16,6.4
50,17183,94330,Peach Yoghurt,16,6.75
50,1025,94330,Organic Fresh Basil,4,11.34
51,32624,160959,Acorn Squash,4,11.22
52,18963,27498,Apple Cider Vinegar,13,9.67
52,39408,27498,Gala Apples,4,4.03
53,32442,87889,Organic Original Tofu Veggie Burger,20,11.35
54,36086,91977,Philadelphia Original Cream Cheese,16,2.08
55,42736,127522,Unsalted Butter,16,9.28
55,3464,127522,"Organic Butterhead (Boston, Butter, Bibb) Lettuce",4,9.0
58,26604,150647,Organic Blackberries,4,8.08
59,32549,137346,Prepared Meals Simmered Chicken Medley Wet Dog Food,8,12.5
60,2298,66984,"Muffins, Mini, Flax, Chocolate Brownie",3,8.0
60,781,66984,Organic Shredded Mild Cheddar,16,2.78
60,13249,66984,Skim Milk,16,9.33
60,890,66984,Organic Diced Tomatoes,15,1.35
61,4149,12295,Frozen Organic Blueberries,4,11.59
62,26209,189943,Limes,4,4.37
63,13733,122048,Red Potatoes,4,4.73
65,1940,26599,Organic 2% Reduced Fat Milk,16,1.23
67,27514,5738,Maple Glazed Honey Ham,20,6.39
68,17924,96594,Seltzer Water,7,3.66
69,43875,115481,Baby Food Stage 2 Blueberry Pear & Purple Carrot,18,6.11
69,42345,115481,Baby Food Pouch - Roasted Carrot Spinach & Beans,18,4.39
71,26209,69984,Limes,4,4.37
72,42548,199522,Baby Boomer Fresh Creamer Potatoes,4,2.89
73,28413,152590,Bunny-Luv Organic Carrots,4,7.3
76,38996,75136,Grape Tomatoes,4,4.64
76,39844,75136,Mini Sweet Peppers,4,11.24
77,34969,91667,Red Vine Tomato,4,9.25
79,13627,197745,English Breakfast Tea Bags,7,6.27
79,12397,197745,Earl Grey Tea Bags,7,6.93
80,10761,190599,Organic Yokids Lemonade/Blueberry Variety Pack Yogurt Squeezers Tubes,16,4.56
80,26604,190599,Organic Blackberries,4,8.08
83,10060,41155,Original BBQ Sauce,13,8.23
84,42300,21551,Organic Vitality Snack Chia Squeeze Blackberry Bliss,19,9.71
85,32259,4041,Red Globe Grapes,4,9.24
85,20217,4041,Mini Marshmallows,13,6.42
85,42240,4041,Ultra Soft Facial Tissues,17,12.0
86,45253,166645,gel hand wash sea minerals,11,4.27
88,27690,102020,Apple Cinnamon GoGo Squeez,19,6.29
90,890,43798,Organic Diced Tomatoes,15,1.35
91,42813,5189,Smoked Maple Ham,20,5.89
92,26604,56022,Organic Blackberries,4,8.08
92,44375,56022,Canned Aranciata Orange,7,3.21
93,39408,130239,Gala Apples,4,4.03
95,37630,187742,Boneless & Skinless Wild Alaskan Sockeye Salmon,15,2.83
95,10849,187742,Hickory Smoked Ham,20,8.93
97,12276,175918,Chocolate Chip Cookie Dough Ice Cream,1,8.4
97,28465,175918,Icelandic Style Skyr Blueberry Non-fat Yogurt,16,8.32
97,10761,175918,Organic Yokids Lemonade/Blueberry Variety Pack Yogurt Squeezers Tubes,16,4.56
97,35134,175918,Epsom Salt Soaking Solution Soothe & Sleep,11,8.33
97,37460,175918,No Sugar Added Variety Fruit Bars,1,5.99
97,4006,175918,Hazelnut Spread With Skim Milk & Cocoa,13,4.62
97,27177,175918,"Shampoo, Body Wash, Bubble Bath Coconut+Lemon",11,3.55
99,46584,108185,YoKids Blueberry & Strawberry/Vanilla Yogurt,16,8.82
99,13991,108185,Hearty Style 100% Whole Grain Whole Wheat Bread,3,4.06
99,35176,108185,Cream Cheese Cream Cheese Spread,16,3.27
102,24830,4988,Organic Romaine,4,10.27
102,44570,4988,Kale Greens,4,4.15
104,28745,4645,Oven Roasted Turkey,20,7.99
104,22124,4645,Total 0% Raspberry Yogurt,16,9.08
104,26604,4645,Organic Blackberries,4,8.08
105,1194,178958,Natural Artisan Water,7,7.42
105,12276,178958,Chocolate Chip Cookie Dough Ice Cream,1,8.4
105,27690,178958,Apple Cinnamon GoGo Squeez,19,6.29
106,49505,161214,Hot Italian Sausage,12,8.46
106,18019,161214,Macaroni & Cheese Dinner Original Flavor,9,3.73
106,27509,161214,Organic Seasoned Yukon Select Potatoes Hashed Browns,1,5.21
106,42548,161214,Baby Boomer Fresh Creamer Potatoes,4,2.89
106,30958,161214,Honey Mustard and Onion Pretzels Pieces,19,7.24
106,5048,161214,Baby Moisture Wash,18,9.3
108,7751,184205,Tomato Ketchup,13,1.99
108,13708,184205,"Liquid Hand Soap, Refill, Lavender Scent",11,3.43
109,14131,86865,Traditional Hearty Chicken and Rotini Soup,15,10.24
109,42240,86865,Ultra Soft Facial Tissues,17,12.0
109,40310,86865,Oven Roasted Turkey Breast,20,8.23
110,34969,73241,Red Vine Tomato,4,9.25
115,22920,124725,Roasted & Salted Shelled Pistachios,19,7.88
117,11132,75394,Organic Promise Berry Fruitful Cereal,14,5.23
119,28425,25967,Pitted Castelvetrano Green Olives,13,9.54
119,12572,25967,6 OZ LA PANZANELLA CROSTINI ORIGINAL CRACKERS,19,1.78
120,26604,23750,Organic Blackberries,4,8.08
120,1503,23750,Low Fat Cottage Cheese,16,1.45
120,46703,23750,Shelled Soybeans Edamame,1,10.75
120,5068,23750,Cauliflower Florets,4,5.04
120,33120,23750,Organic Egg Whites,16,5.33
123,26604,99471,Organic Blackberries,4,8.08
123,49273,99471,Light and Lean Quinoa Black Beans with Butternut Squash and Chard,1,1.34
124,44570,69812,Kale Greens,4,4.15
124,28527,69812,White Horseradish,13,12.12
124,28990,69812,Curly Parsley Bunch,4,6.7
125,11068,66104,Medium Cheddar Cheese Block,16,1.9
125,2002,66104,"The \""World's Best\"" Veggie Burger",1,0.89
125,36735,66104,Organic Roasted Sliced Chicken Breast,20,10.42
126,6104,66138,Whole Milk Plain Yogurt,16,1.76
127,37052,43629,Natural Bliss Cinnamon Cream Coffee Creamer,16,10.83
127,45064,43629,Honey Wheat Bread,3,1.52
129,43338,169467,Pyramid Black Tea Bags,7,3.76
131,45007,34858,Organic Zucchini,4,5.08
131,20869,34858,Yellow Potato,4,4.45
131,29506,34858,Pita Bread,3,5.14
132,19677,147650,Original Pure Creamy Almond Milk,16,6.4
134,30696,15608,Eggo Homestyle Waffles,1,6.45
134,8638,15608,Vanilla Milk Chocolate Almond Ice Cream Bars,1,8.33
135,47866,55179,Jalapeno Potato Chips,19,12.02
140,35042,67155,Black Beans,15,5.95
140,7898,67155,Ginger Beer,7,2.12
140,18721,67155,"Baked Rice and Corn Puffs, Aged White Cheddar",19,2.22
141,42972,88362,Natural Pure Sparkling Water,7,4.77
141,13627,88362,English Breakfast Tea Bags,7,6.27
142,15979,8841,Extra Sharp Cheddar Cheese Block,16,4.85
143,36070,130982,"Super Spinach! Baby Spinach, Baby Bok Choy, Sweet Baby Kale",4,4.34
143,43183,130982,Deli Fresh Shaved Smoked Turkey Breast,20,12.45
144,1503,179300,Low Fat Cottage Cheese,16,1.45
148,21614,41523,Crackers Harvest Whole Wheat,19,2.38
150,21506,126892,Organic Raisin Bran Cereal,14,2.69
152,4557,103040,Mango Peach Salsa,20,11.24
153,23765,24173,Organic Smoked Turkey Breast,20,10.28
156,35383,111475,Classic White Bread,3,6.03
156,12276,111475,Chocolate Chip Cookie Dough Ice Cream,1,8.4
157,37193,13055,Shelled Edamame,1,1.74
160,25331,181765,Chocolate Malt,1,3.53
161,40310,88526,Oven Roasted Turkey Breast,20,8.23
161,12276,88526,Chocolate Chip Cookie Dough Ice Cream,1,8.4
162,45007,198222,Organic Zucchini,4,5.08
163,26209,115844,Limes,4,4.37
166,17251,39287,Condensed Golden Mushroom Soup,15,11.91
168,38145,117132,Cabaret Crisp And Buttery Crackers,19,2.15
171,14645,204184,De Mexico,7,11.72
174,32016,53965,Fresh Fussilli,9,1.28
176,4675,4209,Boniato Sweet Potato,4,9.16
177,46802,48308,Pineapple Chunks,1,6.76
177,35055,48308,Just Cranberry Unsweetened Juice,7,8.57
177,19906,48308,Fresh Whole White Mushrooms,4,2.73
180,26604,96385,Organic Blackberries,4,8.08
180,7079,96385,Organic Alfalfa Sprouts,4,7.88
181,38456,141062,Large Grapefruit,4,3.38
181,33746,141062,Simply Stock Organic Vegetable Unsalted Stock,15,11.09
183,31215,104879,Lemon Yogurt,16,10.41
183,49247,104879,Coconut Yoghurt,16,4.8
185,20899,172793,Goo Berry Pie Probugs Kefir,16,6.29
188,1025,58122,Organic Fresh Basil,4,11.34
192,33527,189954,Organic Classic Rich Crackers,19,7.46
194,28012,48052,Clover Honey Bear,13,8.71
195,22654,14264,Quick-Rise Yeast for Bread Machines,13,2.17
197,47630,92707,Medium Navel Orange,4,5.6
198,20842,21336,Total 0% Greek Yogurt,16,9.2
198,47893,21336,Steel Cut Irish Oatmeal,14,4.81
199,1503,143951,Low Fat Cottage Cheese,16,1.45
208,32429,68303,Red Mango,4,3.5
209,20842,40286,Total 0% Greek Yogurt,16,9.2
210,37067,43756,Organic Banana,4,10.85
210,86,43756,"Camilia, Single Liquid Doses",2,2.03
213,46802,33094,Pineapple Chunks,1,6.76
220,11432,63952,Chopped Kale,4,9.06
221,40699,177947,Golden Nugget Mandarin,4,1.59
221,39046,177947,Smok Cured Turkey Bacon,12,6.84
222,14267,145501,Organic Refried Black Beans,15,9.37
222,49667,145501,Enchilada with Spanish Rice & Beans Meal,1,10.34
223,39604,169586,Turkey Breakfast Sausage Links,12,2.75
223,46541,169586,Corn Flakes,14,2.21
223,5450,169586,Small Hass Avocado,4,5.77
223,1700,169586,White Cheddar Popcorn,19,5.86
223,307,169586,Precious Mozzarella Cheese,16,7.27
224,1940,109534,Organic 2% Reduced Fat Milk,16,1.23
224,43409,109534,Frosted Mini-Wheats Original Cereal,14,12.46
227,36070,100142,"Super Spinach! Baby Spinach, Baby Bok Choy, Sweet Baby Kale",4,4.34
228,36070,156462,"Super Spinach! Baby Spinach, Baby Bok Choy, Sweet Baby Kale",4,4.34
228,23054,156462,Whole Wheat Sourdough,3,2.06
228,890,156462,Organic Diced Tomatoes,15,1.35
228,19709,156462,El Ciprés Whole Bean Coffee,7,1.94
229,18266,47358,Teriyaki Noodle Bowl,9,9.89
231,40203,147443,Mint Chip Ice Cream,1,5.4
231,4798,147443,Top Chef Ravioli & Chicken Marinara,1,5.23
232,39055,56896,Mild Salsa Roja,20,12.54
232,28745,56896,Oven Roasted Turkey,20,7.99
232,22504,56896,Organic Mountain Forest Amber Honey,13,2.16
235,44090,58701,Roasted Pumpkin White Cheddar Tamales,20,2.39
239,16744,51178,Peanut & Gluten Free Smooth Almond Butter,13,8.17
240,29978,183623,Flushable Moist Wipes,11,3.3
240,5258,183623,Sparkling Water,7,10.95
241,39046,131535,Smok Cured Turkey Bacon,12,6.84
243,37067,62481,Organic Banana,4,10.85
247,49185,82764,Enriched Vanilla Rice Drink,16,10.01
248,7963,30576,Gluten Free Whole Grain Bread,1,4.53
248,38508,30576,Lightly Salted Kettle Potato Chips - Sea Salt,19,4.06
248,33911,30576,Zero Calorie Cream Soda,7,7.55
248,37630,30576,Boneless & Skinless Wild Alaskan Sockeye Salmon,15,2.83
251,3464,155188,"Organic Butterhead (Boston, Butter, Bibb) Lettuce",4,9.0
254,1194,12711,Natural Artisan Water,7,7.42
254,18471,12711,Organic Light Agave Nectar,13,0.93
254,32578,12711,Organic Fresh Squeezed Orange Juice,7,6.19
254,48953,12711,Lettuce Medley,4,4.64
255,16508,4076,Stage 3 Hearty Meals - Chick Chick Organic Baby Food,18,11.78
255,47565,4076,Organic Apple Pumpkin & Granola Stage 2 Baby Food,18,6.65
255,42345,4076,Baby Food Pouch - Roasted Carrot Spinach & Beans,18,4.39
256,43875,95044,Baby Food Stage 2 Blueberry Pear & Purple Carrot,18,6.11
256,45607,95044,Butter Cooking Spray,13,3.56
259,6568,52205,Snacks Mango,19,8.66
259,20947,52205,Passionberry Bliss Kombucha Drink,7,11.87
260,7542,21630,Ready to Serve Brown & Wild 4.4 Oz Rice,9,11.19
262,34969,122266,Red Vine Tomato,4,9.25
265,26604,139432,Organic Blackberries,4,8.08
265,38772,139432,Provolone,16,1.84
266,14005,99546,Ultimate Caesar Salad Kit,4,1.9
266,43183,99546,Deli Fresh Shaved Smoked Turkey Breast,20,12.45
272,19003,127211,Celery,4,5.68
272,41729,127211,Sweet Grape Tomatoes,4,10.48
272,36086,127211,Philadelphia Original Cream Cheese,16,2.08
273,16615,171199,Zero Calories Berry Nutrient Enhanced Water,7,5.54
274,18963,64392,Apple Cider Vinegar,13,9.67
276,24497,46527,Organic Cauliflower Florets,4,7.52
277,43768,109712,Organic Bell Pepper,4,2.4
279,23630,185432,Multi-Seed Original Crackers,19,4.37
279,2002,185432,"The \""World's Best\"" Veggie Burger",1,0.89
280,36792,1059,Gluten Free Omega Flax & Fiber Bread,3,3.98
281,43379,200563,Watercress Package,4,12.28
281,26209,200563,Limes,4,4.37
285,49247,57561,Coconut Yoghurt,16,4.8
286,5450,91926,Small Hass Avocado,4,5.77
288,14870,137357,Icelandic Style Fat Free Plain Yogurt,16,4.27
289,2664,5927,First Prunes,18,3.44
289,18254,5927,All Natural Roasted Garlic Hummus,20,0.87
289,17025,5927,Country Dijon Mustard,13,8.15
290,43772,67140,Cherubs Heavenly Salad Tomatoes,4,1.15
291,3090,66046,Very Berry Flavor Sparkling Mineral Water,7,3.56
291,7350,66046,Natural Lime Flavor Sparkling Mineral Water,7,1.88
293,42736,168853,Unsalted Butter,16,9.28
298,49026,35569,Plain Almond Milk Yogurt,16,12.26
299,26604,10546,Organic Blackberries,4,8.08
301,24549,66567,Organic Greens And Kale,7,5.0
302,20463,54878,Organic Fat-Free Milk,16,1.48
302,1940,54878,Organic 2% Reduced Fat Milk,16,1.23
302,6473,54878,Bag of Lemons,4,6.98
302,260,54878,Cantaloupe,4,3.01
306,45007,166655,Organic Zucchini,4,5.08
308,17025,176010,Country Dijon Mustard,13,8.15
308,32134,176010,Lactose Free Plain Kefir,16,3.11
308,12614,176010,Yellow Grape Tomatoes,4,1.39
308,18027,176010,Ezekiel 4:9 Bread Organic Sprouted Whole Grain,3,11.3
310,20031,101311,Blackeye Peas,15,9.62
315,32429,133849,Red Mango,4,3.5
315,39408,133849,Gala Apples,4,4.03
315,18721,133849,"Baked Rice and Corn Puffs, Aged White Cheddar",19,2.22
315,26604,133849,Organic Blackberries,4,8.08
315,3631,133849,Organic Whole Milk French Vanilla Yogurt,16,1.49
316,5258,190581,Sparkling Water,7,10.95
316,19828,190581,Red Delicious Apples,4,5.14
317,45007,179469,Organic Zucchini,4,5.08
317,12276,179469,Chocolate Chip Cookie Dough Ice Cream,1,8.4
318,24830,108940,Organic Romaine,4,10.27
319,30827,102031,Seedless Cucumbers,4,5.22
319,39408,102031,Gala Apples,4,4.03
319,2515,102031,"Evaporated Milk,",13,4.73
321,20040,125272,66 Calorie Unfiltered Ginger Ale,7,3.57
322,41259,36278,Poblano Pepper,4,10.56
326,35042,33704,Black Beans,15,5.95
326,21491,33704,Supremo Chihuahua 8.82 Oz,16,9.82
326,30623,33704,Unsweetened 100% Cocoa,13,11.86
327,33120,58707,Organic Egg Whites,16,5.33
328,15011,156112,"Pita Chips, Simply Naked",19,11.46
329,49621,193602,Challah Bread,3,5.17
329,42736,193602,Unsalted Butter,16,9.28
330,46802,200502,Pineapple Chunks,1,6.76
331,38456,97427,Large Grapefruit,4,3.38
331,17570,97427,7 Whole Grain Puffs Cereal,14,5.34
331,34969,97427,Red Vine Tomato,4,9.25
331,38562,97427,Pomegranate Arils,4,2.59
332,2962,131796,"Milk, Reduced Fat, 2% Milkfat",16,8.89
334,40574,7114,Rice Cereal,14,1.69
335,42736,164484,Unsalted Butter,16,9.28
335,38456,164484,Large Grapefruit,4,3.38
335,45007,164484,Organic Zucchini,4,5.08
336,18656,60174,Organic Red Potato,4,1.93
337,43192,44598,Dark with 70% Cacao Content Organic Chocolate Bar,19,5.04
337,10166,44598,Almond Milk Cookies N' Cream Non-Dairy Frozen Dessert,1,2.02
337,42736,44598,Unsalted Butter,16,9.28
338,26209,61454,Limes,4,4.37
338,1437,61454,Skinny Girl Microwave Butter Popcorn,19,1.87
339,30353,34416,Curate Cherry Lime Sparkling Water,7,1.86
339,45007,34416,Organic Zucchini,4,5.08
340,26604,197300,Organic Blackberries,4,8.08
342,7139,183968,Sooo Good Light Roast Coffee,7,3.74
343,3081,120226,"Organic Creamies Strawberry, Raspberry & Carrot Freeze-Dried Fruit Snacks",18,1.21
344,47815,61721,Hazelnut Coffee Creamer,16,8.55
345,1498,129475,Creamy Chicken & Dumplings Soup,15,2.05
345,13287,129475,Bistro Bowl Chicken Caesar Salad,4,7.49
347,49026,17155,Plain Almond Milk Yogurt,16,12.26
347,18689,17155,Dairy-Free Chive Cream Cheese,16,10.12
351,22548,26183,Coldbrew Coffee Pops,1,5.89
354,17914,25862,DayQuil Severe Cold & Flu,11,8.65
355,23296,28266,Blueberry on the Bottom Nonfat Greek Yogurt,16,2.27
355,13733,28266,Red Potatoes,4,4.73
359,26209,186816,Limes,4,4.37
361,16759,58087,Organic Carrot Bunch,4,4.17
361,33746,58087,Simply Stock Organic Vegetable Unsalted Stock,15,11.09
361,41259,58087,Poblano Pepper,4,10.56
361,18027,58087,Ezekiel 4:9 Bread Organic Sprouted Whole Grain,3,11.3
361,10025,58087,Freeze Dried Strawberry Slices,1,8.24
362,49519,65561,Raspberry Essence Water,7,10.84
364,45007,120742,Organic Zucchini,4,5.08
366,41858,85359,Spelt Mini Pretzels,19,3.33
367,26209,48730,Limes,4,4.37
367,16908,48730,Jacob's Wonderbar Dark Roast,7,11.01
370,9690,49030,Organic Dark Chocolate Whey Protein,11,4.66
371,46820,27212,Vanilla Pure Almond Milk,16,11.94
372,18656,178268,Organic Red Potato,4,1.93
373,35042,148175,Black Beans,15,5.95
375,38274,163102,Ice Cream Sandwiches Vanilla,1,7.17
376,45210,121858,Organic Greek Lowfat Yogurt With Blueberries,16,5.69
376,890,121858,Organic Diced Tomatoes,15,1.35
378,13249,128710,Skim Milk,16,9.33
379,5450,6801,Small Hass Avocado,4,5.77
381,6519,52824,Hot Cocoa Mix,13,8.06
382,31801,73283,9 Inch Plates,17,4.1
382,7963,73283,Gluten Free Whole Grain Bread,1,4.53
382,23630,73283,Multi-Seed Original Crackers,19,4.37
384,26209,110980,Limes,4,4.37
388,26209,176698,Limes,4,4.37
388,45007,176698,Organic Zucchini,4,5.08
389,11781,11216,"Mushroom, Spinach, and Salsa Tamales",6,2.28
390,3631,166654,Organic Whole Milk French Vanilla Yogurt,16,1.49
390,7185,166654,Rosemary Mini Croccantini,19,4.79
390,33120,166654,Organic Egg Whites,16,5.33
390,24830,166654,Organic Romaine,4,10.27
390,38274,166654,Ice Cream Sandwiches Vanilla,1,7.17
390,22504,166654,Organic Mountain Forest Amber Honey,13,2.16
391,22233,116932,Slow Churned Double Fudge Brownie Ice Cream,1,9.2
396,28990,158728,Curly Parsley Bunch,4,6.7
396,8460,158728,Hearty Thick Cut Bacon,12,5.7
397,26209,198708,Limes,4,4.37
398,45007,155472,Organic Zucchini,4,5.08
398,19906,155472,Fresh Whole White Mushrooms,4,2.73
398,38996,155472,Grape Tomatoes,4,4.64
398,890,155472,Organic Diced Tomatoes,15,1.35
398,7364,155472,Red Mild Enchilada Sauce,6,9.87
398,36070,155472,"Super Spinach! Baby Spinach, Baby Bok Choy, Sweet Baby Kale",4,4.34
398,3913,155472,Original Unfiltered Ginger Ale,7,2.84
402,14870,202359,Icelandic Style Fat Free Plain Yogurt,16,4.27
403,22124,16181,Total 0% Raspberry Yogurt,16,9.08
403,45007,16181,Organic Zucchini,4,5.08
404,39408,196585,Gala Apples,4,4.03
405,47792,172653,Organic Beans & Rice Cheddar Cheese Burrito,1,8.35
408,42964,45631,Gluten Free Spaghetti Pasta,9,9.5
408,20815,45631,Unsalted 65%  Vegetable Oil Spread,16,7.77
409,22124,41502,Total 0% Raspberry Yogurt,16,9.08
409,26604,41502,Organic Blackberries,4,8.08
411,19677,181193,Original Pure Creamy Almond Milk,16,6.4
411,20899,181193,Goo Berry Pie Probugs Kefir,16,6.29
413,26209,200178,Limes,4,4.37
413,35939,200178,Organic Jalapeno Pepper,4,9.93
415,45064,48412,Honey Wheat Bread,3,1.52
415,15417,48412,Toaster Strudel Pastries Strawberry,1,1.97
417,4149,193125,Frozen Organic Blueberries,4,11.59
420,35939,161762,Organic Jalapeno Pepper,4,9.93
420,6020,161762,Organic Crushed Red Pepper,13,8.11
421,27690,119095,Apple Cinnamon GoGo Squeez,19,6.29
421,46584,119095,YoKids Blueberry & Strawberry/Vanilla Yogurt,16,8.82
422,13221,146023,Toilet Bowl Cleaner - Emerald Cypress and Fir,17,5.31
423,6278,97970,Coconut Cream,6,4.21
423,42736,97970,Unsalted Butter,16,9.28
425,11068,146671,Medium Cheddar Cheese Block,16,1.9
426,26209,147194,Limes,4,4.37
426,35939,147194,Organic Jalapeno Pepper,4,9.93
426,34969,147194,Red Vine Tomato,4,9.25
427,35383,19785,Classic White Bread,3,6.03
429,5251,126918,Shaved Brussel Sprouts,4,10.39
429,19445,126918,French Lavender All-Purpose Natural Surface Cleaner,17,8.0
431,27690,137716,Apple Cinnamon GoGo Squeez,19,6.29
431,27464,137716,Direct Trade House Blend Medium Roast Ground Coffee,7,11.02
431,43768,137716,Organic Bell Pepper,4,2.4
431,14553,137716,Oats & Honey Granola,14,2.32
433,43768,76234,Organic Bell Pepper,4,2.4
434,18656,108854,Organic Red Potato,4,1.93
434,13780,108854,Thyme,4,10.2
434,16145,108854,Organic Cannellini Beans,15,5.1
435,24846,201679,Sweet & Fruity Cranberry Granola,14,4.68
435,3631,201679,Organic Whole Milk French Vanilla Yogurt,16,1.49
435,36070,201679,"Super Spinach! Baby Spinach, Baby Bok Choy, Sweet Baby Kale",4,4.34
439,32211,56056,Whole Grains Oatnut Bread,3,8.78
439,45064,56056,Honey Wheat Bread,3,1.52
439,41523,56056,PreNatal Multivitamin Adult,11,6.9
439,26209,56056,Limes,4,4.37
440,21949,155234,White Cheddar Semisoft Cheese,16,9.24
443,8056,174206,Berry Bounty Trail Mix,19,8.47
444,35042,201770,Black Beans,15,5.95
445,13097,63288,Fresh Cut Butternut Squash,4,10.69
446,26209,22274,Limes,4,4.37
449,10258,177340,Pistachios,19,9.49
449,7751,177340,Tomato Ketchup,13,1.99
449,43371,177340,Crushed Red Pepper,13,7.03
449,42475,177340,Unsalted Butter Quarters,16,2.61
450,16170,79317,Italian Style Meatballs & Mozzarella Sandwiches,1,7.95
451,26209,167271,Limes,4,4.37
453,37067,27896,Organic Banana,4,10.85
454,15366,11335,Blueberry Soy Yogurt,16,7.71
454,34939,11335,Veggie Ground,20,10.9
454,23125,11335,Meatless Vegan Jerky  Seitan Teriyaki,19,4.56
457,26209,105560,Limes,4,4.37
457,47141,105560,Cola,7,5.77
457,5068,105560,Cauliflower Florets,4,5.04
458,5450,148347,Small Hass Avocado,4,5.77
459,36070,18550,"Super Spinach! Baby Spinach, Baby Bok Choy, Sweet Baby Kale",4,4.34
459,27435,18550,Whole Wheat Pita Bread Loaves,3,3.3
459,45116,18550,Potatoes Sweet,4,1.02
459,12548,18550,Vanilla Enriched Rice Drink,16,1.04
461,26209,40496,Limes,4,4.37
462,12932,103166,Super Greens Veggie Burgers,1,9.93
464,26209,162075,Limes,4,4.37
464,32429,162075,Red Mango,4,3.5
464,16508,162075,Stage 3 Hearty Meals - Chick Chick Organic Baby Food,18,11.78
464,37221,162075,Mocha Coffee,7,3.11
464,27913,162075,Yokids Squeeze Strawberry Yogurt,16,8.65
466,12614,101150,Yellow Grape Tomatoes,4,1.39
466,35939,101150,Organic Jalapeno Pepper,4,9.93
467,39408,140348,Gala Apples,4,4.03
469,32569,54336,Peanut Butter Cracker Sandwiches,19,8.5
469,48527,54336,Avocado,4,12.54
476,2962,201923,"Milk, Reduced Fat, 2% Milkfat",16,8.89
478,37940,81461,Original Strawberry Low Fat Yogurt,16,12.55
478,12333,81461,Milk Chocolate Minatures,19,5.41
482,508,192144,Freeze-Dried Edamame Veggie Snack,19,2.17
482,38164,192144,Almonds & Sea Salt in Dark Chocolate,19,9.32
485,23296,124536,Blueberry on the Bottom Nonfat Greek Yogurt,16,2.27
486,10060,146875,Original BBQ Sauce,13,8.23
487,22211,83068,Free & Clean Unscented Hand Soap,17,10.78
488,26209,127848,Limes,4,4.37
490,48491,32953,"Tofu, Extra Firm",20,11.49
490,7041,32953,Pecorino Romano,16,5.02
493,1940,197703,Organic 2% Reduced Fat Milk,16,1.23
493,19173,197703,Orange Calcium & Vitamin D Pulp Free,7,11.11
493,26604,197703,Organic Blackberries,4,8.08
493,49273,197703,Light and Lean Quinoa Black Beans with Butternut Squash and Chard,1,1.34
493,5450,197703,Small Hass Avocado,4,5.77
493,48595,197703,Organic Wheat Square Crackers,19,9.0
494,30494,90250,Organic Mango Slices,19,7.63
494,41860,90250,Sea Salt Baked Potato Chips,19,5.7
500,34969,26454,Red Vine Tomato,4,9.25
501,7963,86142,Gluten Free Whole Grain Bread,1,4.53
505,30827,110754,Seedless Cucumbers,4,5.22
506,35042,8941,Black Beans,15,5.95
507,9075,192963,Zero Rise Orange,7,1.6
510,26604,203673,Organic Blackberries,4,8.08
514,34214,18201,Pesto Pizza,1,5.46
515,41437,153416,Hearty Minestrone with Vegetables Soup,15,11.43
518,45007,20663,Organic Zucchini,4,5.08
520,43192,165200,Dark with 70% Cacao Content Organic Chocolate Bar,19,5.04
520,24846,165200,Sweet & Fruity Cranberry Granola,14,4.68
520,35383,165200,Classic White Bread,3,6.03
520,19451,165200,Comforting Chamomile Tea,7,12.54
521,22627,203870,Gluten Free Flour,13,7.99
522,26209,35250,Limes,4,4.37
522,1862,35250,Tuna Fillets in Olive Oil,15,7.05
522,35939,35250,Organic Jalapeno Pepper,4,9.93
524,17183,152160,Peach Yoghurt,16,6.75
525,3631,167046,Organic Whole Milk French Vanilla Yogurt,16,1.49
525,47630,167046,Medium Navel Orange,4,5.6
526,27275,17900,Pineapple Strawberry Sparkling Water,7,7.09
526,30353,17900,Curate Cherry Lime Sparkling Water,7,1.86
526,1940,17900,Organic 2% Reduced Fat Milk,16,1.23
527,35939,39332,Organic Jalapeno Pepper,4,9.93
528,22182,162968,Old Fashioned Potato Salad,20,1.72
529,37066,34037,Original Cherry Orchard Yogurt,16,9.7
529,4006,34037,Hazelnut Spread With Skim Milk & Cocoa,13,4.62
534,43379,99415,Watercress Package,4,12.28
535,35315,179526,Premium Green Tea,7,9.63
537,33120,180135,Organic Egg Whites,16,5.33
544,45007,173861,Organic Zucchini,4,5.08
546,45210,141401,Organic Greek Lowfat Yogurt With Blueberries,16,5.69
546,38164,141401,Almonds & Sea Salt in Dark Chocolate,19,9.32
546,13898,141401,Dark Chocolate with Marzipan,19,9.03
546,7139,141401,Sooo Good Light Roast Coffee,7,3.74
546,47621,141401,Chocolate Strong Dark,19,6.39
547,27578,113831,Sweet Potato Skinny Stick Snacks,19,10.85
547,30889,113831,In Water Sardines,15,4.37
547,43772,113831,Cherubs Heavenly Salad Tomatoes,4,1.15
547,37619,113831,Light Vegetable Oil Spread,16,8.59
549,26209,120786,Limes,4,4.37
549,2452,120786,Naturals Chicken Nuggets,1,1.24
549,17789,120786,Soy Free Buttery Spread,16,11.19
549,22369,120786,Dairy-Free Chocolate Protein Beverage,16,1.49
549,48554,120786,Gochujang Fermented Sesame Chile Paste,6,4.01
549,12591,120786,Peach Mango Stage 2 Baby Food,18,11.86
549,11212,120786,Apple Blueberry Fruit Yogurt Smoothie,18,11.52
551,43662,91201,"Yogurt, Strained Low-Fat, Coconut",16,11.87
551,28465,91201,Icelandic Style Skyr Blueberry Non-fat Yogurt,16,8.32
551,47630,91201,Medium Navel Orange,4,5.6
557,27554,153133,Gluten Free Blueberry Muffins,3,0.94
557,5902,153133,"Rice Crackers, Original",19,10.11
559,34969,22322,Red Vine Tomato,4,9.25
560,46802,67315,Pineapple Chunks,1,6.76
561,14867,153285,Honey Bunny Grahams,19,3.63
561,17021,153285,Baked Mini Beef Meatballs,1,9.94
562,34969,199989,Red Vine Tomato,4,9.25
563,7773,153069,Hazelnut Toffee Dark Chocolate Bar,19,6.72
564,9172,8422,Crepes,3,8.8
564,39264,8422,Mini Madeleines French Sponge Cakes with Chocolate Chips,19,8.74
565,43768,45892,Organic Bell Pepper,4,2.4
565,42736,45892,Unsalted Butter,16,9.28
566,4933,133183,with Olive Oil Mayonnaise,13,7.02
572,28431,150255,Light Sodium Mexican Casserole Bowl,1,7.76
573,27177,42147,"Shampoo, Body Wash, Bubble Bath Coconut+Lemon",11,3.55
575,17328,202833,Reduced Fat Feta Cheese,16,5.27
575,27796,202833,Real Mayonnaise,13,0.97
577,42959,22836,Jet-Dry Original Rinse Aid,17,3.45
578,20842,179433,Total 0% Greek Yogurt,16,9.2
578,45866,179433,Fig Newmans Fruit Filled Cookies,19,2.46
578,26209,179433,Limes,4,4.37
578,38456,179433,Large Grapefruit,4,3.38
578,26604,179433,Organic Blackberries,4,8.08
582,33120,193223,Organic Egg Whites,16,5.33
582,22124,193223,Total 0% Raspberry Yogurt,16,9.08
584,25199,78727,Classic Chicken Salad,20,4.26
586,5450,31030,Small Hass Avocado,4,5.77
587,7700,13112,Lavender Aloe Liquid Soap,11,8.97
591,46802,31111,Pineapple Chunks,1,6.76
594,27413,84876,100% Mighty Mango Juice Smoothie,7,7.25
594,43768,84876,Organic Bell Pepper,4,2.4
594,16291,84876,Organic Extra Large Brown Omega 3 Eggs,16,8.98
594,17160,84876,Smooth & Creamy Organic Lowfat French Vanilla Yogurt,16,1.13
595,26209,32240,Limes,4,4.37
597,260,43517,Cantaloupe,4,3.01
598,26604,81979,Organic Blackberries,4,8.08
598,260,81979,Cantaloupe,4,3.01
603,39781,95063,Original 7 Grain Crackers,19,6.08
603,43768,95063,Organic Bell Pepper,4,2.4
603,33316,95063,Lemongrass & Clementine Zest Natural Dish Liquid,17,0.96
608,33120,91030,Organic Egg Whites,16,5.33
609,4163,25883,Spanish Rice Pilaf Mix,9,7.87
612,35948,196148,Tonic Water,7,7.7
612,26209,196148,Limes,4,4.37
613,35042,53840,Black Beans,15,5.95
614,13603,33769,Tarragon Chicken Salad,20,11.45
615,14358,36811,Organic Almond Chocolate Non Dairy Beverage,16,11.53
616,7364,35556,Red Mild Enchilada Sauce,6,9.87
616,38049,35556,Crispy Rounds Tortilla Chips,19,1.15
616,39408,35556,Gala Apples,4,4.03
618,4149,41594,Frozen Organic Blueberries,4,11.59
618,28413,41594,Bunny-Luv Organic Carrots,4,7.3
620,31727,169324,"Organic Tomato Paste, No Salt Added",15,10.09
620,45886,169324,Tahini,13,1.78
623,33120,37804,Organic Egg Whites,16,5.33
624,40836,193012,Anaheim Pepper,4,2.23
625,260,39460,Cantaloupe,4,3.01
627,27662,135886,Large Grade AA Cage Free Eggs,16,11.86
630,17366,51955,Sweet Potato Corn Tortilla Chips,19,5.37
630,27662,51955,Large Grade AA Cage Free Eggs,16,11.86
630,5450,51955,Small Hass Avocado,4,5.77
633,18696,54591,Mild Red Enchilada Sauce,6,4.38
635,19677,127975,Original Pure Creamy Almond Milk,16,6.4
635,47621,127975,Chocolate Strong Dark,19,6.39
637,49621,1177,Challah Bread,3,5.17
638,45007,167982,Organic Zucchini,4,5.08
639,43772,194758,Cherubs Heavenly Salad Tomatoes,4,1.15
641,26209,29916,Limes,4,4.37
646,28412,76803,Veggie Penne Pasta,9,7.01
646,35042,76803,Black Beans,15,5.95
647,11778,137453,Organic Tomato Lower Sodium Soup,15,11.66
649,13733,135836,Red Potatoes,4,4.73
649,5450,135836,Small Hass Avocado,4,5.77
650,27554,38617,Gluten Free Blueberry Muffins,3,0.94
650,42669,38617,Frosted Strawberry Toaster Pastries,3,11.94
651,2664,181671,First Prunes,18,3.44
652,46990,94596,Ground Buffalo,12,10.44
653,33316,120475,Lemongrass & Clementine Zest Natural Dish Liquid,17,0.96
654,10527,54729,Whipped Butter,16,3.95
655,26209,85219,Limes,4,4.37
655,21614,85219,Crackers Harvest Whole Wheat,19,2.38
657,28785,193653,Organic Tahini,13,8.89
659,38274,177324,Ice Cream Sandwiches Vanilla,1,7.17
660,19677,131699,Original Pure Creamy Almond Milk,16,6.4
661,41408,185594,Goat's Milk Cheese,16,6.12
665,39408,28332,Gala Apples,4,4.03
666,18656,5152,Organic Red Potato,4,1.93
667,34169,37763,"Hommus, Artichoke Spinach",20,3.28
668,47141,38722,Cola,7,5.77
669,38772,96183,Provolone,16,1.84
669,42736,96183,Unsalted Butter,16,9.28
670,5450,196898,Small Hass Avocado,4,5.77
670,5115,196898,Organic Medium Brown Eggs,16,11.44
672,7533,30564,Low-Fat Strawberry Banana on the Bottom Greek Yogurt,16,6.64
672,29925,30564,Sourdough Hearty Sliced Bread,3,8.52
673,42110,200062,Organic Macaroni Shells & Real Aged Cheddar,9,12.09
677,35042,173442,Black Beans,15,5.95
677,38996,173442,Grape Tomatoes,4,4.64
678,16759,198488,Organic Carrot Bunch,4,4.17
678,26604,198488,Organic Blackberries,4,8.08
678,10863,198488,Grain Free Turkey & Salmon Formula Cat Food,8,10.33
678,8614,198488,Organic Greens & Pineapple Juice Blend,7,8.61
683,43647,152537,Organic Asparagus Spears,1,11.18
683,26604,152537,Organic Blackberries,4,8.08
684,35948,205709,Tonic Water,7,7.7
684,7751,205709,Tomato Ketchup,13,1.99
684,17678,205709,Large Pitted California Ripe Olives,13,4.03
684,32115,205709,93/7 Ground Beef,2,12.26
685,25199,170906,Classic Chicken Salad,20,4.26
685,45007,170906,Organic Zucchini,4,5.08
689,16759,108932,Organic Carrot Bunch,4,4.17
689,33120,108932,Organic Egg Whites,16,5.33
689,17160,108932,Smooth & Creamy Organic Lowfat French Vanilla Yogurt,16,1.13
694,30827,146044,Seedless Cucumbers,4,5.22
695,33592,158663,Spots Stew Wild Salmon Canned Cat Food,8,8.4
695,2452,158663,Naturals Chicken Nuggets,1,1.24
697,48144,87185,Tater Tots,1,1.22
697,44570,87185,Kale Greens,4,4.15
697,43772,87185,Cherubs Heavenly Salad Tomatoes,4,1.15
699,45007,23011,Organic Zucchini,4,5.08
699,34969,23011,Red Vine Tomato,4,9.25
699,38274,23011,Ice Cream Sandwiches Vanilla,1,7.17
699,27315,23011,The Original Biscuits,19,7.86
700,4149,185577,Frozen Organic Blueberries,4,11.59
703,12932,174262,Super Greens Veggie Burgers,1,9.93
704,24956,61148,Cafe Steamers Chicken Margherita,1,1.64
704,5183,61148,Sesame Chicken,1,8.44
704,42732,61148,Scope Complete Whitening Minty Fresh Liquid Gel Toothpaste,11,7.24
707,49352,22757,Natural Extra Sharp Cheddar Cheese,16,8.82
708,23039,1873,Fat Free Cream Cheese,16,1.3
708,16398,1873,Guava Goddess Organic Kambucha,7,1.59
711,32442,87889,Organic Original Tofu Veggie Burger,20,11.35
711,16759,87889,Organic Carrot Bunch,4,4.17
713,30751,107098,All-Purpose Flour,13,9.34
717,45007,137387,Organic Zucchini,4,5.08
718,14140,31957,Ultra Soft & Strong,17,1.65
718,18460,31957,Brussel Sprouts,4,3.07
722,890,69144,Organic Diced Tomatoes,15,1.35
722,18537,69144,Organic Navy Beans No Salt Added Fat Free,15,7.18
726,33120,57362,Organic Egg Whites,16,5.33
727,35042,175023,Black Beans,15,5.95
727,26172,175023,Light Sour Cream,16,7.26
727,19246,175023,Cranberry Juice Drink,7,4.38
728,48527,21456,Avocado,4,12.54
728,8138,21456,Traditional Hummus,20,2.75
728,12312,21456,Lavender Hand Soap,11,11.33
728,33709,21456,All Natural Medium Fire-Roasted Tomato & Jalapeno Salsa,13,4.1
729,18721,48968,"Baked Rice and Corn Puffs, Aged White Cheddar",19,2.22
729,32429,48968,Red Mango,4,3.5
729,27796,48968,Real Mayonnaise,13,0.97
732,49185,31513,Enriched Vanilla Rice Drink,16,10.01
732,5450,31513,Small Hass Avocado,4,5.77
734,781,74680,Organic Shredded Mild Cheddar,16,2.78
734,260,74680,Cantaloupe,4,3.01
735,44167,7358,Pacific Cooler Juice Drink,7,2.33
735,37940,7358,Original Strawberry Low Fat Yogurt,16,12.55
736,33231,55633,Mild Lean Turkey Breakfast Sausage,12,5.38
736,34969,55633,Red Vine Tomato,4,9.25
738,35042,173328,Black Beans,15,5.95
738,12250,173328,EF California White Basmati Eco-Farmed 2 lb Rice,9,8.48
739,26604,111451,Organic Blackberries,4,8.08
740,36086,6832,Philadelphia Original Cream Cheese,16,2.08
742,43621,150739,Chik'n Patties,1,12.48
742,36086,150739,Philadelphia Original Cream Cheese,16,2.08
742,48335,150739,Chocolate Brownie Energy Bar,19,11.61
742,45007,150739,Organic Zucchini,4,5.08
742,46802,150739,Pineapple Chunks,1,6.76
742,11068,150739,Medium Cheddar Cheese Block,16,1.9
744,27662,70318,Large Grade AA Cage Free Eggs,16,11.86
747,46673,18237,Ultra Original Scent Dishwashing Liquid,17,8.73
747,46887,18237,Windex Electronic Wipes,17,3.49
748,18159,116022,Organic Biologique Limes,4,5.06
749,29291,190318,Organic Mushroom Base,15,6.39
749,19003,190318,Celery,4,5.68
750,26209,71771,Limes,4,4.37
750,16759,71771,Organic Carrot Bunch,4,4.17
753,7963,22350,Gluten Free Whole Grain Bread,1,4.53
754,8138,6409,Traditional Hummus,20,2.75
754,31727,6409,"Organic Tomato Paste, No Salt Added",15,10.09
754,45007,6409,Organic Zucchini,4,5.08
754,27690,6409,Apple Cinnamon GoGo Squeez,19,6.29
754,18881,6409,Coconut Milk Vanilla Frozen Dessert,1,2.62
756,41921,26355,Frozen Mango Chunks,1,12.16
764,3318,21807,Cinnamon Swirl Raisin Bread,3,4.94
764,3651,21807,Dairy Pure Fresh Half & Half,16,5.99
765,45007,164956,Organic Zucchini,4,5.08
765,38274,164956,Ice Cream Sandwiches Vanilla,1,7.17
765,13851,164956,Organic Classic Sea Salt  Oven Crinkles Fries,1,4.93
767,47169,59476,100% O-J Juice,7,8.64
771,24830,73968,Organic Romaine,4,10.27
771,16070,73968,Organic Elmo Noodlemania Soup,15,1.52
771,35336,73968,Naked Green Machine Boosted Juice Smoothie,7,1.11
771,33810,73968,Citrus Dish Soap,17,9.69
771,42105,73968,Compostable Basket Coffee Filters,7,1.83
771,33120,73968,Organic Egg Whites,16,5.33
772,43409,99707,Frosted Mini-Wheats Original Cereal,14,12.46
772,39408,99707,Gala Apples,4,4.03
773,31801,159379,9 Inch Plates,17,4.1
775,32700,149156,Original Whipped Cream,16,0.94
775,10077,149156,with Olive Oil Mayonnaise Dressing,13,10.3
775,7751,149156,Tomato Ketchup,13,1.99
775,1700,149156,White Cheddar Popcorn,19,5.86
778,18963,113167,Apple Cider Vinegar,13,9.67
781,12779,142038,Spaghetti Squash,4,5.49
781,32277,142038,Cashew Milk Dark Chocolate Truffle Ice Cream,1,7.77
782,14437,174741,Total Greek Yogurt With Honey,16,6.44
782,22808,174741,Honey Lemon Throat Comfort Tea,7,6.09
782,26209,174741,Limes,4,4.37
783,47630,3671,Medium Navel Orange,4,5.6
783,13350,3671,Vine Ripened Golden Berries,19,2.45
784,45007,84440,Organic Zucchini,4,5.08
786,16874,14386,Chocolate Fudge Brownie Ice Cream,1,4.04
787,48907,139178,Garden Salad Mix,4,4.02
787,4006,139178,Hazelnut Spread With Skim Milk & Cocoa,13,4.62
787,42582,139178,Milk Chocolate Chips,13,2.4
789,13287,143268,Bistro Bowl Chicken Caesar Salad,4,7.49
790,28745,60800,Oven Roasted Turkey,20,7.99
792,19677,148306,Original Pure Creamy Almond Milk,16,6.4
794,40310,141026,Oven Roasted Turkey Breast,20,8.23
797,20670,174342,Organic Lentil Vegetable Soup,15,10.83
798,34969,111550,Red Vine Tomato,4,9.25
798,26604,111550,Organic Blackberries,4,8.08
799,17726,10600,Holiday Nog,7,1.61
800,33120,132856,Organic Egg Whites,16,5.33
800,32073,132856,Calms Nerve Tension Sleeplessness 4 GR. - 100 CT,2,5.73
800,3960,132856,Quietude Quick Dissolving Tablets,2,6.29
801,16445,146802,Honey Dijon Mustard,13,3.01
803,6069,8535,Maple Pumpkin Seeds with Sea Salt Chewy with a Crunch Granola Bars,19,7.32
804,7898,61834,Ginger Beer,7,2.12
808,18359,82414,Bag of Red Delicious Apples,4,2.76
809,890,59478,Organic Diced Tomatoes,15,1.35
810,16759,139365,Organic Carrot Bunch,4,4.17
811,47621,121906,Chocolate Strong Dark,19,6.39
812,26604,41934,Organic Blackberries,4,8.08
813,36070,28585,"Super Spinach! Baby Spinach, Baby Bok Choy, Sweet Baby Kale",4,4.34
813,43662,28585,"Yogurt, Strained Low-Fat, Coconut",16,11.87
814,43772,2777,Cherubs Heavenly Salad Tomatoes,4,1.15
815,41956,156505,Aduki Beans,15,6.63
817,260,50237,Cantaloupe,4,3.01
818,20674,164319,Golden Fries French Fried Potatoes,1,8.69
818,39459,164319,Multi Surface Antibacterial,17,1.52
818,44167,164319,Pacific Cooler Juice Drink,7,2.33
818,15276,164319,Strawberry Kiwi Juice,7,2.64
818,2493,164319,Wild Cherry Drink,7,6.21
822,12427,37613,Original Beef Jerky,19,3.08
825,41363,74842,Tofu Spring Roll,20,2.74
837,30320,89900,Craveables Four Cheese Pizza,1,8.71
838,7963,162374,Gluten Free Whole Grain Bread,1,4.53
839,35939,176212,Organic Jalapeno Pepper,4,9.93
840,10025,191973,Freeze Dried Strawberry Slices,1,8.24
841,42972,56904,Natural Pure Sparkling Water,7,4.77
842,11865,44062,Light & Lean Spaghetti Italiano with Meatless Meatballs,1,12.22
843,27554,166894,Gluten Free Blueberry Muffins,3,0.94
843,29270,166894,Beet Apple Carrot Lemon Ginger Organic Cold Pressed Juice Beverage,7,5.56
846,37067,7864,Organic Banana,4,10.85
847,260,121984,Cantaloupe,4,3.01
848,16759,73835,Organic Carrot Bunch,4,4.17
851,45007,37473,Organic Zucchini,4,5.08
851,24830,37473,Organic Romaine,4,10.27
853,49424,15634,Cereal Honey Bears,13,8.25
853,7533,15634,Low-Fat Strawberry Banana on the Bottom Greek Yogurt,16,6.64
855,20483,187038,Cherry Flavored Allergy,11,7.0
856,31342,146969,Organic SprouTofu Extra Firm Tofu,20,9.28
859,48878,103018,Kale & Sea Salt Popcorn,19,8.59
860,18159,114223,Organic Biologique Limes,4,5.06
860,8138,114223,Traditional Hummus,20,2.75
860,2002,114223,"The \""World's Best\"" Veggie Burger",1,0.89
860,45007,114223,Organic Zucchini,4,5.08
861,6568,35487,Snacks Mango,19,8.66
861,39844,35487,Mini Sweet Peppers,4,11.24
861,42240,35487,Ultra Soft Facial Tissues,17,12.0
861,15807,35487,Original Blue Painter's Tape,2,8.79
863,46802,146499,Pineapple Chunks,1,6.76
864,43772,22835,Cherubs Heavenly Salad Tomatoes,4,1.15
865,20869,34108,Yellow Potato,4,4.45
865,45007,34108,Organic Zucchini,4,5.08
866,43772,188071,Cherubs Heavenly Salad Tomatoes,4,1.15
866,18019,188071,Macaroni & Cheese Dinner Original Flavor,9,3.73
871,1335,198454,Stage 1 Just Butternut Squash Baby Food,18,5.8
871,14394,198454,"Hello Morning Blueberry, Banana & Quinoa Oatmeal",18,5.91
871,44787,198454,Stage 1 - Just Prunes,18,6.69
872,4149,113526,Frozen Organic Blueberries,4,11.59
872,23296,113526,Blueberry on the Bottom Nonfat Greek Yogurt,16,2.27
872,42372,113526,Pineapple on the Bottom Greek Yogurt,16,11.02
875,40268,94977,Organic Wheat-Free & Gluten-Free Original Crackers,19,3.71
876,34969,111344,Red Vine Tomato,4,9.25
876,3464,111344,"Organic Butterhead (Boston, Butter, Bibb) Lettuce",4,9.0
876,260,111344,Cantaloupe,4,3.01
877,30353,2609,Curate Cherry Lime Sparkling Water,7,1.86
881,44825,179601,Brown Rice Crisps,14,3.92
881,7963,179601,Gluten Free Whole Grain Bread,1,4.53
881,45007,179601,Organic Zucchini,4,5.08
882,5918,160538,Single Serve Cheese Pizza,1,7.61
882,24425,160538,"Freshly made pasta, rich meat sauce and Real Mozzarella cheese Lasagna with Meat & Sauce",1,8.56
886,13431,123819,Flaky Biscuits,13,1.83
888,40198,161885,Blueberry Yoghurt,16,8.81
888,31215,161885,Lemon Yogurt,16,10.41
888,38164,161885,Almonds & Sea Salt in Dark Chocolate,19,9.32
888,47621,161885,Chocolate Strong Dark,19,6.39
890,46656,28394,Butter Microwave Popcorn,19,2.35
890,27044,28394,Maple Almond Butter,13,8.9
891,42372,178864,Pineapple on the Bottom Greek Yogurt,16,11.02
891,26209,178864,Limes,4,4.37
892,39800,44995,Dark Chocolate Cherry Cashew Plus Antioxidants 1.4 oz Fruit & Nut Bars,19,3.11
893,34969,185084,Red Vine Tomato,4,9.25
893,44570,185084,Kale Greens,4,4.15
896,42736,173624,Unsalted Butter,16,9.28
896,27662,173624,Large Grade AA Cage Free Eggs,16,11.86
899,26209,28945,Limes,4,4.37
899,39408,28945,Gala Apples,4,4.03
900,4329,24019,Yellowfin Tuna in Pure Olive Oil,15,6.66
901,33120,160657,Organic Egg Whites,16,5.33
901,45210,160657,Organic Greek Lowfat Yogurt With Blueberries,16,5.69
901,42736,160657,Unsalted Butter,16,9.28
901,37067,160657,Organic Banana,4,10.85
903,26209,76103,Limes,4,4.37
905,260,76674,Cantaloupe,4,3.01
906,260,188977,Cantaloupe,4,3.01
906,5450,188977,Small Hass Avocado,4,5.77
906,36410,188977,Multigrain Pancake Batter,1,4.99
906,28745,188977,Oven Roasted Turkey,20,7.99
907,47141,10799,Cola,7,5.77
910,19173,126435,Orange Calcium & Vitamin D Pulp Free,7,11.11
912,26177,165294,Organic Honey Nut O's Cereal,14,3.76
914,32134,107093,Lactose Free Plain Kefir,16,3.11
916,5013,29494,Nutty for 'Nana Low-Fat Greek Yogurt,16,9.29
916,38471,29494,Protein Plus Rotini Pasta,9,4.25
917,4478,55154,Chocolate Fudge Brownie Frozen Yogurt,1,8.48
918,23216,55978,Fancy Shredded Cheese Italian Blend,16,0.89
921,32134,176010,Lactose Free Plain Kefir,16,3.11
921,12614,176010,Yellow Grape Tomatoes,4,1.39
921,12779,176010,Spaghetti Squash,4,5.49
923,35176,152807,Cream Cheese Cream Cheese Spread,16,3.27
924,49185,102115,Enriched Vanilla Rice Drink,16,10.01
924,12932,102115,Super Greens Veggie Burgers,1,9.93
925,38456,131093,Large Grapefruit,4,3.38
925,45007,131093,Organic Zucchini,4,5.08
927,26604,112606,Organic Blackberries,4,8.08
927,38456,112606,Large Grapefruit,4,3.38
927,4006,112606,Hazelnut Spread With Skim Milk & Cocoa,13,4.62
928,19938,142284,Extra Wide Egg Noodles,9,2.68
929,13431,147801,Flaky Biscuits,13,1.83
935,19677,87136,Original Pure Creamy Almond Milk,16,6.4
935,47792,87136,Organic Beans & Rice Cheddar Cheese Burrito,1,8.35
937,23046,70446,100% Natural No Salt Added Tomato Sauce,15,12.28
937,41729,70446,Sweet Grape Tomatoes,4,10.48
938,20842,118129,Total 0% Greek Yogurt,16,9.2
939,30353,66039,Curate Cherry Lime Sparkling Water,7,1.86
941,1194,134625,Natural Artisan Water,7,7.42
941,42404,134625,Multi Grain Waffles,1,12.48
942,2677,127773,Yerba Mate Sparkling Classic Gold,7,2.49
943,26209,182179,Limes,4,4.37
943,27662,182179,Large Grade AA Cage Free Eggs,16,11.86
944,25397,146752,Blasts! Reese's Peanut Butter Cups Frozen Dairy Dessert,1,4.9
944,3400,146752,Flip Pumpkin Harvest Crisp Lowfat Greek Yogurt,16,7.07
944,28990,146752,Curly Parsley Bunch,4,6.7
944,40310,146752,Oven Roasted Turkey Breast,20,8.23
944,22105,146752,Ultra Thin Sliced Provolone Cheese,16,2.41
948,18689,186227,Dairy-Free Chive Cream Cheese,16,10.12
948,28785,186227,Organic Tahini,13,8.89
948,16145,186227,Organic Cannellini Beans,15,5.1
949,38558,6141,Organic Low Fat Cottage Cheese,16,9.47
949,14486,6141,One Bun Multigrain Whole Grain Pita,3,6.73
949,781,6141,Organic Shredded Mild Cheddar,16,2.78
949,21614,6141,Crackers Harvest Whole Wheat,19,2.38
950,47141,187854,Cola,7,5.77
950,43772,187854,Cherubs Heavenly Salad Tomatoes,4,1.15
952,33575,86669,Dairy Free French Vanilla Coconut Milk Creamer,16,8.48
954,42240,62287,Ultra Soft Facial Tissues,17,12.0
954,17678,62287,Large Pitted California Ripe Olives,13,4.03
955,48907,74315,Garden Salad Mix,4,4.02
955,32888,74315,Simply Clean Baby Wipes,18,11.78
956,39408,114097,Gala Apples,4,4.03
957,890,161508,Organic Diced Tomatoes,15,1.35
961,42680,92385,Chunky Chocolate Chip Flax Muffins,3,10.77
962,26604,183334,Organic Blackberries,4,8.08
964,890,22986,Organic Diced Tomatoes,15,1.35
964,16145,22986,Organic Cannellini Beans,15,5.1
965,34969,100993,Red Vine Tomato,4,9.25
966,47966,118986,Old Fashioned Rolled Oats,14,2.74
966,8138,118986,Traditional Hummus,20,2.75
969,23619,37701,Brownie Crunch Bar Dark Chocolate,19,1.61
970,46802,119437,Pineapple Chunks,1,6.76
970,890,119437,Organic Diced Tomatoes,15,1.35
970,45007,119437,Organic Zucchini,4,5.08
970,20842,119437,Total 0% Greek Yogurt,16,9.2
971,35470,179837,Water Mineral,7,11.28
973,41367,30997,Frosted Mini-Wheats Blueberry Cereal,14,9.1
973,43768,30997,Organic Bell Pepper,4,2.4
974,45007,170580,Organic Zucchini,4,5.08
976,43768,174934,Organic Bell Pepper,4,2.4
976,5450,174934,Small Hass Avocado,4,5.77
977,5902,24034,"Rice Crackers, Original",19,10.11
977,19799,24034,Flackers Dill Flax Seed Crackers,19,3.15
977,21614,24034,Crackers Harvest Whole Wheat,19,2.38
977,23630,24034,Multi-Seed Original Crackers,19,4.37
978,26209,175330,Limes,4,4.37
978,35948,175330,Tonic Water,7,7.7
984,16744,180098,Peanut & Gluten Free Smooth Almond Butter,13,8.17
987,45099,170433,Steak Fries Thick-Cut French Fried Potatoes,1,3.87
987,11740,170433,Boneless Skinless Thighs,12,9.97
987,16759,170433,Organic Carrot Bunch,4,4.17
989,45076,119114,Slow Churned Light Ice Cream Cookies 'N Cream,1,9.56
992,26604,133810,Organic Blackberries,4,8.08
993,45007,63498,Organic Zucchini,4,5.08
993,1194,63498,Natural Artisan Water,7,7.42
993,34969,63498,Red Vine Tomato,4,9.25
993,38266,63498,Fresh Basil,4,10.07
993,42736,63498,Unsalted Butter,16,9.28
999,5445,71917,Protein Zone Protein Juice Smoothie,7,5.82
999,4289,71917,15 Calories Light Lemonade,7,8.58
1002,16744,95296,Peanut & Gluten Free Smooth Almond Butter,13,8.17
1002,16759,95296,Organic Carrot Bunch,4,4.17
1002,45007,95296,Organic Zucchini,4,5.08
1005,33120,108796,Organic Egg Whites,16,5.33
1006,9075,67459,Zero Rise Orange,7,1.6
1006,24571,67459,Tomato and Basil Pasta Sauce,9,10.32
1009,11865,119028,Light & Lean Spaghetti Italiano with Meatless Meatballs,1,12.22
1009,37055,119028,Organic Cheesy Ravioli,15,10.77
1010,6104,20038,Whole Milk Plain Yogurt,16,1.76
1014,21949,29482,White Cheddar Semisoft Cheese,16,9.24
1014,23296,29482,Blueberry on the Bottom Nonfat Greek Yogurt,16,2.27
1014,1940,29482,Organic 2% Reduced Fat Milk,16,1.23
1017,781,64475,Organic Shredded Mild Cheddar,16,2.78
1018,28577,134226,No Pulp Orange Juice,7,4.27
1018,3631,134226,Organic Whole Milk French Vanilla Yogurt,16,1.49
1018,6104,134226,Whole Milk Plain Yogurt,16,1.76
1019,39225,136972,Golden Fishless Filet,1,3.02
1019,37055,136972,Organic Cheesy Ravioli,15,10.77
1019,30696,136972,Eggo Homestyle Waffles,1,6.45
1019,30052,136972,Soft & Chewy Strawberry Newtons,21,8.37
1022,10761,61516,Organic Yokids Lemonade/Blueberry Variety Pack Yogurt Squeezers Tubes,16,4.56
1022,24830,61516,Organic Romaine,4,10.27
1022,19938,61516,Extra Wide Egg Noodles,9,2.68
1024,6933,49413,Strained Whole-Milk Yogurt Blueberry,16,11.85
1024,2962,49413,"Milk, Reduced Fat, 2% Milkfat",16,8.89
1024,5450,49413,Small Hass Avocado,4,5.77
1026,19677,176704,Original Pure Creamy Almond Milk,16,6.4
1027,7751,3357,Tomato Ketchup,13,1.99
1027,1919,3357,Diet Mountain Zevia Soda,7,5.14
1029,28465,171677,Icelandic Style Skyr Blueberry Non-fat Yogurt,16,8.32
1030,12832,32227,Extra Fresh Body Wash with Pump,11,9.58
1031,46847,36181,Quick Cooking Rolled Oats Irish Oatmeal,14,6.01
1036,30827,8547,Seedless Cucumbers,4,5.22
1036,1000,8547,Apricots,10,1.27
1037,26209,54482,Limes,4,4.37
1038,49247,14857,Coconut Yoghurt,16,4.8
1039,45007,60528,Organic Zucchini,4,5.08
1041,47630,144897,Medium Navel Orange,4,5.6
1043,26209,204335,Limes,4,4.37
1043,38558,204335,Organic Low Fat Cottage Cheese,16,9.47
1045,44570,115788,Kale Greens,4,4.15
1046,19972,199182,Semi-Sweet Chocolate Morsels,13,2.43
1047,49667,102989,Enchilada with Spanish Rice & Beans Meal,1,10.34
1047,31461,102989,Cheese Tamale Verde,1,11.15
1047,14870,102989,Icelandic Style Fat Free Plain Yogurt,16,4.27
1048,26209,25873,Limes,4,4.37
1050,1940,65532,Organic 2% Reduced Fat Milk,16,1.23
1050,39408,65532,Gala Apples,4,4.03
1052,22504,2262,Organic Mountain Forest Amber Honey,13,2.16
1054,23630,83602,Multi-Seed Original Crackers,19,4.37
1059,18423,161928,Thin Spaghetti,9,1.6
1059,4972,161928,Mediterranean Fine Sea Salt,13,5.27
1060,16759,113344,Organic Carrot Bunch,4,4.17
1060,26209,113344,Limes,4,4.37
1060,45007,113344,Organic Zucchini,4,5.08
1065,27662,41498,Large Grade AA Cage Free Eggs,16,11.86
1065,48144,41498,Tater Tots,1,1.22
1065,5450,41498,Small Hass Avocado,4,5.77
1066,34969,94859,Red Vine Tomato,4,9.25
1069,11950,200013,Madagascar Vanilla Ice Cream,1,3.42
1069,22504,200013,Organic Mountain Forest Amber Honey,13,2.16
1072,33746,94499,Simply Stock Organic Vegetable Unsalted Stock,15,11.09
1073,47621,42550,Chocolate Strong Dark,19,6.39
1073,8866,42550,Organic White Chocolate Peanut Butter Cups,19,4.23
1074,19003,73862,Celery,4,5.68
1075,11865,104725,Light & Lean Spaghetti Italiano with Meatless Meatballs,1,12.22
1080,47792,165704,Organic Beans & Rice Cheddar Cheese Burrito,1,8.35
1080,26604,165704,Organic Blackberries,4,8.08
1082,14378,14777,Finocchiona Salami,20,7.26
1083,24535,107844,Plain Whole Milk Yogurt,16,6.17
1085,13780,55911,Thyme,4,10.2
1087,34256,174133,Organic Milk Coffee,1,10.87
1093,47893,13326,Steel Cut Irish Oatmeal,14,4.81
1094,5258,68325,Sparkling Water,7,10.95
1094,7120,68325,Organic Whole Wheat Sourdough Bread,3,7.86
1094,21506,68325,Organic Raisin Bran Cereal,14,2.69
1095,27662,51753,Large Grade AA Cage Free Eggs,16,11.86
1096,18027,13596,Ezekiel 4:9 Bread Organic Sprouted Whole Grain,3,11.3
1097,13772,30502,Cherry Garcia Frozen Yogurt,1,12.07
1097,26209,30502,Limes,4,4.37
1097,33120,30502,Organic Egg Whites,16,5.33
1099,5258,199528,Sparkling Water,7,10.95
1100,45007,122937,Organic Zucchini,4,5.08
1102,22348,108891,Organic Campari Tomatoes,4,1.07
1105,26209,76173,Limes,4,4.37
1105,23765,76173,Organic Smoked Turkey Breast,20,10.28
1106,26209,69483,Limes,4,4.37
1107,24532,38259,Cranberry Almond Chicken Salad,3,2.66
1107,28413,38259,Bunny-Luv Organic Carrots,4,7.3
1108,39408,14437,Gala Apples,4,4.03
1113,16145,111083,Organic Cannellini Beans,15,5.1
1113,48595,111083,Organic Wheat Square Crackers,19,9.0
1115,16874,168014,Chocolate Fudge Brownie Ice Cream,1,4.04
1115,25393,168014,"Heavy Duty 12\"" Aluminium Foil",17,8.6
1117,12640,150553,Sport Bottle with Flip Cap Natural Spring Water,7,4.94
1121,7185,84047,Rosemary Mini Croccantini,19,4.79
1121,5450,84047,Small Hass Avocado,4,5.77
1121,44787,84047,Stage 1 - Just Prunes,18,6.69
1125,22504,138241,Organic Mountain Forest Amber Honey,13,2.16
1126,46562,43502,Sweet & Salty Nut Granola Bars Peanut,19,3.56
1129,12061,180877,Scar Treatment Sheets,11,8.5
1131,14645,69580,De Mexico,7,11.72
1133,43662,85829,"Yogurt, Strained Low-Fat, Coconut",16,11.87
1135,28745,201623,Oven Roasted Turkey,20,7.99
1135,43768,201623,Organic Bell Pepper,4,2.4
1135,45007,201623,Organic Zucchini,4,5.08
1136,26209,175771,Limes,4,4.37
1136,5450,175771,Small Hass Avocado,4,5.77
1137,20842,77155,Total 0% Greek Yogurt,16,9.2
1138,25705,78752,Butterhead Lettuce,4,0.98
1141,20463,53240,Organic Fat-Free Milk,16,1.48
1141,37249,53240,Vanilla Bliss Ultra Moisturizing Shave Cream,11,6.14
1141,44368,53240,Fresh Mozzarella Cheese,16,11.12
1144,39408,124092,Gala Apples,4,4.03
1147,31912,128678,Avocado Oil,13,1.61
1148,37067,81628,Organic Banana,4,10.85
1148,5450,81628,Small Hass Avocado,4,5.77
1148,42736,81628,Unsalted Butter,16,9.28
1148,45007,81628,Organic Zucchini,4,5.08
1149,23783,60219,"Almond Coconut Bar, Organic",19,2.09
1150,13733,108845,Red Potatoes,4,4.73
1152,5013,186478,Nutty for 'Nana Low-Fat Greek Yogurt,16,9.29
1152,15820,186478,Cafe Cuisine Sesame Chicken,1,4.26
1152,1194,186478,Natural Artisan Water,7,7.42
1153,18460,73225,Brussel Sprouts,4,3.07
1153,16754,73225,Flip PB&J Low-Fat Greek Yogurt,16,4.76
1155,25,103747,Salted Caramel Lean Protein & Fiber Bar,19,5.44
1155,7244,103747,Sliced Mangos,4,4.52
1156,26209,21237,Limes,4,4.37
1156,26604,21237,Organic Blackberries,4,8.08
1157,18656,7404,Organic Red Potato,4,1.93
1158,42404,27661,Multi Grain Waffles,1,12.48
1158,26209,27661,Limes,4,4.37
1158,34969,27661,Red Vine Tomato,4,9.25
1159,46820,196665,Vanilla Pure Almond Milk,16,11.94
1160,28584,191063,"Dandelion Root, 525 mg, Capsules",11,2.71
1164,24535,140309,Plain Whole Milk Yogurt,16,6.17
1164,47966,140309,Old Fashioned Rolled Oats,14,2.74
1164,44697,140309,Natural Sharp Cheddar Cheese,16,1.79
1165,46820,111853,Vanilla Pure Almond Milk,16,11.94
1165,10166,111853,Almond Milk Cookies N' Cream Non-Dairy Frozen Dessert,1,2.02
1168,28745,155694,Oven Roasted Turkey,20,7.99
1168,11233,155694,100% Whole Wheat Pre-Sliced Sandwich Thins,3,5.2
1171,26604,100330,Organic Blackberries,4,8.08
1171,2962,100330,"Milk, Reduced Fat, 2% Milkfat",16,8.89
1171,2677,100330,Yerba Mate Sparkling Classic Gold,7,2.49
1171,6583,100330,Oraganic Lemon Elation Yerba Mate Drink,7,3.93
1171,3913,100330,Original Unfiltered Ginger Ale,7,2.84
1172,26629,170987,Cherry Pie Fruit & Nut Bar,19,1.38
1172,2452,170987,Naturals Chicken Nuggets,1,1.24
1172,35176,170987,Cream Cheese Cream Cheese Spread,16,3.27
1173,40789,20829,Soy Free Buttery Sticks,16,2.91
1175,46990,63409,Ground Buffalo,12,10.44
1175,8311,63409,Sheep Milk Yogurt Vanilla,16,6.98
1175,41860,63409,Sea Salt Baked Potato Chips,19,5.7
1175,38979,63409,Gluten Free Crackers Cheddar,19,3.95
1176,32578,172748,Organic Fresh Squeezed Orange Juice,7,6.19
1177,16759,196941,Organic Carrot Bunch,4,4.17
1182,5258,126186,Sparkling Water,7,10.95
1183,890,110064,Organic Diced Tomatoes,15,1.35
1183,31912,110064,Avocado Oil,13,1.61
1184,31215,96952,Lemon Yogurt,16,10.41
1184,16207,96952,Original Sparkling Seltzer Water,7,5.95
1186,36086,95557,Philadelphia Original Cream Cheese,16,2.08
1188,5918,59458,Single Serve Cheese Pizza,1,7.61
1190,11707,83869,Peanut Butter Chocolate Chip Macrobar,19,8.92
1190,39450,83869,Oragnic Ginger Lemon Kombucha,7,12.13
1193,33120,113928,Organic Egg Whites,16,5.33
1193,15835,113928,Apricot + Vanilla Hand Soap,11,8.81
1196,5068,89379,Cauliflower Florets,4,5.04
1196,13250,89379,Double Protein Oatmeal English Muffins,3,5.92
1196,6121,89379,Broccoli Medley,4,5.94
1202,26209,111802,Limes,4,4.37
1205,15842,132844,Dairy Free Coconut Milk Yogurt Alternative,16,7.67
1205,44292,132844,Premium Unsweetened Iced Tea,7,7.57
1205,7598,132844,Organic Unsweetened Creamy Cashewmilk,16,8.56
1205,43821,132844,1 Apple + 1 Mango Fruit Bar,19,4.67
1207,45007,36502,Organic Zucchini,4,5.08
1207,1940,36502,Organic 2% Reduced Fat Milk,16,1.23
1207,5450,36502,Small Hass Avocado,4,5.77
1207,42240,36502,Ultra Soft Facial Tissues,17,12.0
1210,30229,153514,Extra Clean Medium Toothbrush,11,12.14
1212,5450,41479,Small Hass Avocado,4,5.77
1212,3464,41479,"Organic Butterhead (Boston, Butter, Bibb) Lettuce",4,9.0
1212,32578,41479,Organic Fresh Squeezed Orange Juice,7,6.19
1214,37067,70910,Organic Banana,4,10.85
1214,26209,70910,Limes,4,4.37
1216,26209,20038,Limes,4,4.37
1216,6104,20038,Whole Milk Plain Yogurt,16,1.76
1217,38226,117203,Dark Chocolate Chips,19,2.18
1218,27554,18633,Gluten Free Blueberry Muffins,3,0.94
1218,19677,18633,Original Pure Creamy Almond Milk,16,6.4
1218,28785,18633,Organic Tahini,13,8.89
1218,26209,18633,Limes,4,4.37
1218,35939,18633,Organic Jalapeno Pepper,4,9.93
1220,34969,23475,Red Vine Tomato,4,9.25
1220,449,23475,Chips Ahoy! Chewy Cookies,19,9.39
1220,37067,23475,Organic Banana,4,10.85
1220,38439,23475,Mara Natha Organic Peanut Butter Creamy,13,12.09
1220,22920,23475,Roasted & Salted Shelled Pistachios,19,7.88
1226,16759,111926,Organic Carrot Bunch,4,4.17
1227,28465,147834,Icelandic Style Skyr Blueberry Non-fat Yogurt,16,8.32
1230,2677,21240,Yerba Mate Sparkling Classic Gold,7,2.49
1230,23554,21240,Organic Vanilla Bean Ice Cream,1,6.65
1232,36914,138638,Organic Gravenstein Apple Juice,7,7.39
1233,46802,121701,Pineapple Chunks,1,6.76
1234,41259,161232,Poblano Pepper,4,10.56
1235,38456,6362,Large Grapefruit,4,3.38
1238,12466,77115,Alkaline C Batteries,17,10.79
1239,48099,72163,Truffle Parmesan Macaroni & Cheese Bowl,1,9.05
1241,32115,125220,93/7 Ground Beef,2,12.26
1241,47966,125220,Old Fashioned Rolled Oats,14,2.74
1241,5450,125220,Small Hass Avocado,4,5.77
1241,26209,125220,Limes,4,4.37
1241,43183,125220,Deli Fresh Shaved Smoked Turkey Breast,20,12.45
1242,6104,78359,Whole Milk Plain Yogurt,16,1.76
1242,46802,78359,Pineapple Chunks,1,6.76
1243,2822,158320,Organic Creamy Raw Almond Butter,13,4.11
1243,11068,158320,Medium Cheddar Cheese Block,16,1.9
1245,41860,101396,Sea Salt Baked Potato Chips,19,5.7
1245,5450,101396,Small Hass Avocado,4,5.77
1248,5450,15959,Small Hass Avocado,4,5.77
1248,7120,15959,Organic Whole Wheat Sourdough Bread,3,7.86
1250,20815,34535,Unsalted 65%  Vegetable Oil Spread,16,7.77
1251,22504,80605,Organic Mountain Forest Amber Honey,13,2.16
1251,23554,80605,Organic Vanilla Bean Ice Cream,1,6.65
1253,42404,148510,Multi Grain Waffles,1,12.48
1254,48144,152654,Tater Tots,1,1.22
1256,27227,169792,Pumpkin Seed Cheddar Crispbreads,19,3.01
1256,19677,169792,Original Pure Creamy Almond Milk,16,6.4
1260,20899,38720,Goo Berry Pie Probugs Kefir,16,6.29
1262,19906,174680,Fresh Whole White Mushrooms,4,2.73
1263,1194,85477,Natural Artisan Water,7,7.42
1263,36070,85477,"Super Spinach! Baby Spinach, Baby Bok Choy, Sweet Baby Kale",4,4.34
1265,7079,12016,Organic Alfalfa Sprouts,4,7.88
1265,2962,12016,"Milk, Reduced Fat, 2% Milkfat",16,8.89
1266,43183,193104,Deli Fresh Shaved Smoked Turkey Breast,20,12.45
1268,4232,148618,"Ambrosia, Medium Roast",7,7.31
1268,38456,148618,Large Grapefruit,4,3.38
1268,43768,148618,Organic Bell Pepper,4,2.4
1269,42612,163790,Pineapple Coconut Water 100% Juice,7,8.7
1269,45599,163790,Organic Strawberry Lemonade Fruit Juice Drink,7,6.8
1269,13241,163790,Premium Double Chocolate Hot Cocoa,7,12.04
1271,28465,189408,Icelandic Style Skyr Blueberry Non-fat Yogurt,16,8.32
1271,14870,189408,Icelandic Style Fat Free Plain Yogurt,16,4.27
1272,26209,179790,Limes,4,4.37
1273,7963,155496,Gluten Free Whole Grain Bread,1,4.53
1273,23054,155496,Whole Wheat Sourdough,3,2.06
1276,18471,145407,Organic Light Agave Nectar,13,0.93
1276,35939,145407,Organic Jalapeno Pepper,4,9.93
1276,14027,145407,Smoothing Sea Kelp Conditioner,11,11.84
1278,42475,78529,Unsalted Butter Quarters,16,2.61
1279,27277,162093,Organic Stage 1 First Sweet Potatoes,18,1.11
1279,31215,162093,Lemon Yogurt,16,10.41
1282,40055,170010,Unbleached Bread Flour,13,11.91
1282,13780,170010,Thyme,4,10.2
1282,38266,170010,Fresh Basil,4,10.07
1283,18902,45006,Lemon Sorbet,1,1.61
1283,18159,45006,Organic Biologique Limes,4,5.06
1286,39450,203218,Oragnic Ginger Lemon Kombucha,7,12.13
1286,34969,203218,Red Vine Tomato,4,9.25
1286,5450,203218,Small Hass Avocado,4,5.77
1287,26604,163734,Organic Blackberries,4,8.08
1287,18435,163734,50% Less Sodium Garbanzo Beans,15,10.51
1287,34969,163734,Red Vine Tomato,4,9.25
1287,16759,163734,Organic Carrot Bunch,4,4.17
1287,39408,163734,Gala Apples,4,4.03
1287,6244,163734,Club Soda Lower Sodium,7,5.76
1287,44697,163734,Natural Sharp Cheddar Cheese,16,1.79
1290,27315,157907,The Original Biscuits,19,7.86
1290,19548,157907,Organic Lightly Roasted Crunchy Peanut Butter,13,1.58
1290,3699,157907,"Chard, Green, New England Grown",4,11.17
1292,34969,169988,Red Vine Tomato,4,9.25
1292,3464,169988,"Organic Butterhead (Boston, Butter, Bibb) Lettuce",4,9.0
1293,26209,10291,Limes,4,4.37
1295,19677,138586,Original Pure Creamy Almond Milk,16,6.4
1296,24535,135521,Plain Whole Milk Yogurt,16,6.17
1297,7533,152931,Low-Fat Strawberry Banana on the Bottom Greek Yogurt,16,6.64
1299,26604,46546,Organic Blackberries,4,8.08
1299,43768,46546,Organic Bell Pepper,4,2.4
1300,33120,29456,Organic Egg Whites,16,5.33
1302,5013,159695,Nutty for 'Nana Low-Fat Greek Yogurt,16,9.29
1302,35034,159695,Peppermint Sugar Free Gum,19,6.12
1302,4714,159695,Dark Chocolate Crunch,19,5.55
1305,26665,60067,Tandoor Baked Naan,3,8.66
1306,890,72084,Organic Diced Tomatoes,15,1.35
1308,42972,79059,Natural Pure Sparkling Water,7,4.77
1308,31342,79059,Organic SprouTofu Extra Firm Tofu,20,9.28
1316,18471,29227,Organic Light Agave Nectar,13,0.93
1316,34430,29227,Sea Salt & Vinegar Kettle Cooked Potato Chips,19,8.83
1321,33709,143316,All Natural Medium Fire-Roasted Tomato & Jalapeno Salsa,13,4.1
1322,26209,125652,Limes,4,4.37
1323,1194,174389,Natural Artisan Water,7,7.42
1323,43577,174389,2-Ply Facial Tissue,17,1.26
1324,39046,8747,Smok Cured Turkey Bacon,12,6.84
1326,30827,17575,Seedless Cucumbers,4,5.22
1327,16759,187653,Organic Carrot Bunch,4,4.17
1327,26172,187653,Light Sour Cream,16,7.26
1327,15860,187653,Natural Apple Sauce Cups,15,8.98
1330,20899,46800,Goo Berry Pie Probugs Kefir,16,6.29
1330,1970,46800,Chicken Enchiladas,1,11.9
1331,19677,100835,Original Pure Creamy Almond Milk,16,6.4
1333,13249,103354,Skim Milk,16,9.33
1333,40310,103354,Oven Roasted Turkey Breast,20,8.23
1341,40523,90996,Blooming Jasmine French Milled Oval Soap,11,10.69
1345,16630,112526,Cough & Chest Congestion Chestal Honey Cough Syrup,11,2.93
1347,16759,173871,Organic Carrot Bunch,4,4.17
1348,36070,44705,"Super Spinach! Baby Spinach, Baby Bok Choy, Sweet Baby Kale",4,4.34
1349,12614,134597,Yellow Grape Tomatoes,4,1.39
1349,10761,134597,Organic Yokids Lemonade/Blueberry Variety Pack Yogurt Squeezers Tubes,16,4.56
1351,33602,109537,Sweet White Miso,6,4.46
1353,7533,167461,Low-Fat Strawberry Banana on the Bottom Greek Yogurt,16,6.64
1354,10388,188187,Classic Mixed Vegetables,1,11.96
1354,47966,188187,Old Fashioned Rolled Oats,14,2.74
1355,45064,190207,Honey Wheat Bread,3,1.52
1355,10761,190207,Organic Yokids Lemonade/Blueberry Variety Pack Yogurt Squeezers Tubes,16,4.56
1355,35042,190207,Black Beans,15,5.95
1356,36619,122803,Pure Goat Milk Herb Chabis Cheese,16,8.5
1356,43768,122803,Organic Bell Pepper,4,2.4
1357,6979,166021,S'mores,19,7.11
1357,405,166021,100% Organic Diced Tomatoes,15,2.11
1357,46990,166021,Ground Buffalo,12,10.44
1360,18027,176108,Ezekiel 4:9 Bread Organic Sprouted Whole Grain,3,11.3
1361,35271,92817,100% Colombian Ground Medium Dark Coffee,7,2.54
1363,34969,43813,Red Vine Tomato,4,9.25
1364,49026,178395,Plain Almond Milk Yogurt,16,12.26
1366,26209,32257,Limes,4,4.37
1369,10867,53694,Delight Sea Salt Popcorn,19,9.58
1370,16145,44922,Organic Cannellini Beans,15,5.1
1371,40310,60126,Oven Roasted Turkey Breast,20,8.23
1371,24830,60126,Organic Romaine,4,10.27
1371,38164,60126,Almonds & Sea Salt in Dark Chocolate,19,9.32
1374,40362,139982,Ultra Plush White Mega Rolls,21,4.09
1375,32134,5801,Lactose Free Plain Kefir,16,3.11
1376,45007,45746,Organic Zucchini,4,5.08
1379,39781,193796,Original 7 Grain Crackers,19,6.08
1379,33911,193796,Zero Calorie Cream Soda,7,7.55
1379,38439,193796,Mara Natha Organic Peanut Butter Creamy,13,12.09
1380,45224,204007,Fior Di Latte Mozzarella,16,7.17
1381,28698,10627,Asian Noodle Salad,20,1.65
1382,19173,175765,Orange Calcium & Vitamin D Pulp Free,7,11.11
1382,33810,175765,Citrus Dish Soap,17,9.69
1383,26172,164019,Light Sour Cream,16,7.26
1383,38164,164019,Almonds & Sea Salt in Dark Chocolate,19,9.32
1383,17526,164019,70% Dark Chocolate Salted Almond Bar,19,7.64
1384,43821,198120,1 Apple + 1 Mango Fruit Bar,19,4.67
1384,47630,198120,Medium Navel Orange,4,5.6
1385,33135,121055,Organic Blueberry Kefir,16,8.24
1387,36114,161686,Angel Sweet Tomatoes,4,4.31
1387,42736,161686,Unsalted Butter,16,9.28
1387,39800,161686,Dark Chocolate Cherry Cashew Plus Antioxidants 1.4 oz Fruit & Nut Bars,19,3.11
1388,43409,32317,Frosted Mini-Wheats Original Cereal,14,12.46
1388,37067,32317,Organic Banana,4,10.85
1388,20708,32317,Traditional New England Clam Chowder Soup,15,8.29
1391,28413,170261,Bunny-Luv Organic Carrots,4,7.3
1393,343,153351,Organic Whole Peeled Baby Carrots,4,5.78
1393,28431,153351,Light Sodium Mexican Casserole Bowl,1,7.76
1393,40310,153351,Oven Roasted Turkey Breast,20,8.23
1396,42345,146361,Baby Food Pouch - Roasted Carrot Spinach & Beans,18,4.39
1397,26209,104508,Limes,4,4.37
1397,260,104508,Cantaloupe,4,3.01
1398,34969,94384,Red Vine Tomato,4,9.25
1398,1940,94384,Organic 2% Reduced Fat Milk,16,1.23
1398,717,94384,Sweeper Open Window Fresh Scent Wet Mopping Cloths Refill,17,4.92
1400,39196,75362,Skinny Dipped Dark Chocolate Almonds,19,6.8
1402,33897,48256,Chicken Wings,12,5.64
1403,19393,178298,Balsamic Dressing & Marinade,13,6.62
1407,30320,189234,Craveables Four Cheese Pizza,1,8.71
1409,45007,146361,Organic Zucchini,4,5.08
1410,26209,93305,Limes,4,4.37
1412,343,165375,Organic Whole Peeled Baby Carrots,4,5.78
1414,10369,187458,Organic Genoa Salami,20,2.35
1415,49518,180454,Thai Green Curry,1,6.97
1419,26604,59784,Organic Blackberries,4,8.08
1419,42736,59784,Unsalted Butter,16,9.28
1421,30827,142664,Seedless Cucumbers,4,5.22
1421,19828,142664,Red Delicious Apples,4,5.14
1425,21506,2593,Organic Raisin Bran Cereal,14,2.69
1425,42736,2593,Unsalted Butter,16,9.28
1425,43421,2593,"Little Yums Spinach, Apple, and Kale Teething Wafers",18,5.55
1425,39442,2593,Hot Kid Toddler Mum-Mum Organic Rice Biscuit Strawberry,18,5.4
1426,20518,205267,"Club Delight Sausage, Egg, & Cheese Sandwiches",12,0.91
1426,26604,205267,Organic Blackberries,4,8.08
1427,12427,18981,Original Beef Jerky,19,3.08
1428,31954,71422,Broccoli Slaw,4,9.4
1428,47630,71422,Medium Navel Orange,4,5.6
1431,39046,10580,Smok Cured Turkey Bacon,12,6.84
1431,36170,10580,Reduced Fat Original Baked Snack Crackers,19,1.11
1432,7751,185488,Tomato Ketchup,13,1.99
1434,4163,127049,Spanish Rice Pilaf Mix,9,7.87
1437,31087,85028,Whole Kernel Corn No Salt Added,15,2.25
1444,1940,19038,Organic 2% Reduced Fat Milk,16,1.23
1444,40974,19038,Chopped Garlic,13,6.81
1448,42500,80879,Orange & Lemon Flavor Variety Pack Sparkling Fruit Beverage,7,6.51
1449,24062,55044,Flourless  Sprouted Whole Grain 7-Sprouted Grains English Muffins,3,4.68
1452,46820,72231,Vanilla Pure Almond Milk,16,11.94
1453,1335,70298,Stage 1 Just Butternut Squash Baby Food,18,5.8
1453,1025,70298,Organic Fresh Basil,4,11.34
1453,42345,70298,Baby Food Pouch - Roasted Carrot Spinach & Beans,18,4.39
1453,44787,70298,Stage 1 - Just Prunes,18,6.69
1453,1356,70298,"Sweet Potato, White Beans & Cinnamon Stage 2",18,8.47
1455,1199,31562,YoTot Organic Raspberry Pear Yogurt,16,7.17
1455,45007,31562,Organic Zucchini,4,5.08
1457,37754,111984,Organic Blended Raspberry Whole Milk Greek Yogurt,16,4.34
1457,41806,111984,Organic Greek Whole Milk Blended Strawberry Yogurt,16,7.97
1457,4809,111984,Greek Whole Milk Blended Blueberry Yogurt,16,6.38
1457,1025,111984,Organic Fresh Basil,4,11.34
1461,1269,39929,of Norwich Original English Mustard Powder Double Superfine,13,9.31
1461,781,39929,Organic Shredded Mild Cheddar,16,2.78
1461,7963,39929,Gluten Free Whole Grain Bread,1,4.53
1462,5450,191343,Small Hass Avocado,4,5.77
1462,2962,191343,"Milk, Reduced Fat, 2% Milkfat",16,8.89
1464,16398,138304,Guava Goddess Organic Kambucha,7,1.59
1467,48335,109873,Chocolate Brownie Energy Bar,19,11.61
1470,45607,96650,Butter Cooking Spray,13,3.56
1474,7893,51308,Gluten-Free Lemon Wafers,19,4.11
1474,43044,51308,Shirataki Rice,9,1.8
1474,49232,51308,Fettuccini Noodles,9,2.67
1475,17044,27642,French Baguette,3,6.85
1476,34969,172032,Red Vine Tomato,4,9.25
1476,44570,172032,Kale Greens,4,4.15
1476,33021,172032,Reserve Cheddar Cheese,16,4.15
1476,31564,172032,Crackers,19,1.11
1480,41785,203085,Organic Nine Mixed Grain Bread,1,4.1
1482,26629,149909,Cherry Pie Fruit & Nut Bar,19,1.38
1484,2452,54292,Naturals Chicken Nuggets,1,1.24
1484,49273,54292,Light and Lean Quinoa Black Beans with Butternut Squash and Chard,1,1.34
1485,12955,187589,"Super Foods/Organic Apples, Spinach, Peas & Broccoli + Super Chia Snack Pouch",18,3.05
1486,48595,94732,Organic Wheat Square Crackers,19,9.0
1489,36070,102380,"Super Spinach! Baby Spinach, Baby Bok Choy, Sweet Baby Kale",4,4.34
1489,18027,102380,Ezekiel 4:9 Bread Organic Sprouted Whole Grain,3,11.3
1489,26604,102380,Organic Blackberries,4,8.08
1492,38456,120319,Large Grapefruit,4,3.38
1493,3464,132566,"Organic Butterhead (Boston, Butter, Bibb) Lettuce",4,9.0
1496,1025,132057,Organic Fresh Basil,4,11.34
1497,28748,178918,Nuggets Assortment,19,6.86
1497,6898,178918,"Green Tea, Organic",7,3.75
1498,5866,27801,Bianco Organic Whole Peeled Tomatos,15,8.01
1498,33257,27801,Original Recipe Chocolate Pudding,16,10.45
1498,890,27801,Organic Diced Tomatoes,15,1.35
1500,28578,162652,Brown Ale,5,7.76
1501,32923,37187,Organic Triple Berry Blend,1,11.94
1502,26209,175768,Limes,4,4.37
1502,49247,175768,Coconut Yoghurt,16,4.8
1502,26604,175768,Organic Blackberries,4,8.08
1503,2452,199594,Naturals Chicken Nuggets,1,1.24
1503,41363,199594,Tofu Spring Roll,20,2.74
1503,49273,199594,Light and Lean Quinoa Black Beans with Butternut Squash and Chard,1,1.34
1504,38164,22698,Almonds & Sea Salt in Dark Chocolate,19,9.32
1504,44292,22698,Premium Unsweetened Iced Tea,7,7.57
1504,35336,22698,Naked Green Machine Boosted Juice Smoothie,7,1.11
1505,46802,90807,Pineapple Chunks,1,6.76
1506,47630,6344,Medium Navel Orange,4,5.6
1506,40350,6344,Goddess Dressing,13,11.39
1507,19677,102992,Original Pure Creamy Almond Milk,16,6.4
1509,32700,2335,Original Whipped Cream,16,0.94
1509,37003,2335,"Organic Apples, Carrots and Parsnips Puree",18,5.87
1511,7788,191124,"Deli Fresh Smoked Ham, 97% Fat Free, Gluten Free",20,5.24
1511,43183,191124,Deli Fresh Shaved Smoked Turkey Breast,20,12.45
1514,13844,88884,Italian Style Whole Peeled Tomatoes With Basil Leaf,15,4.55
1514,22089,88884,Vitamin D Milk,16,12.21
1514,10603,88884,93% Ground Beef,12,3.6
1516,41004,195392,Traditional Brie Cheese,16,2.83
1517,49247,60778,Coconut Yoghurt,16,4.8
1521,45007,169266,Organic Zucchini,4,5.08
1521,7808,169266,Mango Grapefruit Water,7,1.34
1521,13113,169266,Organic Apple Juice Boxes,7,9.79
1521,47873,169266,Sparkling Probiotic Drink Mango Coconut,7,12.37
1521,31696,169266,"Natural Antiseptic, Tea Tree Oil",11,10.63
1523,44787,11852,Stage 1 - Just Prunes,18,6.69
1523,43421,11852,"Little Yums Spinach, Apple, and Kale Teething Wafers",18,5.55
1523,43875,11852,Baby Food Stage 2 Blueberry Pear & Purple Carrot,18,6.11
1523,20869,11852,Yellow Potato,4,4.45
1525,2002,4477,"The \""World's Best\"" Veggie Burger",1,0.89
1525,6104,4477,Whole Milk Plain Yogurt,16,1.76
1526,34969,43322,Red Vine Tomato,4,9.25
1526,18159,43322,Organic Biologique Limes,4,5.06
1526,32781,43322,Gluten Free Sunrise Crunchy Maple Cereal,14,8.64
1526,26209,43322,Limes,4,4.37
1526,20842,43322,Total 0% Greek Yogurt,16,9.2
1527,45007,66005,Organic Zucchini,4,5.08
1529,37067,175365,Organic Banana,4,10.85
1530,33424,80107,Lemon Sports Drink,7,3.38
1531,27796,155246,Real Mayonnaise,13,0.97
1532,32463,37578,Olive Oil & Aloe Vera Hand Soap,11,4.26
1532,16137,37578,Spicy Chili Seasoning,13,1.69
1532,36315,37578,Low Fat Split Pea Soup,15,12.38
1532,48099,37578,Truffle Parmesan Macaroni & Cheese Bowl,1,9.05
1532,10,37578,Sparkling Orange Juice & Prickly Pear Beverage,7,7.1
1533,20217,187706,Mini Marshmallows,13,6.42
1533,4163,187706,Spanish Rice Pilaf Mix,9,7.87
1536,13249,205442,Skim Milk,16,9.33
1536,15141,205442,Coco Cafe Cafe Latte Coconut Water,7,3.45
1537,10761,51227,Organic Yokids Lemonade/Blueberry Variety Pack Yogurt Squeezers Tubes,16,4.56
1537,42736,51227,Unsalted Butter,16,9.28
1539,5450,13531,Small Hass Avocado,4,5.77
1539,45007,13531,Organic Zucchini,4,5.08
1539,47630,13531,Medium Navel Orange,4,5.6
1539,26629,13531,Cherry Pie Fruit & Nut Bar,19,1.38
1544,4343,196626,"Hot Cocoa Mix, Milk Chocolate Flavor",7,12.05
1544,20217,196626,Mini Marshmallows,13,6.42
1545,26604,110844,Organic Blackberries,4,8.08
1545,42833,110844,Mango Apricot Fruit Snack,19,12.41
1545,42240,110844,Ultra Soft Facial Tissues,17,12.0
1546,22224,115333,Whole Milk Plain Greek Yogurt,16,2.08
1547,28745,13607,Oven Roasted Turkey,20,7.99
1547,36070,13607,"Super Spinach! Baby Spinach, Baby Bok Choy, Sweet Baby Kale",4,4.34
1549,40171,12300,Organic Sweet Vanilla Bean Nutrition Complete Protein Shake,11,4.83
1549,42300,12300,Organic Vitality Snack Chia Squeeze Blackberry Bliss,19,9.71
1549,38250,12300,Cheddar Squares Cheddar Squares,19,4.43
1549,27690,12300,Apple Cinnamon GoGo Squeez,19,6.29
1549,37733,12300,Uncured Pepperoni Mini Pizza Bagels Frozen Snacks,1,4.16
1549,4960,12300,Three Cheese Mini Pizza Bagels Frozen Snacks,1,5.28
1551,16615,79812,Zero Calories Berry Nutrient Enhanced Water,7,5.54
1552,1940,66012,Organic 2% Reduced Fat Milk,16,1.23
1552,8057,66012,Organic Chicken & Mozzarella Ravioli,9,8.71
1552,26209,66012,Limes,4,4.37
1552,4163,66012,Spanish Rice Pilaf Mix,9,7.87
1553,9383,69580,Viva Big Roll White Paper Towels,17,12.26
1555,3464,109247,"Organic Butterhead (Boston, Butter, Bibb) Lettuce",4,9.0
1556,47630,64194,Medium Navel Orange,4,5.6
1558,48595,28999,Organic Wheat Square Crackers,19,9.0
1558,6104,28999,Whole Milk Plain Yogurt,16,1.76
1560,5450,7334,Small Hass Avocado,4,5.77
1560,34969,7334,Red Vine Tomato,4,9.25
1560,15842,7334,Dairy Free Coconut Milk Yogurt Alternative,16,7.67
1561,30494,46866,Organic Mango Slices,19,7.63
1561,23015,46866,Breaded Chicken Nuggets Family Pack,1,3.17
1562,19677,35150,Original Pure Creamy Almond Milk,16,6.4
1562,12572,35150,6 OZ LA PANZANELLA CROSTINI ORIGINAL CRACKERS,19,1.78
1562,5450,35150,Small Hass Avocado,4,5.77
1562,28745,35150,Oven Roasted Turkey,20,7.99
1562,30753,35150,Organic Red Lentil Penne,9,2.58
1567,40310,22068,Oven Roasted Turkey Breast,20,8.23
1568,3843,10241,Organic Brussels Sprouts,4,8.41
1568,5866,10241,Bianco Organic Whole Peeled Tomatos,15,8.01
1569,28465,66250,Icelandic Style Skyr Blueberry Non-fat Yogurt,16,8.32
1569,46703,66250,Shelled Soybeans Edamame,1,10.75
1569,26209,66250,Limes,4,4.37
1570,7303,191729,Unsweet Blackberry Sparkling Water,7,4.32
1573,3631,79672,Organic Whole Milk French Vanilla Yogurt,16,1.49
1573,38996,79672,Grape Tomatoes,4,4.64
1573,21506,79672,Organic Raisin Bran Cereal,14,2.69
1575,28745,45211,Oven Roasted Turkey,20,7.99
1575,42083,45211,Decaffeinated Irish Breakfast Tea Bags,7,3.84
1575,4962,45211,Yotoddler Organic Pear Spinach Mango Yogurt,16,10.68
1580,41488,132282,Chocolate Milk,16,4.77
1580,8638,132282,Vanilla Milk Chocolate Almond Ice Cream Bars,1,8.33
1581,2298,170941,"Muffins, Mini, Flax, Chocolate Brownie",3,8.0
1581,38250,170941,Cheddar Squares Cheddar Squares,19,4.43
1581,28745,170941,Oven Roasted Turkey,20,7.99
1581,34969,170941,Red Vine Tomato,4,9.25
1581,37193,170941,Shelled Edamame,1,1.74
1582,11961,7658,Organic Nuts & Vanilla Beverage,7,8.66
1582,21945,7658,"Renewal Cream, Brightening, Probiotic +C",11,1.81
1584,38274,117349,Ice Cream Sandwiches Vanilla,1,7.17
1584,26209,117349,Limes,4,4.37
1585,10607,98303,Prosecco,5,6.0
1586,26209,31204,Limes,4,4.37
1586,3464,31204,"Organic Butterhead (Boston, Butter, Bibb) Lettuce",4,9.0
1587,15790,183146,Organic Veggie Bites,1,4.88
1587,12427,183146,Original Beef Jerky,19,3.08
1588,42110,100863,Organic Macaroni Shells & Real Aged Cheddar,9,12.09
1588,18471,100863,Organic Light Agave Nectar,13,0.93
1588,11950,100863,Madagascar Vanilla Ice Cream,1,3.42
1590,5085,158572,Organic Stage 1 First Peas Baby Food,18,4.64
1592,17526,143024,70% Dark Chocolate Salted Almond Bar,19,7.64
1594,28745,186051,Oven Roasted Turkey,20,7.99
1594,5450,186051,Small Hass Avocado,4,5.77
1594,21637,186051,Golden Raspberries,4,8.09
1594,26209,186051,Limes,4,4.37
1599,24535,144697,Plain Whole Milk Yogurt,16,6.17
1600,26604,164724,Organic Blackberries,4,8.08
1601,37193,32459,Shelled Edamame,1,1.74
1601,42736,32459,Unsalted Butter,16,9.28
1602,12240,119134,Vanilla Protein Almond Milk,16,3.4
1602,21949,119134,White Cheddar Semisoft Cheese,16,9.24
1603,20842,50921,Total 0% Greek Yogurt,16,9.2
1605,45007,150640,Organic Zucchini,4,5.08
1605,38164,150640,Almonds & Sea Salt in Dark Chocolate,19,9.32
1607,19677,78296,Original Pure Creamy Almond Milk,16,6.4
1607,43768,78296,Organic Bell Pepper,4,2.4
1608,33135,47784,Organic Blueberry Kefir,16,8.24
1611,43768,168006,Organic Bell Pepper,4,2.4
1613,27554,109669,Gluten Free Blueberry Muffins,3,0.94
1613,4006,109669,Hazelnut Spread With Skim Milk & Cocoa,13,4.62
1614,16398,142031,Guava Goddess Organic Kambucha,7,1.59
1615,38164,196836,Almonds & Sea Salt in Dark Chocolate,19,9.32
1615,260,196836,Cantaloupe,4,3.01
1617,47792,49373,Organic Beans & Rice Cheddar Cheese Burrito,1,8.35
1618,20040,11529,66 Calorie Unfiltered Ginger Ale,7,3.57
1621,27690,10592,Apple Cinnamon GoGo Squeez,19,6.29
1623,14136,188671,Whitening Plus Scope Crest Complete Whitening + Scope Multi-Benefit Minty Fresh Striped Toothpaste 12.4oz Twin Pack  Dentifrice,11,5.3
1624,36735,117127,Organic Roasted Sliced Chicken Breast,20,10.42
1626,13287,137115,Bistro Bowl Chicken Caesar Salad,4,7.49
1629,6473,74166,Bag of Lemons,4,6.98
1629,20842,74166,Total 0% Greek Yogurt,16,9.2
1630,28527,74449,White Horseradish,13,12.12
1631,9955,166086,Unsweetened Organic Coconut Milk,16,6.48
1633,4149,97459,Frozen Organic Blueberries,4,11.59
1635,17726,153471,Holiday Nog,7,1.61
1637,27044,179123,Maple Almond Butter,13,8.9
1637,44570,179123,Kale Greens,4,4.15
1639,26604,175635,Organic Blackberries,4,8.08
1639,47141,175635,Cola,7,5.77
1639,38910,175635,The Original Sauce,13,8.11
1639,33093,175635,"Chilpotle Peppers, in Adobo Sauce",6,11.91
1641,49026,76380,Plain Almond Milk Yogurt,16,12.26
1642,1700,19963,White Cheddar Popcorn,19,5.86
1644,45007,55626,Organic Zucchini,4,5.08
1644,26209,55626,Limes,4,4.37
1644,18656,55626,Organic Red Potato,4,1.93
1644,6104,55626,Whole Milk Plain Yogurt,16,1.76
1646,43740,142095,Sparkling Probiotic Drink Coconut,7,10.33
1646,26209,142095,Limes,4,4.37
1648,28748,190592,Nuggets Assortment,19,6.86
1648,43409,190592,Frosted Mini-Wheats Original Cereal,14,12.46
1649,22627,44563,Gluten Free Flour,13,7.99
1651,38456,187431,Large Grapefruit,4,3.38
1654,49475,71492,Dark Chocolate Blueberry Quinoa,19,7.48
1656,34969,18374,Red Vine Tomato,4,9.25
1660,43409,83860,Frosted Mini-Wheats Original Cereal,14,12.46
1662,26604,2565,Organic Blackberries,4,8.08
1662,49519,2565,Raspberry Essence Water,7,10.84
1664,18233,178761,Honey 7 Grain Bread,3,6.87
1668,34969,188781,Red Vine Tomato,4,9.25
1670,46169,123992,Pure Honey,13,9.7
1670,20842,123992,Total 0% Greek Yogurt,16,9.2
1670,48953,123992,Lettuce Medley,4,4.64
1671,5918,153367,Single Serve Cheese Pizza,1,7.61
1671,9834,153367,Berry Rainbow Sherbert,1,3.2
1673,14267,153075,Organic Refried Black Beans,15,9.37
1673,16759,153075,Organic Carrot Bunch,4,4.17
1673,45007,153075,Organic Zucchini,4,5.08
1679,6104,169585,Whole Milk Plain Yogurt,16,1.76
1680,3754,91052,Gimbi Pink Grapefruit,7,2.42
1681,6104,157226,Whole Milk Plain Yogurt,16,1.76
1681,26604,157226,Organic Blackberries,4,8.08
1683,4329,92426,Yellowfin Tuna in Pure Olive Oil,15,6.66
1686,20915,34239,Mozzarella Light Low Moisture Part Skim String Cheese,16,3.56
1691,5450,71296,Small Hass Avocado,4,5.77
1691,26209,71296,Limes,4,4.37
1691,260,71296,Cantaloupe,4,3.01
1692,34969,137276,Red Vine Tomato,4,9.25
1696,27554,173524,Gluten Free Blueberry Muffins,3,0.94
1696,7963,173524,Gluten Free Whole Grain Bread,1,4.53
1697,9499,81826,Thai Peanut Sauce,6,1.6
1697,17804,81826,"Pure, All-Natural Clam Juice",15,10.47
1698,32757,65685,Quiche Lorraine,20,3.08
1698,25199,65685,Classic Chicken Salad,20,4.26
1699,14005,6126,Ultimate Caesar Salad Kit,4,1.9
1699,18019,6126,Macaroni & Cheese Dinner Original Flavor,9,3.73
1700,10761,153866,Organic Yokids Lemonade/Blueberry Variety Pack Yogurt Squeezers Tubes,16,4.56
1700,33527,153866,Organic Classic Rich Crackers,19,7.46
1704,26209,119480,Limes,4,4.37
1706,46584,41457,YoKids Blueberry & Strawberry/Vanilla Yogurt,16,8.82
1706,43768,41457,Organic Bell Pepper,4,2.4
1709,14870,147989,Icelandic Style Fat Free Plain Yogurt,16,4.27
1709,28465,147989,Icelandic Style Skyr Blueberry Non-fat Yogurt,16,8.32
1711,3464,58935,"Organic Butterhead (Boston, Butter, Bibb) Lettuce",4,9.0
1712,30673,6766,Harissa Hot Sauce,13,8.11
1713,5258,116377,Sparkling Water,7,10.95
1713,260,116377,Cantaloupe,4,3.01
1715,34969,17029,Red Vine Tomato,4,9.25
1715,45007,17029,Organic Zucchini,4,5.08
1716,20604,97479,& Go! Hazelnut Spread + Pretzel Sticks,13,5.29
1719,5902,137464,"Rice Crackers, Original",19,10.11
1719,23216,137464,Fancy Shredded Cheese Italian Blend,16,0.89
1719,43659,137464,Gluten Free Linguini,9,4.01
1720,37619,193372,Light Vegetable Oil Spread,16,8.59
1720,27794,193372,Garden Vegetable Ready Rice,9,11.83
1722,77,89349,Coconut Chocolate Chip Energy Bar,19,12.13
1723,4149,185565,Frozen Organic Blueberries,4,11.59
1723,31912,185565,Avocado Oil,13,1.61
1723,45108,185565,Organic Uncooked Flour Tortillas,3,8.77
1724,1025,85903,Organic Fresh Basil,4,11.34
1724,38456,85903,Large Grapefruit,4,3.38
1724,33468,85903,White Pita,3,8.87
1726,37003,54902,"Organic Apples, Carrots and Parsnips Puree",18,5.87
1730,12427,86219,Original Beef Jerky,19,3.08
1733,43922,91077,Hickory Liquid Smoke,13,3.22
1740,12614,73832,Yellow Grape Tomatoes,4,1.39
1740,22504,73832,Organic Mountain Forest Amber Honey,13,2.16
1740,24830,73832,Organic Romaine,4,10.27
1741,46990,175546,Ground Buffalo,12,10.44
1742,26209,64225,Limes,4,4.37
1745,41729,35314,Sweet Grape Tomatoes,4,10.48
1746,41860,145676,Sea Salt Baked Potato Chips,19,5.7
1747,8866,107937,Organic White Chocolate Peanut Butter Cups,19,4.23
1750,36885,111555,Rose,5,6.65
1751,4163,124893,Spanish Rice Pilaf Mix,9,7.87
1751,24535,124893,Plain Whole Milk Yogurt,16,6.17
1754,49424,46345,Cereal Honey Bears,13,8.25
1757,41999,196766,Cut Tulips (Choose Color),4,1.99
1758,33810,112965,Citrus Dish Soap,17,9.69
1758,22504,112965,Organic Mountain Forest Amber Honey,13,2.16
1760,16759,90654,Organic Carrot Bunch,4,4.17
1761,35467,90460,Semi Sweet Chocolate Mega Chunks Dairy Nut & Soy Free,13,6.61
1762,5258,11323,Sparkling Water,7,10.95
1765,36070,176570,"Super Spinach! Baby Spinach, Baby Bok Choy, Sweet Baby Kale",4,4.34
1765,41999,176570,Cut Tulips (Choose Color),4,1.99
1767,8290,168641,Cream of Chicken and Mushroom Condensed Soup,15,8.57
1767,5450,168641,Small Hass Avocado,4,5.77
1767,46025,168641,Pineapple Slices in 100% Pineapple Juice,15,10.22
1768,16647,138640,Double Duty Advanced Odor Control Clumping Cat Litter,8,12.15
1768,9641,138640,"Action Pacs, Fresh Scent with Dawn",17,2.31
1773,20947,179548,Passionberry Bliss Kombucha Drink,7,11.87
1774,23765,10988,Organic Smoked Turkey Breast,20,10.28
1775,27690,4974,Apple Cinnamon GoGo Squeez,19,6.29
1775,13431,4974,Flaky Biscuits,13,1.83
1775,32463,4974,Olive Oil & Aloe Vera Hand Soap,11,4.26
1778,45051,12407,Pub Mix,19,8.23
1781,45116,54977,Potatoes Sweet,4,1.02
1781,1199,54977,YoTot Organic Raspberry Pear Yogurt,16,7.17
1784,13062,53551,"Master Brew Kombucha, Pineapple Peach",7,5.53
1784,1025,53551,Organic Fresh Basil,4,11.34
1786,49247,47819,Coconut Yoghurt,16,4.8
1786,40310,47819,Oven Roasted Turkey Breast,20,8.23
1788,42736,95646,Unsalted Butter,16,9.28
1788,10499,95646,"Jalapeno Nacho Slices, Mild",6,9.8
1790,999,146644,Original Organic Ville BBQ Sauce,13,5.75
1791,28214,87717,"Energy Drink, Organic, Pomegranate Acai",7,3.63
1791,35383,87717,Classic White Bread,3,6.03
1794,38772,192010,Provolone,16,1.84
1795,6729,14221,Cookie Tray,3,9.56
1796,39408,122449,Gala Apples,4,4.03
1797,27690,109393,Apple Cinnamon GoGo Squeez,19,6.29
1800,49248,21061,Organic Farro,9,10.26
1800,18027,21061,Ezekiel 4:9 Bread Organic Sprouted Whole Grain,3,11.3
1801,34321,94998,Original Pepperoni,20,2.51
1803,14358,101758,Organic Almond Chocolate Non Dairy Beverage,16,11.53
1804,260,144904,Cantaloupe,4,3.01
1805,34969,158441,Red Vine Tomato,4,9.25
1808,1199,59974,YoTot Organic Raspberry Pear Yogurt,16,7.17
1811,45007,176869,Organic Zucchini,4,5.08
1811,16744,176869,Peanut & Gluten Free Smooth Almond Butter,13,8.17
1813,22124,73258,Total 0% Raspberry Yogurt,16,9.08
1813,19173,73258,Orange Calcium & Vitamin D Pulp Free,7,11.11
1816,31954,116543,Broccoli Slaw,4,9.4
1817,47866,89470,Jalapeno Potato Chips,19,12.02
1817,49026,89470,Plain Almond Milk Yogurt,16,12.26
1819,40203,147752,Mint Chip Ice Cream,1,5.4
1820,16759,176776,Organic Carrot Bunch,4,4.17
1820,26604,176776,Organic Blackberries,4,8.08
1821,45210,68263,Organic Greek Lowfat Yogurt With Blueberries,16,5.69
1821,26209,68263,Limes,4,4.37
1824,7751,140567,Tomato Ketchup,13,1.99
1825,19677,13517,Original Pure Creamy Almond Milk,16,6.4
1826,20842,197433,Total 0% Greek Yogurt,16,9.2
1828,18127,28679,Sweeper Wet Mopping Pad Refills Open Window Fresh Scent Surface Care,17,10.39
1829,35042,205787,Black Beans,15,5.95
1831,20842,205228,Total 0% Greek Yogurt,16,9.2
1832,18656,184224,Organic Red Potato,4,1.93
1832,43768,184224,Organic Bell Pepper,4,2.4
1832,41259,184224,Poblano Pepper,4,10.56
1833,46584,97401,YoKids Blueberry & Strawberry/Vanilla Yogurt,16,8.82
1836,46252,199311,Original Thin Rye Crispbread,19,7.26
1836,22504,199311,Organic Mountain Forest Amber Honey,13,2.16
1836,23554,199311,Organic Vanilla Bean Ice Cream,1,6.65
1837,38274,81346,Ice Cream Sandwiches Vanilla,1,7.17
1837,20670,81346,Organic Lentil Vegetable Soup,15,10.83
1837,42110,81346,Organic Macaroni Shells & Real Aged Cheddar,9,12.09
1838,22089,18244,Vitamin D Milk,16,12.21
1838,13249,18244,Skim Milk,16,9.33
1838,42736,18244,Unsalted Butter,16,9.28
1843,18656,3051,Organic Red Potato,4,1.93
1844,11812,68632,XCT Oil,11,3.91
1848,20067,155412,Original Plain Mega Probiotic,11,8.54
1850,20842,8359,Total 0% Greek Yogurt,16,9.2
1850,46802,8359,Pineapple Chunks,1,6.76
1852,8138,150812,Traditional Hummus,20,2.75
1854,34969,85331,Red Vine Tomato,4,9.25
1855,28431,126787,Light Sodium Mexican Casserole Bowl,1,7.76
1855,26177,126787,Organic Honey Nut O's Cereal,14,3.76
1857,38266,148452,Fresh Basil,4,10.07
1857,36070,148452,"Super Spinach! Baby Spinach, Baby Bok Choy, Sweet Baby Kale",4,4.34
1857,6870,148452,Fresh Pressed Coconut Oil,13,12.22
1859,26209,87634,Limes,4,4.37
1859,43379,87634,Watercress Package,4,12.28
1859,43768,87634,Organic Bell Pepper,4,2.4
1859,31961,87634,Chilpotle Peppers in Adobo Sauce,6,7.83
1859,41259,87634,Poblano Pepper,4,10.56
1862,1194,153226,Natural Artisan Water,7,7.42
1862,30353,153226,Curate Cherry Lime Sparkling Water,7,1.86
1864,30494,69138,Organic Mango Slices,19,7.63
1869,36618,104439,"12\"" Aluminium Foil",17,6.84
1870,10388,84498,Classic Mixed Vegetables,1,11.96
1870,37067,84498,Organic Banana,4,10.85
1870,12779,84498,Spaghetti Squash,4,5.49
1870,3318,84498,Cinnamon Swirl Raisin Bread,3,4.94
1870,15293,84498,Classic Iceberg Salad,4,11.1
1872,33709,204721,All Natural Medium Fire-Roasted Tomato & Jalapeno Salsa,13,4.1
1872,38996,204721,Grape Tomatoes,4,4.64
1876,47866,99220,Jalapeno Potato Chips,19,12.02
1876,39024,99220,Edamame In Pod,1,5.6
1877,28963,61494,Naked Sponges - 2 CT,17,1.05
1879,10500,53130,Cool Mint® Antiseptic Adult Mouthwash,11,12.18
1880,37067,20773,Organic Banana,4,10.85
1880,45007,20773,Organic Zucchini,4,5.08
1883,18222,45167,Pro-Health Multi-Protection Alcohol Free Mouthwash,11,2.59
1884,26604,17155,Organic Blackberries,4,8.08
1885,45007,143224,Organic Zucchini,4,5.08
1885,18254,143224,All Natural Roasted Garlic Hummus,20,0.87
1885,22159,143224,Red Machine Juice Smoothie,7,2.1
1886,22124,20429,Total 0% Raspberry Yogurt,16,9.08
1886,28465,20429,Icelandic Style Skyr Blueberry Non-fat Yogurt,16,8.32
1886,42404,20429,Multi Grain Waffles,1,12.48
1886,5450,20429,Small Hass Avocado,4,5.77
1887,33120,25085,Organic Egg Whites,16,5.33
1892,47141,20558,Cola,7,5.77
1893,26209,67816,Limes,4,4.37
1895,30696,76256,Eggo Homestyle Waffles,1,6.45
1895,26604,76256,Organic Blackberries,4,8.08
1897,5450,179653,Small Hass Avocado,4,5.77
1898,47893,136253,Steel Cut Irish Oatmeal,14,4.81
1898,2677,136253,Yerba Mate Sparkling Classic Gold,7,2.49
1901,33527,191916,Organic Classic Rich Crackers,19,7.46
1903,890,17861,Organic Diced Tomatoes,15,1.35
1904,21614,164514,Crackers Harvest Whole Wheat,19,2.38
1905,20915,32004,Mozzarella Light Low Moisture Part Skim String Cheese,16,3.56
1905,39844,32004,Mini Sweet Peppers,4,11.24
1906,30827,75268,Seedless Cucumbers,4,5.22
1907,5445,119927,Protein Zone Protein Juice Smoothie,7,5.82
1908,29925,191140,Sourdough Hearty Sliced Bread,3,8.52
1909,5450,68761,Small Hass Avocado,4,5.77
1913,38274,34334,Ice Cream Sandwiches Vanilla,1,7.17
1915,26209,4631,Limes,4,4.37
1915,9458,4631,Classic Lemonade,7,8.43
1916,46807,48958,"Bananas, Raspberries & Oats Organic Baby Food",18,8.95
1917,37754,129348,Organic Blended Raspberry Whole Milk Greek Yogurt,16,4.34
1917,4809,129348,Greek Whole Milk Blended Blueberry Yogurt,16,6.38
1917,41806,129348,Organic Greek Whole Milk Blended Strawberry Yogurt,16,7.97
1918,31608,130868,Minis Candy,19,5.84
1919,45007,175734,Organic Zucchini,4,5.08
1919,35176,175734,Cream Cheese Cream Cheese Spread,16,3.27
1919,26344,175734,Organic Mixed Berry Sipper Juice,7,6.42
1920,37247,81179,Instant Vanilla Pudding & Pie Filling,13,3.69
1920,8638,81179,Vanilla Milk Chocolate Almond Ice Cream Bars,1,8.33
1923,26209,82828,Limes,4,4.37
1924,41488,205943,Chocolate Milk,16,4.77
1927,2113,192552,Ultra Comfort Care Mega Roll Toilet Paper,17,12.47
1928,45007,121303,Organic Zucchini,4,5.08
1929,28635,156103,0% Greek Yogurt Black Cherry on the Bottom,16,7.7
1929,28412,156103,Veggie Penne Pasta,9,7.01
1930,14371,60932,Organic Nonfat Milk,16,10.79
1930,12616,60932,Certified Organic Oranges,4,11.73
1931,14867,81433,Honey Bunny Grahams,19,3.63
1934,39046,138540,Smok Cured Turkey Bacon,12,6.84
1935,47630,136134,Medium Navel Orange,4,5.6
1935,48186,136134,Lactose Free Half & Half,16,9.32
1935,32134,136134,Lactose Free Plain Kefir,16,3.11
1938,28805,86241,100% Pure Corn Starch,13,4.53
1941,28785,178894,Organic Tahini,13,8.89
1943,33135,50082,Organic Blueberry Kefir,16,8.24
1946,6473,158513,Bag of Lemons,4,6.98
1947,12276,159757,Chocolate Chip Cookie Dough Ice Cream,1,8.4
1947,16874,159757,Chocolate Fudge Brownie Ice Cream,1,4.04
1947,38456,159757,Large Grapefruit,4,3.38
1947,26209,159757,Limes,4,4.37
1951,11323,11912,Medium Roast Extra Bold K-Cup Packs Coffee,7,1.24
1951,35042,11912,Black Beans,15,5.95
1951,1117,11912,Turkey Bacon,12,11.85
1951,34969,11912,Red Vine Tomato,4,9.25
1952,42372,106405,Pineapple on the Bottom Greek Yogurt,16,11.02
1952,23296,106405,Blueberry on the Bottom Nonfat Greek Yogurt,16,2.27
1952,13287,106405,Bistro Bowl Chicken Caesar Salad,4,7.49
1953,20842,154860,Total 0% Greek Yogurt,16,9.2
1953,42469,154860,Pacific Cod Fillet,12,5.47
1953,42736,154860,Unsalted Butter,16,9.28
1954,616,136256,Silken Tofu,20,4.49
1954,26209,136256,Limes,4,4.37
1960,14870,22285,Icelandic Style Fat Free Plain Yogurt,16,4.27
1960,5013,22285,Nutty for 'Nana Low-Fat Greek Yogurt,16,9.29
1960,3400,22285,Flip Pumpkin Harvest Crisp Lowfat Greek Yogurt,16,7.07
1960,29094,22285,Flip Coffee Break Bliss Greek Yogurt,16,8.93
1960,12779,22285,Spaghetti Squash,4,5.49
1961,26209,120222,Limes,4,4.37
1961,35939,120222,Organic Jalapeno Pepper,4,9.93
1965,14870,158906,Icelandic Style Fat Free Plain Yogurt,16,4.27
1966,7898,16408,Ginger Beer,7,2.12
1966,35948,16408,Tonic Water,7,7.7
1966,27428,16408,Dairy Pure Fresh Heavy Whipping Cream,16,12.5
1967,11950,100863,Madagascar Vanilla Ice Cream,1,3.42
1967,44089,100863,Concord Grape Juice,7,11.36
1967,46820,100863,Vanilla Pure Almond Milk,16,11.94
1969,24062,125314,Flourless  Sprouted Whole Grain 7-Sprouted Grains English Muffins,3,4.68
1969,10527,125314,Whipped Butter,16,3.95
1970,26604,149823,Organic Blackberries,4,8.08
1971,34969,185845,Red Vine Tomato,4,9.25
1972,11068,100634,Medium Cheddar Cheese Block,16,1.9
1973,36618,115583,"12\"" Aluminium Foil",17,6.84
1978,8008,150228,Red Velvet Yogurt,16,9.48
1979,26604,46712,Organic Blackberries,4,8.08
1979,43772,46712,Cherubs Heavenly Salad Tomatoes,4,1.15
1979,48527,46712,Avocado,4,12.54
1981,18027,105002,Ezekiel 4:9 Bread Organic Sprouted Whole Grain,3,11.3
1982,20899,66673,Goo Berry Pie Probugs Kefir,16,6.29
1982,27690,66673,Apple Cinnamon GoGo Squeez,19,6.29
1982,31801,66673,9 Inch Plates,17,4.1
1984,21614,116962,Crackers Harvest Whole Wheat,19,2.38
1984,33527,116962,Organic Classic Rich Crackers,19,7.46
1984,42300,116962,Organic Vitality Snack Chia Squeeze Blackberry Bliss,19,9.71
1987,38966,110568,Unsalted Peanut Butter Filled Pretzels,19,5.5
1989,26604,65748,Organic Blackberries,4,8.08
1993,35336,73170,Naked Green Machine Boosted Juice Smoothie,7,1.11
1993,42105,73170,Compostable Basket Coffee Filters,7,1.83
1993,38439,73170,Mara Natha Organic Peanut Butter Creamy,13,12.09
1993,22548,73170,Coldbrew Coffee Pops,1,5.89
1993,1700,73170,White Cheddar Popcorn,19,5.86
1996,4557,124045,Mango Peach Salsa,20,11.24
1999,12779,179905,Spaghetti Squash,4,5.49
2001,5258,67623,Sparkling Water,7,10.95
2002,45007,16370,Organic Zucchini,4,5.08
2003,47630,166324,Medium Navel Orange,4,5.6
2003,45007,166324,Organic Zucchini,4,5.08
2003,35042,166324,Black Beans,15,5.95
2005,37754,133892,Organic Blended Raspberry Whole Milk Greek Yogurt,16,4.34
2005,4809,133892,Greek Whole Milk Blended Blueberry Yogurt,16,6.38
2005,41806,133892,Organic Greek Whole Milk Blended Strawberry Yogurt,16,7.97
2005,7963,133892,Gluten Free Whole Grain Bread,1,4.53
2005,42736,133892,Unsalted Butter,16,9.28
2005,32134,133892,Lactose Free Plain Kefir,16,3.11
2006,24062,25242,Flourless  Sprouted Whole Grain 7-Sprouted Grains English Muffins,3,4.68
2012,40198,124362,Blueberry Yoghurt,16,8.81
2013,32080,2839,Refill Infant Milk-Based with Iron 16.6 oz Pouches Infant Formula Powder,18,11.51
2013,12276,2839,Chocolate Chip Cookie Dough Ice Cream,1,8.4
2015,45051,177537,Pub Mix,19,8.23
2017,32781,202313,Gluten Free Sunrise Crunchy Maple Cereal,14,8.64
2019,22833,195701,Indian Healing Clay,11,12.17
2020,3706,128735,Sparkling Concord Juice Grape,7,9.07
2023,26209,94221,Limes,4,4.37
2023,12572,94221,6 OZ LA PANZANELLA CROSTINI ORIGINAL CRACKERS,19,1.78
2027,26209,6895,Limes,4,4.37
2027,35939,6895,Organic Jalapeno Pepper,4,9.93
2028,43768,145513,Organic Bell Pepper,4,2.4
2030,48595,100997,Organic Wheat Square Crackers,19,9.0
2032,45607,147372,Butter Cooking Spray,13,3.56
2033,32442,25775,Organic Original Tofu Veggie Burger,20,11.35
2035,39408,189220,Gala Apples,4,4.03
2035,26604,189220,Organic Blackberries,4,8.08
2036,20842,79943,Total 0% Greek Yogurt,16,9.2
2037,28745,11231,Oven Roasted Turkey,20,7.99
2037,1025,11231,Organic Fresh Basil,4,11.34
2038,47504,130181,Blueberry Breakfast Biscuits,14,7.81
2040,26604,171109,Organic Blackberries,4,8.08
2042,6647,144651,Navel Orange,4,4.34
2043,6519,92509,Hot Cocoa Mix,13,8.06
2044,15741,27550,Strawberry C Monster Smoothie,7,8.59
2051,20670,20813,Organic Lentil Vegetable Soup,15,10.83
2052,38118,114776,Whole Grain Lavash,19,10.99
2053,4006,158094,Hazelnut Spread With Skim Milk & Cocoa,13,4.62
2053,1086,158094,Jack's Special Salsa Medium Hot,13,5.17
2055,24830,149398,Organic Romaine,4,10.27
2056,12427,27625,Original Beef Jerky,19,3.08
2056,24532,27625,Cranberry Almond Chicken Salad,3,2.66
2057,25552,155843,Organic Steel Cut Oats,14,4.64
2058,18243,84132,Organic Stage 3 Zucchini Broccoli Medley Baby Food,18,3.4
2060,32429,14996,Red Mango,4,3.5
2063,3464,78609,"Organic Butterhead (Boston, Butter, Bibb) Lettuce",4,9.0
2064,42300,25322,Organic Vitality Snack Chia Squeeze Blackberry Bliss,19,9.71
2064,27690,25322,Apple Cinnamon GoGo Squeez,19,6.29
2067,42500,45076,Orange & Lemon Flavor Variety Pack Sparkling Fruit Beverage,7,6.51
2067,17080,45076,Clementina Sparkling Beverage,7,5.69
2074,45866,13701,Fig Newmans Fruit Filled Cookies,19,2.46
2074,43875,13701,Baby Food Stage 2 Blueberry Pear & Purple Carrot,18,6.11
2074,29270,13701,Beet Apple Carrot Lemon Ginger Organic Cold Pressed Juice Beverage,7,5.56
2074,13113,13701,Organic Apple Juice Boxes,7,9.79
2076,39127,161065,Classic Crust Pepperoni Pizza,1,6.67
2076,49352,161065,Natural Extra Sharp Cheddar Cheese,16,8.82
2077,27796,94998,Real Mayonnaise,13,0.97
2078,43772,152098,Cherubs Heavenly Salad Tomatoes,4,1.15
2078,24830,152098,Organic Romaine,4,10.27
2081,38164,179774,Almonds & Sea Salt in Dark Chocolate,19,9.32
2082,2452,108338,Naturals Chicken Nuggets,1,1.24
2082,38118,108338,Whole Grain Lavash,19,10.99
2082,28785,108338,Organic Tahini,13,8.89
2082,33120,108338,Organic Egg Whites,16,5.33
2086,5013,107066,Nutty for 'Nana Low-Fat Greek Yogurt,16,9.29
2086,26209,107066,Limes,4,4.37
2086,47815,107066,Hazelnut Coffee Creamer,16,8.55
2089,44663,26938,Naturals Lite Goddess Dressing,13,0.88
2089,49026,26938,Plain Almond Milk Yogurt,16,12.26
2089,46106,26938,Organic Sriracha Hummus,20,3.17
2090,48335,140055,Chocolate Brownie Energy Bar,19,11.61
2091,40153,38304,Free & Clear Unscented Refill Value Packs  Baby Wipes,18,4.86
2092,38164,187560,Almonds & Sea Salt in Dark Chocolate,19,9.32
2092,24830,187560,Organic Romaine,4,10.27
2104,45051,130803,Pub Mix,19,8.23
2105,42972,62871,Natural Pure Sparkling Water,7,4.77
2105,43183,62871,Deli Fresh Shaved Smoked Turkey Breast,20,12.45
2107,6729,119081,Cookie Tray,3,9.56
2108,22124,112880,Total 0% Raspberry Yogurt,16,9.08
2114,31426,120822,Classic Poultry & Beef Feast Variety Cat Food,8,11.67
2116,48491,125667,"Tofu, Extra Firm",20,11.49
2118,20842,41074,Total 0% Greek Yogurt,16,9.2
2118,43768,41074,Organic Bell Pepper,4,2.4
2118,1000,41074,Apricots,10,1.27
2119,48527,165719,Avocado,4,12.54
2119,19173,165719,Orange Calcium & Vitamin D Pulp Free,7,11.11
2120,26604,179778,Organic Blackberries,4,8.08
2120,32277,179778,Cashew Milk Dark Chocolate Truffle Ice Cream,1,7.77
2121,1940,31658,Organic 2% Reduced Fat Milk,16,1.23
2121,5013,31658,Nutty for 'Nana Low-Fat Greek Yogurt,16,9.29
2121,31334,31658,Chocolate Almond & Sea Salt with Chia Granola Bars,19,2.94
2122,926,86448,Crispy Thin Crust White Pizza,1,7.03
2125,18656,63979,Organic Red Potato,4,1.93
2126,40310,93908,Oven Roasted Turkey Breast,20,8.23
2127,44570,2985,Kale Greens,4,4.15
2128,12572,122108,6 OZ LA PANZANELLA CROSTINI ORIGINAL CRACKERS,19,1.78
2130,46802,15003,Pineapple Chunks,1,6.76
2132,47792,152646,Organic Beans & Rice Cheddar Cheese Burrito,1,8.35
2132,38164,152646,Almonds & Sea Salt in Dark Chocolate,19,9.32
2133,32429,113312,Red Mango,4,3.5
2133,12159,113312,Light Red Raspberry Yogurt,16,3.56
2133,1940,113312,Organic 2% Reduced Fat Milk,16,1.23
2133,20463,113312,Organic Fat-Free Milk,16,1.48
2133,39982,113312,Sausage  Links,1,7.5
2135,38772,103036,Provolone,16,1.84
2135,26172,103036,Light Sour Cream,16,7.26
2139,46990,12325,Ground Buffalo,12,10.44
2139,13603,12325,Tarragon Chicken Salad,20,11.45
2142,26209,2086,Limes,4,4.37
2142,14553,2086,Oats & Honey Granola,14,2.32
2143,38456,44893,Large Grapefruit,4,3.38
2143,14870,44893,Icelandic Style Fat Free Plain Yogurt,16,4.27
2145,35939,148365,Organic Jalapeno Pepper,4,9.93
2145,7898,148365,Ginger Beer,7,2.12
2145,26604,148365,Organic Blackberries,4,8.08
2145,24846,148365,Sweet & Fruity Cranberry Granola,14,4.68
2146,35939,47543,Organic Jalapeno Pepper,4,9.93
2146,31373,47543,Macrobar Prolonged Powder Banana + Almond Butter,19,4.68
2146,24062,47543,Flourless  Sprouted Whole Grain 7-Sprouted Grains English Muffins,3,4.68
2148,4698,130792,Oscillo Oscillococcinum Quick-Dissolving Pellets,11,1.47
2148,48099,130792,Truffle Parmesan Macaroni & Cheese Bowl,1,9.05
2148,47792,130792,Organic Beans & Rice Cheddar Cheese Burrito,1,8.35
2150,2452,34016,Naturals Chicken Nuggets,1,1.24
2150,781,34016,Organic Shredded Mild Cheddar,16,2.78
2151,14261,16567,Snickers Candy Bars,19,5.98
2152,6568,71027,Snacks Mango,19,8.66
2152,19173,71027,Orange Calcium & Vitamin D Pulp Free,7,11.11
2152,38426,71027,Organic Cotton Balls,11,7.36
2153,12955,198205,"Super Foods/Organic Apples, Spinach, Peas & Broccoli + Super Chia Snack Pouch",18,3.05
2154,10761,170114,Organic Yokids Lemonade/Blueberry Variety Pack Yogurt Squeezers Tubes,16,4.56
2154,38274,170114,Ice Cream Sandwiches Vanilla,1,7.17
2156,26209,116387,Limes,4,4.37
2156,22124,116387,Total 0% Raspberry Yogurt,16,9.08
2158,7853,61516,Classic Mashed Potatoes,20,12.5
2160,35042,154317,Black Beans,15,5.95
2161,8432,202303,Poppy Seed Chopped Salad Kit,4,4.24
2161,23815,202303,Bosc Pears,4,9.02
2161,39408,202303,Gala Apples,4,4.03
2161,44570,202303,Kale Greens,4,4.15
2163,3464,162894,"Organic Butterhead (Boston, Butter, Bibb) Lettuce",4,9.0
2164,12932,190930,Super Greens Veggie Burgers,1,9.93
2166,26604,15682,Organic Blackberries,4,8.08
2167,2452,158536,Naturals Chicken Nuggets,1,1.24
2167,38274,158536,Ice Cream Sandwiches Vanilla,1,7.17
2167,26604,158536,Organic Blackberries,4,8.08
2169,19677,71944,Original Pure Creamy Almond Milk,16,6.4
2169,5450,71944,Small Hass Avocado,4,5.77
2169,26209,71944,Limes,4,4.37
2169,45007,71944,Organic Zucchini,4,5.08
2169,36735,71944,Organic Roasted Sliced Chicken Breast,20,10.42
2169,45544,71944,Organic Plain Nonfat Greek Yogurt,16,8.48
2170,37066,10126,Original Cherry Orchard Yogurt,16,9.7
2171,26209,43644,Limes,4,4.37
2171,28881,43644,Banana Cream Traditional Oikos Greek Yogurt,16,11.35
2171,22452,43644,"Toothbrushes, Soft, Full Head, Value Pack",11,1.68
2171,48144,43644,Tater Tots,1,1.22
2171,35748,43644,Rainbow Jimmies Sprinkles,13,4.88
2173,39408,100116,Gala Apples,4,4.03
2174,5450,81097,Small Hass Avocado,4,5.77
2175,16759,194908,Organic Carrot Bunch,4,4.17
2175,33741,194908,Gluten Free Classic Hamburger Buns,3,10.9
2176,39055,203575,Mild Salsa Roja,20,12.54
2178,22504,158350,Organic Mountain Forest Amber Honey,13,2.16
2178,15455,158350,Organic Extra Virgin Oil Olive,13,8.12
2179,18963,15979,Apple Cider Vinegar,13,9.67
2180,18127,174708,Sweeper Wet Mopping Pad Refills Open Window Fresh Scent Surface Care,17,10.39
2182,48370,55370,Sensitive Toilet Paper,17,9.33
2182,31564,55370,Crackers,19,1.11
2182,7185,55370,Rosemary Mini Croccantini,19,4.79
2183,39408,137771,Gala Apples,4,4.03
2187,37052,10228,Natural Bliss Cinnamon Cream Coffee Creamer,16,10.83
2189,45007,42507,Organic Zucchini,4,5.08
2190,10527,23851,Whipped Butter,16,3.95
2192,49185,165873,Enriched Vanilla Rice Drink,16,10.01
2192,31373,165873,Macrobar Prolonged Powder Banana + Almond Butter,19,4.68
2192,12779,165873,Spaghetti Squash,4,5.49
2193,45007,169818,Organic Zucchini,4,5.08
2193,5450,169818,Small Hass Avocado,4,5.77
2193,34166,169818,Organic Shredded Parmesan,16,8.84
2194,48868,109522,Boneless Pork Loin Roast,12,1.01
2194,18656,109522,Organic Red Potato,4,1.93
2194,31954,109522,Broccoli Slaw,4,9.4
2195,40310,141267,Oven Roasted Turkey Breast,20,8.23
2197,23554,105719,Organic Vanilla Bean Ice Cream,1,6.65
2198,27554,56325,Gluten Free Blueberry Muffins,3,0.94
2198,5450,56325,Small Hass Avocado,4,5.77
2198,26604,56325,Organic Blackberries,4,8.08
2199,42972,150,Natural Pure Sparkling Water,7,4.77
2200,40574,197040,Rice Cereal,14,1.69
2200,31829,197040,Creme De Menthe Thins,19,7.91
2201,5258,107001,Sparkling Water,7,10.95
2201,1747,107001,Teriyaki Beef Jerky,19,6.84
2203,12955,40211,"Super Foods/Organic Apples, Spinach, Peas & Broccoli + Super Chia Snack Pouch",18,3.05
2205,39046,173329,Smok Cured Turkey Bacon,12,6.84
2205,38266,173329,Fresh Basil,4,10.07
2205,45007,173329,Organic Zucchini,4,5.08
2206,36103,143562,Extra Light Olive Oil,13,2.69
2207,45007,203931,Organic Zucchini,4,5.08
2207,18689,203931,Dairy-Free Chive Cream Cheese,16,10.12
2208,30353,156133,Curate Cherry Lime Sparkling Water,7,1.86
2209,1700,8273,White Cheddar Popcorn,19,5.86
2209,37050,8273,"Multi-Vitamin & Mineral, Gummy Bears, Fruit Flavors",11,4.22
2210,2535,66371,Shaved Parmesan,16,9.81
2211,35042,32684,Black Beans,15,5.95
2213,28413,154738,Bunny-Luv Organic Carrots,4,7.3
2213,30827,154738,Seedless Cucumbers,4,5.22
2214,10603,29412,93% Ground Beef,12,3.6
2214,40198,29412,Blueberry Yoghurt,16,8.81
2214,44570,29412,Kale Greens,4,4.15
2214,26209,29412,Limes,4,4.37
2218,1503,53130,Low Fat Cottage Cheese,16,1.45
2218,15925,53130,Macaroni and Cheese,1,9.5
2219,14295,119677,Sea Salt Garden Veggie Straws,19,6.72
2219,29886,119677,Key Lime Sparkling Water,7,10.88
2220,35939,85147,Organic Jalapeno Pepper,4,9.93
2221,48907,183849,Garden Salad Mix,4,4.02
2221,8109,183849,Keurig Decaf Light Roast Coffee K Cups,7,12.37
2223,15807,53515,Original Blue Painter's Tape,2,8.79
2224,31394,131981,100 Calorie Pretzels Packs,19,2.57
2225,22290,33867,Organic Chai Tea Bags,7,5.1
2226,38996,72083,Grape Tomatoes,4,4.64
2226,5450,72083,Small Hass Avocado,4,5.77
2227,43772,151973,Cherubs Heavenly Salad Tomatoes,4,1.15
2227,46515,151973,Cheez-It Packs,19,1.69
2229,6999,30222,Organic Fresh Pressed Pure Lemon Juice,7,7.32
2232,10527,10461,Whipped Butter,16,3.95
2233,11068,57522,Medium Cheddar Cheese Block,16,1.9
2233,26604,57522,Organic Blackberries,4,8.08
2234,18721,150951,"Baked Rice and Corn Puffs, Aged White Cheddar",19,2.22
2236,31373,126154,Macrobar Prolonged Powder Banana + Almond Butter,19,4.68
2237,4962,165810,Yotoddler Organic Pear Spinach Mango Yogurt,16,10.68
2239,26209,193273,Limes,4,4.37
2239,24830,193273,Organic Romaine,4,10.27
2239,32578,193273,Organic Fresh Squeezed Orange Juice,7,6.19
2240,29974,182463,Gluten Free Cinnamon French Toast Sticks,1,12.54
2242,30958,21024,Honey Mustard and Onion Pretzels Pieces,19,7.24
2242,32700,21024,Original Whipped Cream,16,0.94
2242,46656,21024,Butter Microwave Popcorn,19,2.35
2245,35042,173105,Black Beans,15,5.95
2246,6999,110430,Organic Fresh Pressed Pure Lemon Juice,7,7.32
2246,22504,110430,Organic Mountain Forest Amber Honey,13,2.16
2246,10369,110430,Organic Genoa Salami,20,2.35
2250,35193,12523,"Post Selects Great Grains Cereal Raisins, Dates and Pecans",14,2.59
2252,43409,30752,Frosted Mini-Wheats Original Cereal,14,12.46
2253,9075,39114,Zero Rise Orange,7,1.6
2253,5013,39114,Nutty for 'Nana Low-Fat Greek Yogurt,16,9.29
2253,3400,39114,Flip Pumpkin Harvest Crisp Lowfat Greek Yogurt,16,7.07
2254,35042,115553,Black Beans,15,5.95
2254,17025,115553,Country Dijon Mustard,13,8.15
2256,45960,148973,Organic French Dressing Organic,13,6.68
2257,27413,73700,100% Mighty Mango Juice Smoothie,7,7.25
2259,38562,17224,Pomegranate Arils,4,2.59
2259,13780,17224,Thyme,4,10.2
2260,17044,162759,French Baguette,3,6.85
2260,31342,162759,Organic SprouTofu Extra Firm Tofu,20,9.28
2260,781,162759,Organic Shredded Mild Cheddar,16,2.78
2262,48121,167899,Solid White-No Salt Added Albacore Tuna,15,4.15
2263,24830,181225,Organic Romaine,4,10.27
2265,30494,90250,Organic Mango Slices,19,7.63
2265,41860,90250,Sea Salt Baked Potato Chips,19,5.7
2268,11384,31637,Naturally Brewed Soy Sauce,6,9.97
2270,32235,73031,No Caffeine Lemon Lime Soda,7,1.07
2271,3843,77705,Organic Brussels Sprouts,4,8.41
2272,39669,26225,Snack Well's Vanilla Creme 7.75 Oz,19,8.71
2272,25691,26225,Original Life Cereal,14,4.24
2272,18019,26225,Macaroni & Cheese Dinner Original Flavor,9,3.73
2273,21506,112743,Organic Raisin Bran Cereal,14,2.69
2273,26177,112743,Organic Honey Nut O's Cereal,14,3.76
2274,9955,149747,Unsweetened Organic Coconut Milk,16,6.48
2275,6104,134540,Whole Milk Plain Yogurt,16,1.76
2275,9955,134540,Unsweetened Organic Coconut Milk,16,6.48
2275,3464,134540,"Organic Butterhead (Boston, Butter, Bibb) Lettuce",4,9.0
2275,47873,134540,Sparkling Probiotic Drink Mango Coconut,7,12.37
2276,42736,13616,Unsalted Butter,16,9.28
2279,27781,150028,Tea Tree Oil Dental Tape,11,5.01
2279,32733,150028,"Cat Food, Kitten/Adult, Select Cuts, Sardine, Shrimp & Crab Meat",8,8.73
2280,22124,137651,Total 0% Raspberry Yogurt,16,9.08
2284,33786,193268,Pepper Jack Cheese Crackers,19,6.56
2286,12427,202779,Original Beef Jerky,19,3.08
2287,1700,69483,White Cheddar Popcorn,19,5.86
2287,32134,69483,Lactose Free Plain Kefir,16,3.11
2288,20842,198542,Total 0% Greek Yogurt,16,9.2
2289,42469,23140,Pacific Cod Fillet,12,5.47
2289,20842,23140,Total 0% Greek Yogurt,16,9.2
2291,23765,191631,Organic Smoked Turkey Breast,20,10.28
2292,7963,90416,Gluten Free Whole Grain Bread,1,4.53
2292,38456,90416,Large Grapefruit,4,3.38
2293,36735,182350,Organic Roasted Sliced Chicken Breast,20,10.42
2293,4675,182350,Boniato Sweet Potato,4,9.16
2294,10874,49918,Zero Calorie Lemon Lime Twist Soda,7,0.91
2295,30827,48019,Seedless Cucumbers,4,5.22
2296,45007,197612,Organic Zucchini,4,5.08
2296,42347,197612,Caffeine Free Diet Cola All Natural Soda,7,11.32
2296,25552,197612,Organic Steel Cut Oats,14,4.64
2299,47141,117911,Cola,7,5.77
2300,43409,24213,Frosted Mini-Wheats Original Cereal,14,12.46
2301,30827,44250,Seedless Cucumbers,4,5.22
2301,39408,44250,Gala Apples,4,4.03
2301,12427,44250,Original Beef Jerky,19,3.08
2304,11068,97169,Medium Cheddar Cheese Block,16,1.9
2305,43351,135199,Strawberry Peach Still Artesian Water,7,9.46
2306,34969,139308,Red Vine Tomato,4,9.25
2307,24830,203650,Organic Romaine,4,10.27
2308,34861,8962,Beets Bunch,4,1.06
2308,45064,8962,Honey Wheat Bread,3,1.52
2310,890,72367,Organic Diced Tomatoes,15,1.35
2310,42384,72367,Original Chili Seasoning Mix,13,6.33
2310,32727,72367,Reduced Fat 4 Cheese Mexican Shredded Cheese,16,5.27
2310,48144,72367,Tater Tots,1,1.22
2312,14870,185479,Icelandic Style Fat Free Plain Yogurt,16,4.27
2312,6638,185479,Organic Brown Rice Crisps Cereal,14,1.39
2313,40310,27565,Oven Roasted Turkey Breast,20,8.23
2314,10902,140718,Kosher Reduced Fat Beef Franks,12,4.22
2315,28413,96718,Bunny-Luv Organic Carrots,4,7.3
2315,45683,96718,Heavy Duty Scrub Sponge,17,9.11
2317,23630,195709,Multi-Seed Original Crackers,19,4.37
2319,49519,20730,Raspberry Essence Water,7,10.84
2319,26209,20730,Limes,4,4.37
2320,4962,175349,Yotoddler Organic Pear Spinach Mango Yogurt,16,10.68
2320,44368,175349,Fresh Mozzarella Cheese,16,11.12
2324,45007,67578,Organic Zucchini,4,5.08
2324,12290,67578,Brie,16,10.11
2325,49247,200807,Coconut Yoghurt,16,4.8
2325,19677,200807,Original Pure Creamy Almond Milk,16,6.4
2328,33709,156331,All Natural Medium Fire-Roasted Tomato & Jalapeno Salsa,13,4.1
2328,20670,156331,Organic Lentil Vegetable Soup,15,10.83
2328,6069,156331,Maple Pumpkin Seeds with Sea Salt Chewy with a Crunch Granola Bars,19,7.32
2328,31564,156331,Crackers,19,1.11
2329,10867,23584,Delight Sea Salt Popcorn,19,9.58
2330,12118,190542,Organic Whole Grain Spanish Rice,9,4.97
2331,9963,19601,Ultra Thin Pepper Jack Cheese Slices,16,6.1
2332,39442,100926,Hot Kid Toddler Mum-Mum Organic Rice Biscuit Strawberry,18,5.4
2332,1194,100926,Natural Artisan Water,7,7.42
2333,45007,15169,Organic Zucchini,4,5.08
2335,26209,28910,Limes,4,4.37
2336,10761,69428,Organic Yokids Lemonade/Blueberry Variety Pack Yogurt Squeezers Tubes,16,4.56
2336,4163,69428,Spanish Rice Pilaf Mix,9,7.87
2338,45260,170962,Organic Virgin Coconut Oil,13,5.45
2339,23039,103000,Fat Free Cream Cheese,16,1.3
2339,28465,103000,Icelandic Style Skyr Blueberry Non-fat Yogurt,16,8.32
2341,26209,3394,Limes,4,4.37
2341,18963,3394,Apple Cider Vinegar,13,9.67
2343,41625,117437,Organic Half Spring Mix,4,5.93
2344,13997,90283,Braeburn Apple,4,1.48
2347,45163,114449,Seaweed Rice Chips Sea Salt,19,8.17
2347,38164,114449,Almonds & Sea Salt in Dark Chocolate,19,9.32
2348,35383,124034,Classic White Bread,3,6.03
2348,14131,124034,Traditional Hearty Chicken and Rotini Soup,15,10.24
2348,30696,124034,Eggo Homestyle Waffles,1,6.45
2349,47621,94710,Chocolate Strong Dark,19,6.39
2350,15567,10722,Crunchy Chickpeas Falafel,19,1.86
2350,26209,10722,Limes,4,4.37
2351,19171,45441,100% Lactose Free Organic 2% Reduced Fat Milk,16,9.21
2352,10874,192430,Zero Calorie Lemon Lime Twist Soda,7,0.91
2352,42347,192430,Caffeine Free Diet Cola All Natural Soda,7,11.32
2353,26209,10518,Limes,4,4.37
2355,7606,144181,Greek 100 Protein Vanilla Fat Free Yogurt,16,4.2
2356,5450,160548,Small Hass Avocado,4,5.77
2356,26209,160548,Limes,4,4.37
2356,47966,160548,Old Fashioned Rolled Oats,14,2.74
2357,33120,67308,Organic Egg Whites,16,5.33
2358,47965,63198,TLC Cherry Dark Chocolate Chewy Granola,19,7.49
2358,35600,63198,Ritz Sour Cream & Onion Toasted Chips,19,7.15
2359,15831,171888,Kosher Chicken Breasts Boneless And Skinless,1,6.95
2361,42372,194466,Pineapple on the Bottom Greek Yogurt,16,11.02
2361,2639,194466,Lemon Blended Non-Fat Greek Yogurt,16,4.24
2362,44570,178546,Kale Greens,4,4.15
2362,20869,178546,Yellow Potato,4,4.45
2362,44787,178546,Stage 1 - Just Prunes,18,6.69
2362,13780,178546,Thyme,4,10.2
2363,36070,49679,"Super Spinach! Baby Spinach, Baby Bok Choy, Sweet Baby Kale",4,4.34
2363,35042,49679,Black Beans,15,5.95
2364,40310,186648,Oven Roasted Turkey Breast,20,8.23
2364,22504,186648,Organic Mountain Forest Amber Honey,13,2.16
2365,12427,51979,Original Beef Jerky,19,3.08
2366,48868,160475,Boneless Pork Loin Roast,12,1.01
2369,33231,142337,Mild Lean Turkey Breakfast Sausage,12,5.38
2370,34878,76698,Stackers Kosher Dill Pickles,13,6.56
2371,41716,161968,Jalapeno,19,11.83
2371,34969,161968,Red Vine Tomato,4,9.25
2371,31533,161968,Spinach Feta in a Pocket Sandwich,1,2.06
2371,22290,161968,Organic Chai Tea Bags,7,5.1
2372,28527,144556,White Horseradish,13,12.12
2375,20708,76962,Traditional New England Clam Chowder Soup,15,8.29
2375,8138,76962,Traditional Hummus,20,2.75
2376,20842,22519,Total 0% Greek Yogurt,16,9.2
2378,1199,75964,YoTot Organic Raspberry Pear Yogurt,16,7.17
2378,43875,75964,Baby Food Stage 2 Blueberry Pear & Purple Carrot,18,6.11
2379,26604,51645,Organic Blackberries,4,8.08
2379,10761,51645,Organic Yokids Lemonade/Blueberry Variety Pack Yogurt Squeezers Tubes,16,4.56
2383,19677,1498,Original Pure Creamy Almond Milk,16,6.4
2384,37067,62751,Organic Banana,4,10.85
2384,49621,62751,Challah Bread,3,5.17
2384,405,62751,100% Organic Diced Tomatoes,15,2.11
2385,31608,28921,Minis Candy,19,5.84
2388,20842,187020,Total 0% Greek Yogurt,16,9.2
2388,44570,187020,Kale Greens,4,4.15
2390,30827,143036,Seedless Cucumbers,4,5.22
2393,11610,183882,Organic Chocolate Syrup,13,8.82
2393,37733,183882,Uncured Pepperoni Mini Pizza Bagels Frozen Snacks,1,4.16
2394,7249,140742,Crunchy Rice Rollers,19,11.04
2395,41408,8054,Goat's Milk Cheese,16,6.12
2397,45007,188318,Organic Zucchini,4,5.08
2398,44787,42650,Stage 1 - Just Prunes,18,6.69
2398,32134,42650,Lactose Free Plain Kefir,16,3.11
2398,1335,42650,Stage 1 Just Butternut Squash Baby Food,18,5.8
2398,6933,42650,Strained Whole-Milk Yogurt Blueberry,16,11.85
2398,46584,42650,YoKids Blueberry & Strawberry/Vanilla Yogurt,16,8.82
2400,48682,34219,Sauerkraut,13,6.08
2400,20899,34219,Goo Berry Pie Probugs Kefir,16,6.29
2401,43409,135432,Frosted Mini-Wheats Original Cereal,14,12.46
2401,46541,135432,Corn Flakes,14,2.21
2406,7533,62735,Low-Fat Strawberry Banana on the Bottom Greek Yogurt,16,6.64
2407,34969,21828,Red Vine Tomato,4,9.25
2407,20842,21828,Total 0% Greek Yogurt,16,9.2
2410,4962,177097,Yotoddler Organic Pear Spinach Mango Yogurt,16,10.68
2411,20842,40806,Total 0% Greek Yogurt,16,9.2
2411,22487,40806,Quick Tie Tall Kitchen Bags,17,12.17
2411,12250,40806,EF California White Basmati Eco-Farmed 2 lb Rice,9,8.48
2411,42475,40806,Unsalted Butter Quarters,16,2.61
2411,16494,40806,Double Zipper Gallon Freezer Bags,17,0.98
2413,46820,14489,Vanilla Pure Almond Milk,16,11.94
2414,27061,20283,Sweet Potato Apple Stage 2 Baby Food,18,2.61
2414,7185,20283,Rosemary Mini Croccantini,19,4.79
2414,36735,20283,Organic Roasted Sliced Chicken Breast,20,10.42
2416,45007,136130,Organic Zucchini,4,5.08
2417,36735,54768,Organic Roasted Sliced Chicken Breast,20,10.42
2417,781,54768,Organic Shredded Mild Cheddar,16,2.78
2417,23765,54768,Organic Smoked Turkey Breast,20,10.28
2418,2962,100006,"Milk, Reduced Fat, 2% Milkfat",16,8.89
2418,24830,100006,Organic Romaine,4,10.27
2418,44292,100006,Premium Unsweetened Iced Tea,7,7.57
2420,38087,166492,Gluten Free Ice Cream Cones,19,4.88
2422,46802,132640,Pineapple Chunks,1,6.76
2422,30630,132640,"Yogurt, Sheep Milk, Blackberry",16,7.92
2422,28946,132640,Yogurt Tubes Blueberry,16,0.9
2422,42404,132640,Multi Grain Waffles,1,12.48
2423,41597,87402,Organic Jumbo Eggs,16,10.21
2423,5258,87402,Sparkling Water,7,10.95
2425,12614,92136,Yellow Grape Tomatoes,4,1.39
2430,19638,119961,Simply Jif Creamy Peanut Butter,13,8.98
2431,1940,73114,Organic 2% Reduced Fat Milk,16,1.23
2431,16759,73114,Organic Carrot Bunch,4,4.17
2432,30962,184215,Vanilla Greek Yogurt 0% Fat,16,12.25
2432,45866,184215,Fig Newmans Fruit Filled Cookies,19,2.46
2436,48739,114627,Limited Edition Mini Trix Cereal,14,0.95
2437,22224,108273,Whole Milk Plain Greek Yogurt,16,2.08
2438,26209,84837,Limes,4,4.37
2438,34969,84837,Red Vine Tomato,4,9.25
2439,17789,14702,Soy Free Buttery Spread,16,11.19
2441,37460,192073,No Sugar Added Variety Fruit Bars,1,5.99
2441,8460,192073,Hearty Thick Cut Bacon,12,5.7
2441,37052,192073,Natural Bliss Cinnamon Cream Coffee Creamer,16,10.83
2441,42079,192073,Slow Churned Wa Apple Pie Ice Cream,1,7.24
2446,46106,8046,Organic Sriracha Hummus,20,3.17
2446,26209,8046,Limes,4,4.37
2449,41806,50848,Organic Greek Whole Milk Blended Strawberry Yogurt,16,7.97
2451,2113,159768,Ultra Comfort Care Mega Roll Toilet Paper,17,12.47
2452,14563,198597,Puff Pastry Sheets,1,1.8
2452,34861,198597,Beets Bunch,4,1.06
2455,29752,159651,Gluten Free Foods Granola,14,8.74
2458,46802,26897,Pineapple Chunks,1,6.76
2458,7079,26897,Organic Alfalfa Sprouts,4,7.88
2460,23630,73270,Multi-Seed Original Crackers,19,4.37
2461,36735,35107,Organic Roasted Sliced Chicken Breast,20,10.42
2461,2452,35107,Naturals Chicken Nuggets,1,1.24
2461,16926,35107,Organic Golden Ginger Ale Soda,7,4.0
2462,26604,83611,Organic Blackberries,4,8.08
2466,2535,121714,Shaved Parmesan,16,9.81
2466,25705,121714,Butterhead Lettuce,4,0.98
2469,38164,86247,Almonds & Sea Salt in Dark Chocolate,19,9.32
2469,10849,86247,Hickory Smoked Ham,20,8.93
2470,10106,144889,Honey & Maple Turkey Breast,20,8.53
2470,36735,144889,Organic Roasted Sliced Chicken Breast,20,10.42
2470,23765,144889,Organic Smoked Turkey Breast,20,10.28
2470,29270,144889,Beet Apple Carrot Lemon Ginger Organic Cold Pressed Juice Beverage,7,5.56
2470,32977,144889,Brown Long Grain Rice,9,1.21
2472,41124,163085,Ranch Potato Crisps,19,6.21
2474,14371,143368,Organic Nonfat Milk,16,10.79
2474,13898,143368,Dark Chocolate with Marzipan,19,9.03
2475,24830,175147,Organic Romaine,4,10.27
2475,38164,175147,Almonds & Sea Salt in Dark Chocolate,19,9.32
2476,42736,28826,Unsalted Butter,16,9.28
2477,36735,195889,Organic Roasted Sliced Chicken Breast,20,10.42
2478,37067,200394,Organic Banana,4,10.85
2479,16398,116861,Guava Goddess Organic Kambucha,7,1.59
2480,46584,175099,YoKids Blueberry & Strawberry/Vanilla Yogurt,16,8.82
2482,18963,183143,Apple Cider Vinegar,13,9.67
2485,37940,165230,Original Strawberry Low Fat Yogurt,16,12.55
2485,47966,165230,Old Fashioned Rolled Oats,14,2.74
2488,28431,50631,Light Sodium Mexican Casserole Bowl,1,7.76
2490,24830,46255,Organic Romaine,4,10.27
2491,9878,79067,8 Piece Fried Chicken,20,11.21
2493,23985,156438,Baby Eggplant,4,1.55
2494,10106,33452,Honey & Maple Turkey Breast,20,8.53
2494,40198,33452,Blueberry Yoghurt,16,8.81
2495,26209,95335,Limes,4,4.37
2495,30962,95335,Vanilla Greek Yogurt 0% Fat,16,12.25
2496,31127,204584,Sweet Batard,3,5.64
2497,5450,13531,Small Hass Avocado,4,5.77
2498,38164,110449,Almonds & Sea Salt in Dark Chocolate,19,9.32
2498,7091,110449,Peanut Butter Pretzel Mojo,19,8.85
2501,26209,25596,Limes,4,4.37
2501,33468,25596,White Pita,3,8.87
2504,6568,161333,Snacks Mango,19,8.66
2506,1219,205713,Grapes,4,9.7
2507,4232,94849,"Ambrosia, Medium Roast",7,7.31
2508,38164,179084,Almonds & Sea Salt in Dark Chocolate,19,9.32
2509,45113,163244,Artesian Water,7,7.07
2510,7963,4297,Gluten Free Whole Grain Bread,1,4.53
2510,26209,4297,Limes,4,4.37
2510,25,4297,Salted Caramel Lean Protein & Fiber Bar,19,5.44
2510,11707,4297,Peanut Butter Chocolate Chip Macrobar,19,8.92
2512,18327,105089,Deli-Sliced Tamed Jalapeno Peppers,13,1.17
2513,47792,179043,Organic Beans & Rice Cheddar Cheese Burrito,1,8.35
2514,33911,29244,Zero Calorie Cream Soda,7,7.55
2514,30908,29244,Teriyaki Turkey Jerky,19,11.95
2515,46802,145481,Pineapple Chunks,1,6.76
2516,34969,201913,Red Vine Tomato,4,9.25
2517,24830,119951,Organic Romaine,4,10.27
2517,31215,119951,Lemon Yogurt,16,10.41
2517,39462,119951,Long Grain White Rice,9,6.92
2518,36735,7503,Organic Roasted Sliced Chicken Breast,20,10.42
2519,12312,162199,Lavender Hand Soap,11,11.33
2520,45007,61928,Organic Zucchini,4,5.08
2520,29334,61928,Leek,4,6.09
2521,1117,14021,Turkey Bacon,12,11.85
2521,17789,14021,Soy Free Buttery Spread,16,11.19
2521,9955,14021,Unsweetened Organic Coconut Milk,16,6.48
2521,26209,14021,Limes,4,4.37
2522,45007,15521,Organic Zucchini,4,5.08
2523,28745,100720,Oven Roasted Turkey,20,7.99
2523,9172,100720,Crepes,3,8.8
2524,39702,15332,Low Fat Milk,16,10.57
2524,6999,15332,Organic Fresh Pressed Pure Lemon Juice,7,7.32
2524,19173,15332,Orange Calcium & Vitamin D Pulp Free,7,11.11
2525,5450,202214,Small Hass Avocado,4,5.77
2525,45007,202214,Organic Zucchini,4,5.08
2526,47792,100013,Organic Beans & Rice Cheddar Cheese Burrito,1,8.35
2526,40659,100013,"Fries, Broccoli",19,11.89
2528,24028,196710,Sparkling Water Grape Apple,21,2.37
2531,20670,92526,Organic Lentil Vegetable Soup,15,10.83
2533,36070,165294,"Super Spinach! Baby Spinach, Baby Bok Choy, Sweet Baby Kale",4,4.34
2535,12932,177336,Super Greens Veggie Burgers,1,9.93
2536,24899,16722,Spinach & Ricotta Tortelloni,9,7.89
2537,10258,94768,Pistachios,19,9.49
2538,260,198691,Cantaloupe,4,3.01
2538,42736,198691,Unsalted Butter,16,9.28
2539,19173,66005,Orange Calcium & Vitamin D Pulp Free,7,11.11
2539,45007,66005,Organic Zucchini,4,5.08
2539,38164,66005,Almonds & Sea Salt in Dark Chocolate,19,9.32
2540,16679,101302,Rice Crackers Wasabi,19,4.04
2540,21833,101302,Herbs Chives,4,1.58
2540,35939,101302,Organic Jalapeno Pepper,4,9.93
2541,48527,143182,Avocado,4,12.54
2541,43772,143182,Cherubs Heavenly Salad Tomatoes,4,1.15
2542,7751,151386,Tomato Ketchup,13,1.99
2543,30827,124345,Seedless Cucumbers,4,5.22
2547,7751,199149,Tomato Ketchup,13,1.99
2551,33120,20944,Organic Egg Whites,16,5.33
2553,260,44519,Cantaloupe,4,3.01
2554,36995,46379,Honey Roasted Cashews,19,3.69
2555,14477,75861,Organic Spaghetti,9,7.55
2555,4149,75861,Frozen Organic Blueberries,4,11.59
2557,26209,181574,Limes,4,4.37
2557,42736,181574,Unsalted Butter,16,9.28
2558,4149,14663,Frozen Organic Blueberries,4,11.59
2561,35042,160804,Black Beans,15,5.95
2563,46990,198085,Ground Buffalo,12,10.44
2564,28946,145422,Yogurt Tubes Blueberry,16,0.9
2567,12427,75805,Original Beef Jerky,19,3.08
2567,42500,75805,Orange & Lemon Flavor Variety Pack Sparkling Fruit Beverage,7,6.51
2568,15860,117752,Natural Apple Sauce Cups,15,8.98
2568,35042,117752,Black Beans,15,5.95
2569,45007,55169,Organic Zucchini,4,5.08
2574,35055,60514,Just Cranberry Unsweetened Juice,7,8.57
2574,46820,60514,Vanilla Pure Almond Milk,16,11.94
2577,24544,85383,Breakfast Blend Whole Bean Coffee,7,6.95
2577,21949,85383,White Cheddar Semisoft Cheese,16,9.24
2577,1700,85383,White Cheddar Popcorn,19,5.86
2578,46992,121882,Real Cheddar Baked Cheese Puffs,19,3.16
2578,19173,121882,Orange Calcium & Vitamin D Pulp Free,7,11.11
2578,17044,121882,French Baguette,3,6.85
2579,22089,143439,Vitamin D Milk,16,12.21
2579,33540,143439,Whole Grain Organic Blueberry Waffles,1,4.77
2580,23554,170068,Organic Vanilla Bean Ice Cream,1,6.65
2583,42372,32975,Pineapple on the Bottom Greek Yogurt,16,11.02
2585,42736,56048,Unsalted Butter,16,9.28
2586,26209,90345,Limes,4,4.37
2586,260,90345,Cantaloupe,4,3.01
2586,38772,90345,Provolone,16,1.84
2587,19972,22758,Semi-Sweet Chocolate Morsels,13,2.43
2590,42736,61840,Unsalted Butter,16,9.28
2590,34969,61840,Red Vine Tomato,4,9.25
2590,38456,61840,Large Grapefruit,4,3.38
2590,35939,61840,Organic Jalapeno Pepper,4,9.93
2591,45815,127427,Organic Florets Broccoli,1,12.12
2591,5072,127427,Dark Chocolate Raspberry Ice Cream Bars,1,3.54
2591,46584,127427,YoKids Blueberry & Strawberry/Vanilla Yogurt,16,8.82
2591,43875,127427,Baby Food Stage 2 Blueberry Pear & Purple Carrot,18,6.11
2592,46562,28238,Sweet & Salty Nut Granola Bars Peanut,19,3.56
2596,34969,180649,Red Vine Tomato,4,9.25
2597,260,103634,Cantaloupe,4,3.01
2597,45866,103634,Fig Newmans Fruit Filled Cookies,19,2.46
2597,43768,103634,Organic Bell Pepper,4,2.4
2597,29752,103634,Gluten Free Foods Granola,14,8.74
2599,6638,170887,Organic Brown Rice Crisps Cereal,14,1.39
2599,7963,170887,Gluten Free Whole Grain Bread,1,4.53
2599,38250,170887,Cheddar Squares Cheddar Squares,19,4.43
2599,19625,170887,Organic Chicken & Vegetable Potstickers,1,11.18
2599,35907,170887,California Black Bread,3,5.26
2600,16291,109689,Organic Extra Large Brown Omega 3 Eggs,16,8.98
2600,14870,109689,Icelandic Style Fat Free Plain Yogurt,16,4.27
2602,22026,24913,Organic Cotton Panty Liners,11,10.36
2605,43772,50630,Cherubs Heavenly Salad Tomatoes,4,1.15
2605,41860,50630,Sea Salt Baked Potato Chips,19,5.7
2608,27413,68947,100% Mighty Mango Juice Smoothie,7,7.25
2608,48739,68947,Limited Edition Mini Trix Cereal,14,0.95
2610,26209,181796,Limes,4,4.37
2614,48370,181385,Sensitive Toilet Paper,17,9.33
2617,2596,161353,Lemon Cake Ice Cream,1,2.8
2621,14645,147003,De Mexico,7,11.72
2621,49352,147003,Natural Extra Sharp Cheddar Cheese,16,8.82
2623,19677,106321,Original Pure Creamy Almond Milk,16,6.4
2624,26604,139506,Organic Blackberries,4,8.08
2624,38562,139506,Pomegranate Arils,4,2.59
2624,16759,139506,Organic Carrot Bunch,4,4.17
2624,41999,139506,Cut Tulips (Choose Color),4,1.99
2625,5922,50038,"Honest Face, Hand, & Baby Wipes",18,8.08
2625,29506,50038,Pita Bread,3,5.14
2626,31727,41242,"Organic Tomato Paste, No Salt Added",15,10.09
2626,1025,41242,Organic Fresh Basil,4,11.34
2626,16759,41242,Organic Carrot Bunch,4,4.17
2626,3464,41242,"Organic Butterhead (Boston, Butter, Bibb) Lettuce",4,9.0
2627,12427,73042,Original Beef Jerky,19,3.08
2629,42372,189109,Pineapple on the Bottom Greek Yogurt,16,11.02
2629,24956,189109,Cafe Steamers Chicken Margherita,1,1.64
2629,40310,189109,Oven Roasted Turkey Breast,20,8.23
2629,35613,189109,Original Thin Supreme Pizza,1,7.93
2631,43768,63942,Organic Bell Pepper,4,2.4
2631,26209,63942,Limes,4,4.37
2631,12006,63942,Original Ravioli,1,1.99
2631,7079,63942,Organic Alfalfa Sprouts,4,7.88
2633,3464,188561,"Organic Butterhead (Boston, Butter, Bibb) Lettuce",4,9.0
2635,34969,190269,Red Vine Tomato,4,9.25
2635,25199,190269,Classic Chicken Salad,20,4.26
2636,37067,149444,Organic Banana,4,10.85
2636,45007,149444,Organic Zucchini,4,5.08
2636,260,149444,Cantaloupe,4,3.01
2636,26604,149444,Organic Blackberries,4,8.08
2636,2429,149444,"Seriously Sharp Cheddar Cheese Cracker Cut Slices,",16,8.44
2636,26209,149444,Limes,4,4.37
2637,33911,72380,Zero Calorie Cream Soda,7,7.55
2637,39055,72380,Mild Salsa Roja,20,12.54
2638,7898,12394,Ginger Beer,7,2.12
2638,38164,12394,Almonds & Sea Salt in Dark Chocolate,19,9.32
2639,9894,153972,Panko Crispy Bread Crumbs,13,10.35
2639,10193,153972,Shredded Carrots,4,11.21
2639,38996,153972,Grape Tomatoes,4,4.64
2645,35963,92247,Pumpkin Pie Gelato,1,5.25
2645,48099,92247,Truffle Parmesan Macaroni & Cheese Bowl,1,9.05
2646,30827,34721,Seedless Cucumbers,4,5.22
2647,30827,144833,Seedless Cucumbers,4,5.22
2648,13603,11931,Tarragon Chicken Salad,20,11.45
2648,43037,11931,Garden Minestrone Soup,20,3.05
2649,35042,103211,Black Beans,15,5.95
2650,49640,8037,Sourdough Loaf,3,11.15
2651,23296,12084,Blueberry on the Bottom Nonfat Greek Yogurt,16,2.27
2651,18027,12084,Ezekiel 4:9 Bread Organic Sprouted Whole Grain,3,11.3
2652,33120,37557,Organic Egg Whites,16,5.33
2653,36638,40371,Scottish Breakfast Tea,7,7.3
2655,39729,168453,Organic Apple Cider,7,2.96
2655,43647,168453,Organic Asparagus Spears,1,11.18
2655,13780,168453,Thyme,4,10.2
2656,35042,15540,Black Beans,15,5.95
2658,8865,116799,Original Sea Salt Vegetable Chips,19,1.9
2658,27949,116799,Avocado Oil Canyon Cut Kettle Cooked Potato Chips Sea Salt,19,0.97
2658,17331,116799,Coconut Oil Kettle Cooked Potato Chips Sea Salt,19,5.75
2663,48907,139178,Garden Salad Mix,4,4.02
2664,46802,188278,Pineapple Chunks,1,6.76
2664,40268,188278,Organic Wheat-Free & Gluten-Free Original Crackers,19,3.71
2664,18603,188278,Olive & Garlic Tapenade,20,1.36
2668,890,77891,Organic Diced Tomatoes,15,1.35
2672,24830,69411,Organic Romaine,4,10.27
2672,32578,69411,Organic Fresh Squeezed Orange Juice,7,6.19
2672,16759,69411,Organic Carrot Bunch,4,4.17
2675,47630,171019,Medium Navel Orange,4,5.6
2681,26209,11752,Limes,4,4.37
2682,49555,86815,Apple Apricot Sauce,15,5.12
2683,1194,187075,Natural Artisan Water,7,7.42
2683,47380,187075,New York Style Nova Lox,12,8.72
2683,8460,187075,Hearty Thick Cut Bacon,12,5.7
2686,26209,96554,Limes,4,4.37
2686,30353,96554,Curate Cherry Lime Sparkling Water,7,1.86
2687,19828,129974,Red Delicious Apples,4,5.14
2688,39408,99750,Gala Apples,4,4.03
2689,42475,57205,Unsalted Butter Quarters,16,2.61
2689,38996,57205,Grape Tomatoes,4,4.64
2689,30623,57205,Unsweetened 100% Cocoa,13,11.86
2690,1194,146513,Natural Artisan Water,7,7.42
2691,29270,166866,Beet Apple Carrot Lemon Ginger Organic Cold Pressed Juice Beverage,7,5.56
2694,1649,21959,Pretzel Snaps Bonus Bag,19,5.33
2694,32429,21959,Red Mango,4,3.5
2694,26209,21959,Limes,4,4.37
2694,260,21959,Cantaloupe,4,3.01
2694,890,21959,Organic Diced Tomatoes,15,1.35
2694,27796,21959,Real Mayonnaise,13,0.97
2694,4163,21959,Spanish Rice Pilaf Mix,9,7.87
2696,42736,88673,Unsalted Butter,16,9.28
2697,33231,127410,Mild Lean Turkey Breakfast Sausage,12,5.38
2697,42736,127410,Unsalted Butter,16,9.28
2698,1104,48890,Plain Yogurt,16,4.36
2698,18963,48890,Apple Cider Vinegar,13,9.67
2698,48595,48890,Organic Wheat Square Crackers,19,9.0
2702,49247,189297,Coconut Yoghurt,16,4.8
2705,42110,62795,Organic Macaroni Shells & Real Aged Cheddar,9,12.09
2705,16291,62795,Organic Extra Large Brown Omega 3 Eggs,16,8.98
2705,47866,62795,Jalapeno Potato Chips,19,12.02
2706,42964,15170,Gluten Free Spaghetti Pasta,9,9.5
2709,10603,69897,93% Ground Beef,12,3.6
2714,45007,75025,Organic Zucchini,4,5.08
2715,35948,11225,Tonic Water,7,7.7
2717,31342,37753,Organic SprouTofu Extra Firm Tofu,20,9.28
2717,36070,37753,"Super Spinach! Baby Spinach, Baby Bok Choy, Sweet Baby Kale",4,4.34
2717,23922,37753,Hot Raw Hummus,13,7.22
2717,26604,37753,Organic Blackberries,4,8.08
2717,45007,37753,Organic Zucchini,4,5.08
2719,38996,87633,Grape Tomatoes,4,4.64
2719,45007,87633,Organic Zucchini,4,5.08
2719,10819,87633,Original Craisins,19,8.5
2720,42736,87616,Unsalted Butter,16,9.28
2723,5450,77171,Small Hass Avocado,4,5.77
2724,42736,12091,Unsalted Butter,16,9.28
2725,46802,116979,Pineapple Chunks,1,6.76
2725,12640,116979,Sport Bottle with Flip Cap Natural Spring Water,7,4.94
2727,46802,56994,Pineapple Chunks,1,6.76
2727,35470,56994,Water Mineral,7,11.28
2728,36485,67913,Organic Stage 2 Winter Squash Baby Food Puree,18,0.97
2728,46807,67913,"Bananas, Raspberries & Oats Organic Baby Food",18,8.95
2728,33503,67913,Zucchini Banana & Amaranth Organic Baby Food,18,3.23
2728,3245,67913,Organic Stage 2 Apple Oatmeal With Cinnamon Baby Food,18,4.15
2731,26209,129747,Limes,4,4.37
2733,5258,161711,Sparkling Water,7,10.95
2734,32429,70159,Red Mango,4,3.5
2738,33257,9347,Original Recipe Chocolate Pudding,16,10.45
2739,28413,199366,Bunny-Luv Organic Carrots,4,7.3
2742,46802,189258,Pineapple Chunks,1,6.76
2742,20842,189258,Total 0% Greek Yogurt,16,9.2
2743,29397,88292,Chickpeas! Penne Pasta,9,4.64
2743,18656,88292,Organic Red Potato,4,1.93
2746,45007,73140,Organic Zucchini,4,5.08
2746,26293,73140,Organic Tart Cherry Juice,7,10.5
2746,18963,73140,Apple Cider Vinegar,13,9.67
2749,22124,116853,Total 0% Raspberry Yogurt,16,9.08
2750,38456,118866,Large Grapefruit,4,3.38
2750,5450,118866,Small Hass Avocado,4,5.77
2750,7079,118866,Organic Alfalfa Sprouts,4,7.88
2751,15011,75220,"Pita Chips, Simply Naked",19,11.46
2751,45007,75220,Organic Zucchini,4,5.08
2752,260,21854,Cantaloupe,4,3.01
2753,27690,23371,Apple Cinnamon GoGo Squeez,19,6.29
2753,34969,23371,Red Vine Tomato,4,9.25
2753,22089,23371,Vitamin D Milk,16,12.21
2754,1940,116331,Organic 2% Reduced Fat Milk,16,1.23
2756,34969,179342,Red Vine Tomato,4,9.25
2759,25199,103344,Classic Chicken Salad,20,4.26
2759,38456,103344,Large Grapefruit,4,3.38
2760,33956,142186,Mighty Mango Juice Smoothie,7,7.47
2761,27464,133716,Direct Trade House Blend Medium Roast Ground Coffee,7,11.02
2761,16759,133716,Organic Carrot Bunch,4,4.17
2763,3836,34620,Spinach And Artichoke Hummus,20,6.73
2765,26604,79613,Organic Blackberries,4,8.08
2765,2298,79613,"Muffins, Mini, Flax, Chocolate Brownie",3,8.0
2765,35042,79613,Black Beans,15,5.95
2765,26177,79613,Organic Honey Nut O's Cereal,14,3.76
2767,37355,183158,Organic Extra Virgin Coconut Oil,13,1.06
2767,46990,183158,Ground Buffalo,12,10.44
2770,31215,184079,Lemon Yogurt,16,10.41
2770,42736,184079,Unsalted Butter,16,9.28
2773,41408,69367,Goat's Milk Cheese,16,6.12
2773,8138,69367,Traditional Hummus,20,2.75
2773,9807,69367,Organic Shells & White Cheddar Macaroni and Cheese,9,1.5
2773,18677,69367,"Minis, Coconut Milk, Non-Dairy Frozen Dessert, no sugar added Vanilla Bar",1,11.94
2773,45356,69367,Gluten Free Dream Cookies Chocolate Vanilla Creme,19,8.13
2775,5115,155061,Organic Medium Brown Eggs,16,11.44
2776,12955,196314,"Super Foods/Organic Apples, Spinach, Peas & Broccoli + Super Chia Snack Pouch",18,3.05
2776,18243,196314,Organic Stage 3 Zucchini Broccoli Medley Baby Food,18,3.4
2777,49424,65489,Cereal Honey Bears,13,8.25
2777,16145,65489,Organic Cannellini Beans,15,5.1
2778,18140,62325,Organic Fresh Pressed Pure Cranberry Juice,7,8.23
2782,42680,100553,Chunky Chocolate Chip Flax Muffins,3,10.77
2783,16726,27022,Roasted Red Chili Paste,6,7.32
2783,26209,27022,Limes,4,4.37
2783,40055,27022,Unbleached Bread Flour,13,11.91
2784,31838,119465,Spikes Medium Chunky Salsa,13,10.23
2786,36086,23351,Philadelphia Original Cream Cheese,16,2.08
2786,34321,23351,Original Pepperoni,20,2.51
2786,10796,23351,Cracker Cuts Extra Sharp Cheddar,16,10.59
2787,39046,99054,Smok Cured Turkey Bacon,12,6.84
2787,20899,99054,Goo Berry Pie Probugs Kefir,16,6.29
2788,14951,72547,Steamers Antioxidant Vegetable Blend,1,5.06
2788,33735,72547,Chick Peas Garbanzos,15,1.64
2788,36605,72547,White Fiber Shells Pasta,9,11.21
2788,43860,72547,Natural Colby Jack Cheese Block,16,2.3
2789,45007,73901,Organic Zucchini,4,5.08
2791,7641,94412,Gluten Free Extra Crispy Fast Food French Fried Potatoes,1,3.81
2791,9530,94412,Premium Strawberry Banana Fruit Smoothie Blend,7,4.78
2794,26209,45335,Limes,4,4.37
2796,39781,53228,Original 7 Grain Crackers,19,6.08
2798,45007,127173,Organic Zucchini,4,5.08
2798,19625,127173,Organic Chicken & Vegetable Potstickers,1,11.18
2799,13780,113588,Thyme,4,10.2
2799,18140,113588,Organic Fresh Pressed Pure Cranberry Juice,7,8.23
2800,5450,96700,Small Hass Avocado,4,5.77
2801,45007,181936,Organic Zucchini,4,5.08
2804,3913,77916,Original Unfiltered Ginger Ale,7,2.84
2807,15820,106027,Cafe Cuisine Sesame Chicken,1,4.26
2807,1117,106027,Turkey Bacon,12,11.85
2812,43768,23832,Organic Bell Pepper,4,2.4
2812,25199,23832,Classic Chicken Salad,20,4.26
2812,3464,23832,"Organic Butterhead (Boston, Butter, Bibb) Lettuce",4,9.0
2813,30878,171244,Organic Chopped Ginger,13,1.6
2813,29766,171244,Ruby Red Grapefruit Light 50 Juice Drink,7,12.34
2814,43875,193408,Baby Food Stage 2 Blueberry Pear & Purple Carrot,18,6.11
2816,26209,22914,Limes,4,4.37
2816,34969,22914,Red Vine Tomato,4,9.25
2816,18027,22914,Ezekiel 4:9 Bread Organic Sprouted Whole Grain,3,11.3
2816,2116,22914,Organic Maple & Onion Baked Beans,15,2.14
2817,28465,140173,Icelandic Style Skyr Blueberry Non-fat Yogurt,16,8.32
2817,43662,140173,"Yogurt, Strained Low-Fat, Coconut",16,11.87
2818,16759,78598,Organic Carrot Bunch,4,4.17
2818,1025,78598,Organic Fresh Basil,4,11.34
2819,28122,147761,Peter Rabbit Organics Kale Broccoli and Mango Purée,18,10.42
2819,48595,147761,Organic Wheat Square Crackers,19,9.0
2821,26604,168162,Organic Blackberries,4,8.08
2824,35176,6060,Cream Cheese Cream Cheese Spread,16,3.27
2825,14477,142090,Organic Spaghetti,9,7.55
2830,45007,68424,Organic Zucchini,4,5.08
2832,27690,119329,Apple Cinnamon GoGo Squeez,19,6.29
2835,6069,27733,Maple Pumpkin Seeds with Sea Salt Chewy with a Crunch Granola Bars,19,7.32
2837,26209,117989,Limes,4,4.37
2837,42736,117989,Unsalted Butter,16,9.28
2837,34969,117989,Red Vine Tomato,4,9.25
2837,17044,117989,French Baguette,3,6.85
2837,6104,117989,Whole Milk Plain Yogurt,16,1.76
2838,44375,57249,Canned Aranciata Orange,7,3.21
2839,23765,194618,Organic Smoked Turkey Breast,20,10.28
2839,48335,194618,Chocolate Brownie Energy Bar,19,11.61
2840,20842,187293,Total 0% Greek Yogurt,16,9.2
2840,45007,187293,Organic Zucchini,4,5.08
2841,39408,37358,Gala Apples,4,4.03
2842,8493,89211,Salt N' Pepper Bean and Rice Chips,19,9.38
2843,45051,199675,Pub Mix,19,8.23
2845,6567,5937,Chocolate Peanut Butter Protein Bar,19,4.83
2846,33120,168005,Organic Egg Whites,16,5.33
2847,18159,143196,Organic Biologique Limes,4,5.06
2848,2962,172621,"Milk, Reduced Fat, 2% Milkfat",16,8.89
2849,44697,29274,Natural Sharp Cheddar Cheese,16,1.79
2849,2151,29274,Classic Vanilla Ice Cream Sandwiches,1,4.9
2849,47141,29274,Cola,7,5.77
2850,17146,174400,Coldwater High Efficiency Liquid Laundry Detergent,17,2.41
2851,34969,22401,Red Vine Tomato,4,9.25
2851,3464,22401,"Organic Butterhead (Boston, Butter, Bibb) Lettuce",4,9.0
2851,45007,22401,Organic Zucchini,4,5.08
2851,36735,22401,Organic Roasted Sliced Chicken Breast,20,10.42
2855,22504,118092,Organic Mountain Forest Amber Honey,13,2.16
2855,26604,118092,Organic Blackberries,4,8.08
2855,28963,118092,Naked Sponges - 2 CT,17,1.05
2856,37402,104209,Original Pancake Syrup,13,12.02
2858,44371,186236,Alaskan Salmon Burgers,1,11.21
2859,5258,77217,Sparkling Water,7,10.95
2860,36735,111921,Organic Roasted Sliced Chicken Breast,20,10.42
2862,47866,168942,Jalapeno Potato Chips,19,12.02
2863,781,1378,Organic Shredded Mild Cheddar,16,2.78
2864,28745,119599,Oven Roasted Turkey,20,7.99
2866,29974,135004,Gluten Free Cinnamon French Toast Sticks,1,12.54
2867,1194,92493,Natural Artisan Water,7,7.42
2867,13113,92493,Organic Apple Juice Boxes,7,9.79
2868,3464,138883,"Organic Butterhead (Boston, Butter, Bibb) Lettuce",4,9.0
2868,23554,138883,Organic Vanilla Bean Ice Cream,1,6.65
2870,16840,5330,Mild Guacamole,20,2.21
2870,45007,5330,Organic Zucchini,4,5.08
2873,15693,41008,Organic Peach Oo La Long Tea,7,9.36
2873,19677,41008,Original Pure Creamy Almond Milk,16,6.4
2875,4981,120899,Parmesan and Rosemary Microwave Popcorn,19,10.97
2875,43662,120899,"Yogurt, Strained Low-Fat, Coconut",16,11.87
2876,781,80435,Organic Shredded Mild Cheddar,16,2.78
2877,16291,188413,Organic Extra Large Brown Omega 3 Eggs,16,8.98
2877,13249,188413,Skim Milk,16,9.33
2877,37952,188413,Soup Lentil,15,9.83
2879,36206,66224,Gluten Free Original Recipe Tapioca Pudding,16,2.79
2880,10761,149439,Organic Yokids Lemonade/Blueberry Variety Pack Yogurt Squeezers Tubes,16,4.56
2880,10527,149439,Whipped Butter,16,3.95
2880,13431,149439,Flaky Biscuits,13,1.83
2880,343,149439,Organic Whole Peeled Baby Carrots,4,5.78
2880,28527,149439,White Horseradish,13,12.12
2880,38274,149439,Ice Cream Sandwiches Vanilla,1,7.17
2881,23285,102939,Charbroiled Chicken & Monterey Jack Cheese Quesadillas,1,6.25
2883,26604,113762,Organic Blackberries,4,8.08
2883,37193,113762,Shelled Edamame,1,1.74
2883,40268,113762,Organic Wheat-Free & Gluten-Free Original Crackers,19,3.71
2884,19906,37835,Fresh Whole White Mushrooms,4,2.73
2884,44368,37835,Fresh Mozzarella Cheese,16,11.12
2884,14563,37835,Puff Pastry Sheets,1,1.8
2890,43662,118669,"Yogurt, Strained Low-Fat, Coconut",16,11.87
2890,14870,118669,Icelandic Style Fat Free Plain Yogurt,16,4.27
2891,5445,197658,Protein Zone Protein Juice Smoothie,7,5.82
2891,39844,197658,Mini Sweet Peppers,4,11.24
2892,260,171416,Cantaloupe,4,3.01
2893,41597,205700,Organic Jumbo Eggs,16,10.21
2894,25647,181035,Heirloom Tomato,4,4.3
2896,43768,47375,Organic Bell Pepper,4,2.4
2899,24830,26145,Organic Romaine,4,10.27
2900,42447,189424,100% Juice,7,12.08
2900,37940,189424,Original Strawberry Low Fat Yogurt,16,12.55
2900,28733,189424,Chicken Nuggets,1,11.03
2900,14295,189424,Sea Salt Garden Veggie Straws,19,6.72
2900,32888,189424,Simply Clean Baby Wipes,18,11.78
2900,35383,189424,Classic White Bread,3,6.03
2901,42174,168436,Light Style Soft Wheat Bread,3,12.2
2902,29781,94723,Fragrance Free Conditioner,11,7.23
2904,26209,11334,Limes,4,4.37
2905,24830,102339,Organic Romaine,4,10.27
2907,47866,42417,Jalapeno Potato Chips,19,12.02
2907,7350,42417,Natural Lime Flavor Sparkling Mineral Water,7,1.88
2907,36961,42417,Pink Cripps Apple,4,2.89
2908,26209,156422,Limes,4,4.37
2908,32429,156422,Red Mango,4,3.5
2909,26665,60067,Tandoor Baked Naan,3,8.66
2911,26209,7610,Limes,4,4.37
2911,35939,7610,Organic Jalapeno Pepper,4,9.93
2912,48335,110033,Chocolate Brownie Energy Bar,19,11.61
2917,35336,135169,Naked Green Machine Boosted Juice Smoothie,7,1.11
2917,42475,135169,Unsalted Butter Quarters,16,2.61
2917,45683,135169,Heavy Duty Scrub Sponge,17,9.11
2920,20842,92679,Total 0% Greek Yogurt,16,9.2
2920,8138,92679,Traditional Hummus,20,2.75
2920,48595,92679,Organic Wheat Square Crackers,19,9.0
2920,12290,92679,Brie,16,10.11
2923,13007,60948,Deli Snackers Turkey Breast/Bacon Pieces/Colby & Monterey Jack Cheese Portable Protein Pack,12,2.14
2925,12614,198169,Yellow Grape Tomatoes,4,1.39
2925,4981,198169,Parmesan and Rosemary Microwave Popcorn,19,10.97
2926,49247,159694,Coconut Yoghurt,16,4.8
2927,17877,146835,Original Petroleum Jelly,11,12.08
2928,32069,22104,Organic Whole Grain Brown Rice Microwaveable Pouches,9,8.43
2929,33120,173056,Organic Egg Whites,16,5.33
2931,26209,185706,Limes,4,4.37
2931,35939,185706,Organic Jalapeno Pepper,4,9.93
2934,26209,191763,Limes,4,4.37
2934,35939,191763,Organic Jalapeno Pepper,4,9.93
2945,49505,81444,Hot Italian Sausage,12,8.46
2945,33897,81444,Chicken Wings,12,5.64
2946,14867,153852,Honey Bunny Grahams,19,3.63
2949,4401,144045,Saffron,13,4.63
2950,26209,95441,Limes,4,4.37
2952,5115,24823,Organic Medium Brown Eggs,16,11.44
2952,26604,24823,Organic Blackberries,4,8.08
2952,49102,24823,Gluten Free Ancient Grain Pasta Penne,9,1.81
2952,26177,24823,Organic Honey Nut O's Cereal,14,3.76
2952,27509,24823,Organic Seasoned Yukon Select Potatoes Hashed Browns,1,5.21
2952,24830,24823,Organic Romaine,4,10.27
2952,5085,24823,Organic Stage 1 First Peas Baby Food,18,4.64
2954,22090,150952,Corn De Maiz Blanco Tortillas,3,8.11
2958,1940,104764,Organic 2% Reduced Fat Milk,16,1.23
2958,260,104764,Cantaloupe,4,3.01
2958,26604,104764,Organic Blackberries,4,8.08
2960,26209,45255,Limes,4,4.37
2962,46802,175182,Pineapple Chunks,1,6.76
2963,14437,80812,Total Greek Yogurt With Honey,16,6.44
2963,40171,80812,Organic Sweet Vanilla Bean Nutrition Complete Protein Shake,11,4.83
2965,45007,92602,Organic Zucchini,4,5.08
2967,17160,172420,Smooth & Creamy Organic Lowfat French Vanilla Yogurt,16,1.13
2968,8143,96669,Baker's Pure Cane Ultrafine Sugar,13,6.42
2968,8638,96669,Vanilla Milk Chocolate Almond Ice Cream Bars,1,8.33
2973,10500,45588,Cool Mint® Antiseptic Adult Mouthwash,11,12.18
2973,22920,45588,Roasted & Salted Shelled Pistachios,19,7.88
2973,39539,45588,Milk Chocolate with Whole Hazelnuts,19,11.47
2974,38772,151382,Provolone,16,1.84
2976,27509,110808,Organic Seasoned Yukon Select Potatoes Hashed Browns,1,5.21
2976,23054,110808,Whole Wheat Sourdough,3,2.06
2976,34969,110808,Red Vine Tomato,4,9.25
2978,36070,100142,"Super Spinach! Baby Spinach, Baby Bok Choy, Sweet Baby Kale",4,4.34
2979,5115,182821,Organic Medium Brown Eggs,16,11.44
2979,45007,182821,Organic Zucchini,4,5.08
2982,33354,188291,Get Focused Breakfast Burrito,1,4.84
2984,260,104111,Cantaloupe,4,3.01
2987,46820,31308,Vanilla Pure Almond Milk,16,11.94
2987,26568,31308,Polenta Enriched Corn Meal,9,7.45
2987,17260,31308,Raw Cacao Nibs,13,5.21
2987,26209,31308,Limes,4,4.37
2987,28527,31308,White Horseradish,13,12.12
2988,31127,16826,Sweet Batard,3,5.64
2989,12919,6696,Coconut Sparkling Water,7,12.1
2991,37067,109463,Organic Banana,4,10.85
2997,6473,38394,Bag of Lemons,4,6.98
2998,26209,162047,Limes,4,4.37
3000,45866,203473,Fig Newmans Fruit Filled Cookies,19,2.46
3001,4977,130871,Mushroom Barley Soup,20,8.5
3001,7808,130871,Mango Grapefruit Water,7,1.34
3002,26209,181050,Limes,4,4.37
3002,45007,181050,Organic Zucchini,4,5.08
3007,37066,190349,Original Cherry Orchard Yogurt,16,9.7
3007,4006,190349,Hazelnut Spread With Skim Milk & Cocoa,13,4.62
3008,38448,114119,Chunk White Albacore Tuna in Water,15,7.28
3008,38318,114119,Original Flavor Instant Oatmeal,14,8.98
3008,32429,114119,Red Mango,4,3.5
3011,7350,17370,Natural Lime Flavor Sparkling Mineral Water,7,1.88
3011,3090,17370,Very Berry Flavor Sparkling Mineral Water,7,3.56
3012,39442,164090,Hot Kid Toddler Mum-Mum Organic Rice Biscuit Strawberry,18,5.4
3016,19677,138535,Original Pure Creamy Almond Milk,16,6.4
3016,14437,138535,Total Greek Yogurt With Honey,16,6.44
3017,45116,80160,Potatoes Sweet,4,1.02
3018,14870,81791,Icelandic Style Fat Free Plain Yogurt,16,4.27
3018,45210,81791,Organic Greek Lowfat Yogurt With Blueberries,16,5.69
3018,49621,81791,Challah Bread,3,5.17
3018,38456,81791,Large Grapefruit,4,3.38
3019,23296,14821,Blueberry on the Bottom Nonfat Greek Yogurt,16,2.27
3019,2151,14821,Classic Vanilla Ice Cream Sandwiches,1,4.9
3022,45064,69696,Honey Wheat Bread,3,1.52
3022,2535,69696,Shaved Parmesan,16,9.81
3022,40310,69696,Oven Roasted Turkey Breast,20,8.23
3022,25581,69696,Blueberry Lowfat Yogurt,16,6.37
3022,39604,69696,Turkey Breakfast Sausage Links,12,2.75
3023,7963,201026,Gluten Free Whole Grain Bread,1,4.53
3024,43463,56367,Tall Kitchen Trash Bags with Flap Closure 13 gallon,17,8.09
3024,36485,56367,Organic Stage 2 Winter Squash Baby Food Puree,18,0.97
3024,27277,56367,Organic Stage 1 First Sweet Potatoes,18,1.11
3025,41806,74870,Organic Greek Whole Milk Blended Strawberry Yogurt,16,7.97
3025,4809,74870,Greek Whole Milk Blended Blueberry Yogurt,16,6.38
3025,2002,74870,"The \""World's Best\"" Veggie Burger",1,0.89
3025,26629,74870,Cherry Pie Fruit & Nut Bar,19,1.38
3026,1700,152526,White Cheddar Popcorn,19,5.86
3028,5258,89187,Sparkling Water,7,10.95
3029,10106,119994,Honey & Maple Turkey Breast,20,8.53
3030,13061,117885,Chocolate Chip Little Muffins,19,9.41
3031,33120,2555,Organic Egg Whites,16,5.33
3033,31087,41107,Whole Kernel Corn No Salt Added,15,2.25
3034,4817,116316,Cinnamon Apple Sauce,15,7.87
3036,28745,91123,Oven Roasted Turkey,20,7.99
3038,260,187585,Cantaloupe,4,3.01
3038,18027,187585,Ezekiel 4:9 Bread Organic Sprouted Whole Grain,3,11.3
3039,7788,61833,"Deli Fresh Smoked Ham, 97% Fat Free, Gluten Free",20,5.24
3042,25705,97665,Butterhead Lettuce,4,0.98
3043,19677,129783,Original Pure Creamy Almond Milk,16,6.4
3043,12572,129783,6 OZ LA PANZANELLA CROSTINI ORIGINAL CRACKERS,19,1.78
3043,49621,129783,Challah Bread,3,5.17
3045,28635,136245,0% Greek Yogurt Black Cherry on the Bottom,16,7.7
3045,34766,136245,Crunchy Oats 'n Dark Chocolate Granola Bars,19,8.88
3046,19173,17926,Orange Calcium & Vitamin D Pulp Free,7,11.11
3047,35939,93759,Organic Jalapeno Pepper,4,9.93
3048,6473,90000,Bag of Lemons,4,6.98
3048,43772,90000,Cherubs Heavenly Salad Tomatoes,4,1.15
3050,260,129394,Cantaloupe,4,3.01
3051,4962,187378,Yotoddler Organic Pear Spinach Mango Yogurt,16,10.68
3052,36436,114974,Coffee Chocolate Chip Frozen Greek Yogurt Bars,1,10.98
3052,31387,114974,Natural Almonds 100 Calorie Packs,19,12.4
3057,23002,84677,2X Protein Original Cream Cheese Spread,16,11.32
3060,39448,177122,Cold Brew Coffee Mocha,16,11.23
3060,16926,177122,Organic Golden Ginger Ale Soda,7,4.0
3061,17356,154317,Fat Free Sour Cream,16,7.98
3061,45064,154317,Honey Wheat Bread,3,1.52
3062,11865,5543,Light & Lean Spaghetti Italiano with Meatless Meatballs,1,12.22
3063,39408,36110,Gala Apples,4,4.03
3063,26209,36110,Limes,4,4.37
3063,6104,36110,Whole Milk Plain Yogurt,16,1.76
3065,43662,191877,"Yogurt, Strained Low-Fat, Coconut",16,11.87
3065,28465,191877,Icelandic Style Skyr Blueberry Non-fat Yogurt,16,8.32
3065,36315,191877,Low Fat Split Pea Soup,15,12.38
3069,890,181402,Organic Diced Tomatoes,15,1.35
3070,33911,43931,Zero Calorie Cream Soda,7,7.55
3070,36070,43931,"Super Spinach! Baby Spinach, Baby Bok Choy, Sweet Baby Kale",4,4.34
3074,40826,65240,Manhattan Style Whole Kosher Pickles,13,1.78
3074,7598,65240,Organic Unsweetened Creamy Cashewmilk,16,8.56
3074,38164,65240,Almonds & Sea Salt in Dark Chocolate,19,9.32
3075,36968,93727,Organics Big Bird's Apple 100% Juice,7,4.85
3077,9275,150532,Classics Parmesan Garlic Wings,1,6.37
3078,4163,176388,Spanish Rice Pilaf Mix,9,7.87
3080,46484,132729,Peanut Butter Dark Chocolate + Protein Nutrition Bar,19,7.15
3082,26209,99786,Limes,4,4.37
3085,45007,12788,Organic Zucchini,4,5.08
3089,45007,158524,Organic Zucchini,4,5.08
3089,6104,158524,Whole Milk Plain Yogurt,16,1.76
3090,41597,96817,Organic Jumbo Eggs,16,10.21
3092,39046,170242,Smok Cured Turkey Bacon,12,6.84
3092,13974,170242,Reduced Fat Creamy Peanut Butter Spread,13,8.81
3094,42680,61011,Chunky Chocolate Chip Flax Muffins,3,10.77
3097,19510,110483,Roasted Garlic Chicken Sausage,12,6.17
3097,31215,110483,Lemon Yogurt,16,10.41
3098,43409,171318,Frosted Mini-Wheats Original Cereal,14,12.46
3099,31513,50583,Kefir Cultured Milk Smoothie Plain,16,1.1
3099,4149,50583,Frozen Organic Blueberries,4,11.59
3099,45007,50583,Organic Zucchini,4,5.08
3100,34942,170687,Kahuna Crunch Trail Mix,19,5.24
3104,15925,27312,Macaroni and Cheese,1,9.5
3104,22089,27312,Vitamin D Milk,16,12.21
3105,10388,118407,Classic Mixed Vegetables,1,11.96
3106,47792,107783,Organic Beans & Rice Cheddar Cheese Burrito,1,8.35
3106,13974,107783,Reduced Fat Creamy Peanut Butter Spread,13,8.81
3108,31958,125088,Spinach and Arugula Salad,4,9.62
3108,4933,125088,with Olive Oil Mayonnaise,13,7.02
3114,12572,182458,6 OZ LA PANZANELLA CROSTINI ORIGINAL CRACKERS,19,1.78
3116,26209,204802,Limes,4,4.37
3116,25199,204802,Classic Chicken Salad,20,4.26
3117,43183,146686,Deli Fresh Shaved Smoked Turkey Breast,20,12.45
3119,45392,102245,Unbleached 100% Recycled Bath Tissue (Double Rolls),17,1.73
3120,29020,187729,Whiskey,5,10.04
3120,35948,187729,Tonic Water,7,7.7
3122,22124,139453,Total 0% Raspberry Yogurt,16,9.08
3122,2664,139453,First Prunes,18,3.44
3125,38772,152363,Provolone,16,1.84
3125,45007,152363,Organic Zucchini,4,5.08
3125,24830,152363,Organic Romaine,4,10.27
3126,26133,157847,Classic Macaroni & Mild Cheddar Cheese,9,8.89
3128,5115,197075,Organic Medium Brown Eggs,16,11.44
3128,5450,197075,Small Hass Avocado,4,5.77
3128,38456,197075,Large Grapefruit,4,3.38
3129,16874,43607,Chocolate Fudge Brownie Ice Cream,1,4.04
3129,38996,43607,Grape Tomatoes,4,4.64
3131,20842,138698,Total 0% Greek Yogurt,16,9.2
3131,45885,138698,Mara Natha Organic Peanut Butter Crunchy,13,7.19
3132,45210,21358,Organic Greek Lowfat Yogurt With Blueberries,16,5.69
3132,41806,21358,Organic Greek Whole Milk Blended Strawberry Yogurt,16,7.97
3134,16759,126054,Organic Carrot Bunch,4,4.17
3135,49640,182530,Sourdough Loaf,3,11.15
3137,38772,20730,Provolone,16,1.84
3138,46562,185406,Sweet & Salty Nut Granola Bars Peanut,19,3.56
3141,12614,172340,Yellow Grape Tomatoes,4,1.39
3141,26604,172340,Organic Blackberries,4,8.08
3143,43037,43334,Garden Minestrone Soup,20,3.05
3144,14403,97729,Gluten Free Breaded Chicken Nuggets,1,3.28
3145,9597,153571,Sweet Kale Chopped Salad,4,3.58
3145,28465,153571,Icelandic Style Skyr Blueberry Non-fat Yogurt,16,8.32
3145,36436,153571,Coffee Chocolate Chip Frozen Greek Yogurt Bars,1,10.98
3147,46820,8084,Vanilla Pure Almond Milk,16,11.94
3147,42083,8084,Decaffeinated Irish Breakfast Tea Bags,7,3.84
3147,11475,8084,Scarlet Citrus Rooibos Herbal Tea Filterbags,7,8.7
3152,6933,110991,Strained Whole-Milk Yogurt Blueberry,16,11.85
3152,41806,110991,Organic Greek Whole Milk Blended Strawberry Yogurt,16,7.97
3152,4809,110991,Greek Whole Milk Blended Blueberry Yogurt,16,6.38
3153,39024,92915,Edamame In Pod,1,5.6
3154,42110,108776,Organic Macaroni Shells & Real Aged Cheddar,9,12.09
3155,19677,65247,Original Pure Creamy Almond Milk,16,6.4
3155,26209,65247,Limes,4,4.37
3156,2002,41031,"The \""World's Best\"" Veggie Burger",1,0.89
3156,890,41031,Organic Diced Tomatoes,15,1.35
3156,43768,41031,Organic Bell Pepper,4,2.4
3156,33503,41031,Zucchini Banana & Amaranth Organic Baby Food,18,3.23
3159,12614,12326,Yellow Grape Tomatoes,4,1.39
3159,20842,12326,Total 0% Greek Yogurt,16,9.2
3161,38164,133447,Almonds & Sea Salt in Dark Chocolate,19,9.32
3162,46515,112553,Cheez-It Packs,19,1.69
3162,41643,112553,Super V Fruit Punch Fruit & Vegetable Juice Drink,7,7.07
3162,43183,112553,Deli Fresh Shaved Smoked Turkey Breast,20,12.45
3162,31394,112553,100 Calorie Pretzels Packs,19,2.57
3163,23554,137639,Organic Vanilla Bean Ice Cream,1,6.65
3164,42635,204853,Black Spiced Rum,5,7.0
3165,31954,71422,Broccoli Slaw,4,9.4
3165,47630,71422,Medium Navel Orange,4,5.6
3166,43768,46838,Organic Bell Pepper,4,2.4
3168,37067,66455,Organic Banana,4,10.85
3168,7963,66455,Gluten Free Whole Grain Bread,1,4.53
3168,47866,66455,Jalapeno Potato Chips,19,12.02
3169,41408,36010,Goat's Milk Cheese,16,6.12
3169,46252,36010,Original Thin Rye Crispbread,19,7.26
3171,22627,38724,Gluten Free Flour,13,7.99
3171,42736,38724,Unsalted Butter,16,9.28
3172,34169,201684,"Hommus, Artichoke Spinach",20,3.28
3172,343,201684,Organic Whole Peeled Baby Carrots,4,5.78
3174,30827,137520,Seedless Cucumbers,4,5.22
3175,24004,114963,Goldfish Parmesan Baked Snack Crackers,19,6.78
3175,8460,114963,Hearty Thick Cut Bacon,12,5.7
3175,39462,114963,Long Grain White Rice,9,6.92
3175,11233,114963,100% Whole Wheat Pre-Sliced Sandwich Thins,3,5.2
3175,35948,114963,Tonic Water,7,7.7
3177,35065,22963,Orange Strawberry Banana Juice,7,2.03
3178,14267,27250,Organic Refried Black Beans,15,9.37
3178,6457,27250,Organic Koala Crisp Chocolate Cereal,14,3.89
3180,24267,46215,Orange Seltzer Water,7,4.61
3180,35336,46215,Naked Green Machine Boosted Juice Smoothie,7,1.11
3180,22089,46215,Vitamin D Milk,16,12.21
3180,12614,46215,Yellow Grape Tomatoes,4,1.39
3180,46802,46215,Pineapple Chunks,1,6.76
3181,26209,179973,Limes,4,4.37
3181,26604,179973,Organic Blackberries,4,8.08
3183,14870,149760,Icelandic Style Fat Free Plain Yogurt,16,4.27
3183,26209,149760,Limes,4,4.37
3184,5450,144337,Small Hass Avocado,4,5.77
3184,35469,144337,Enchilada Black Bean Vegetable,1,3.44
3184,45007,144337,Organic Zucchini,4,5.08
3185,2677,100330,Yerba Mate Sparkling Classic Gold,7,2.49
3185,6583,100330,Oraganic Lemon Elation Yerba Mate Drink,7,3.93
3185,41716,100330,Jalapeno,19,11.83
3186,30827,79281,Seedless Cucumbers,4,5.22
3189,14371,53982,Organic Nonfat Milk,16,10.79
3189,40198,53982,Blueberry Yoghurt,16,8.81
3192,41770,144004,Dried Cherry Montmorency Tart,19,0.94
3192,2452,144004,Naturals Chicken Nuggets,1,1.24
3192,12312,144004,Lavender Hand Soap,11,11.33
3194,30827,76863,Seedless Cucumbers,4,5.22
3195,44375,205684,Canned Aranciata Orange,7,3.21
3196,31020,188409,Organic Honey Grade A,13,6.18
3197,20899,175288,Goo Berry Pie Probugs Kefir,16,6.29
3198,11707,156712,Peanut Butter Chocolate Chip Macrobar,19,8.92
3198,5450,156712,Small Hass Avocado,4,5.77
3198,28465,156712,Icelandic Style Skyr Blueberry Non-fat Yogurt,16,8.32
3198,19677,156712,Original Pure Creamy Almond Milk,16,6.4
3198,1397,156712,Wellness Formula Herbal Defense Complex,11,6.37
3201,38456,24914,Large Grapefruit,4,3.38
3203,42972,21782,Natural Pure Sparkling Water,7,4.77
3205,43662,114041,"Yogurt, Strained Low-Fat, Coconut",16,11.87
3206,47792,166843,Organic Beans & Rice Cheddar Cheese Burrito,1,8.35
3208,1940,158707,Organic 2% Reduced Fat Milk,16,1.23
3208,45007,158707,Organic Zucchini,4,5.08
3210,30696,45075,Eggo Homestyle Waffles,1,6.45
3210,19906,45075,Fresh Whole White Mushrooms,4,2.73
3210,18094,45075,Organic Creamy Deluxe Macaroni Dinner Rotini & White Cheddar Sauce,9,3.66
3210,34969,45075,Red Vine Tomato,4,9.25
3213,49424,18067,Cereal Honey Bears,13,8.25
3213,30962,18067,Vanilla Greek Yogurt 0% Fat,16,12.25
3217,5450,203503,Small Hass Avocado,4,5.77
3217,3464,203503,"Organic Butterhead (Boston, Butter, Bibb) Lettuce",4,9.0
3218,1117,2688,Turkey Bacon,12,11.85
3218,39046,2688,Smok Cured Turkey Bacon,12,6.84
3218,32429,2688,Red Mango,4,3.5
3220,18656,105603,Organic Red Potato,4,1.93
3225,33956,31021,Mighty Mango Juice Smoothie,7,7.47
3230,42736,181719,Unsalted Butter,16,9.28
3230,26604,181719,Organic Blackberries,4,8.08
3231,48595,4356,Organic Wheat Square Crackers,19,9.0
3231,23737,4356,Organic 100% Grapefruit  Juice,7,8.02
3231,14870,4356,Icelandic Style Fat Free Plain Yogurt,16,4.27
3231,47792,4356,Organic Beans & Rice Cheddar Cheese Burrito,1,8.35
3232,34969,183077,Red Vine Tomato,4,9.25
3232,41557,183077,Original Deli Style Pretzel Crackers,19,2.2
3232,7126,183077,Original Ground Coffee,7,7.78
3232,33735,183077,Chick Peas Garbanzos,15,1.64
3232,35042,183077,Black Beans,15,5.95
3233,19173,103035,Orange Calcium & Vitamin D Pulp Free,7,11.11
3236,10875,196082,Sushi Chef Traditional Japanese Style Mirin Sweetened Sake,6,7.98
3240,44570,47642,Kale Greens,4,4.15
3240,1700,47642,White Cheddar Popcorn,19,5.86
3240,40339,47642,Maple Greek Yogurt,16,6.09
3242,24062,65996,Flourless  Sprouted Whole Grain 7-Sprouted Grains English Muffins,3,4.68
3244,19173,72370,Orange Calcium & Vitamin D Pulp Free,7,11.11
3244,12312,72370,Lavender Hand Soap,11,11.33
3244,4163,72370,Spanish Rice Pilaf Mix,9,7.87
3245,39982,917,Sausage  Links,1,7.5
3245,13974,917,Reduced Fat Creamy Peanut Butter Spread,13,8.81
3245,30696,917,Eggo Homestyle Waffles,1,6.45
3245,18963,917,Apple Cider Vinegar,13,9.67
3248,43626,75442,Ultra Moisturizing Lavender Shave Cream,11,9.29
3250,20842,120605,Total 0% Greek Yogurt,16,9.2
3251,42240,98380,Ultra Soft Facial Tissues,17,12.0
3251,46788,98380,Moisture Rich Luxurious Shampoo with Pump,11,2.97
3252,35939,166785,Organic Jalapeno Pepper,4,9.93
3253,46802,97269,Pineapple Chunks,1,6.76
3255,21626,67050,Organic Cinnamon Raisin Granola,14,3.71
3256,6473,125664,Bag of Lemons,4,6.98
3256,22124,125664,Total 0% Raspberry Yogurt,16,9.08
3256,38456,125664,Large Grapefruit,4,3.38
3256,38772,125664,Provolone,16,1.84
3257,39408,144873,Gala Apples,4,4.03
3259,37067,183288,Organic Banana,4,10.85
3261,9890,132846,Whole Lychees in Heavy Syrup,15,6.89
3266,2664,89930,First Prunes,18,3.44
3266,39977,89930,Pumpkin & Spinach Stage 2 Baby Food,18,9.44
3267,3245,158772,Organic Stage 2 Apple Oatmeal With Cinnamon Baby Food,18,4.15
3272,35383,115415,Classic White Bread,3,6.03
3273,14372,138095,Original 5-Cheese Pizza,1,2.88
3274,16759,16011,Organic Carrot Bunch,4,4.17
3275,47630,53748,Medium Navel Orange,4,5.6
3278,38558,155229,Organic Low Fat Cottage Cheese,16,9.47
3279,42736,111327,Unsalted Butter,16,9.28
3279,12572,111327,6 OZ LA PANZANELLA CROSTINI ORIGINAL CRACKERS,19,1.78
3279,41917,111327,Roasted Salted Pistachios,2,6.01
3279,5450,111327,Small Hass Avocado,4,5.77
3279,20842,111327,Total 0% Greek Yogurt,16,9.2
3279,9054,111327,Dancy Tangerines,4,2.76
3281,39448,107541,Cold Brew Coffee Mocha,16,11.23
3282,40310,97016,Oven Roasted Turkey Breast,20,8.23
3283,22565,1381,"Disinfecting Wipes, Lemon Scent",17,6.39
3283,38456,1381,Large Grapefruit,4,3.38
3283,4149,1381,Frozen Organic Blueberries,4,11.59
3283,43768,1381,Organic Bell Pepper,4,2.4
3283,15455,1381,Organic Extra Virgin Oil Olive,13,8.12
3284,45007,119611,Organic Zucchini,4,5.08
3286,42404,195138,Multi Grain Waffles,1,12.48
3286,4106,195138,Just Strawberries 'N Bananas,19,6.53
3286,1025,195138,Organic Fresh Basil,4,11.34
3286,44787,195138,Stage 1 - Just Prunes,18,6.69
3288,211,58289,Gluten Free Organic Cereal Coconut Maple Vanilla,14,4.4
3291,18656,84474,Organic Red Potato,4,1.93
3291,1194,84474,Natural Artisan Water,7,7.42
3293,31533,127731,Spinach Feta in a Pocket Sandwich,1,2.06
3293,6750,127731,Cheese Ravioli with Sauce Bowls,1,11.37
3295,46770,3243,Raw Hummus,13,11.95
3296,10258,166808,Pistachios,19,9.49
3297,28465,107882,Icelandic Style Skyr Blueberry Non-fat Yogurt,16,8.32
3301,18243,195978,Organic Stage 3 Zucchini Broccoli Medley Baby Food,18,3.4
3302,37067,116952,Organic Banana,4,10.85
3302,33120,116952,Organic Egg Whites,16,5.33
3303,45007,115957,Organic Zucchini,4,5.08
3304,33120,42591,Organic Egg Whites,16,5.33
3304,20947,42591,Passionberry Bliss Kombucha Drink,7,11.87
3305,15273,142254,Organic Jumbo Grade A Pastured Eggs,16,5.15
3307,4675,191242,Boniato Sweet Potato,4,9.16
3308,26209,193481,Limes,4,4.37
3308,37193,193481,Shelled Edamame,1,1.74
3308,48099,193481,Truffle Parmesan Macaroni & Cheese Bowl,1,9.05
3311,31912,9852,Avocado Oil,13,1.61
3312,26604,94177,Organic Blackberries,4,8.08
3313,45139,154464,Honey Mustard Avocado Oil Dressing,13,2.05
3315,35469,6754,Enchilada Black Bean Vegetable,1,3.44
3317,10761,46838,Organic Yokids Lemonade/Blueberry Variety Pack Yogurt Squeezers Tubes,16,4.56
3320,35176,66515,Cream Cheese Cream Cheese Spread,16,3.27
3320,46802,66515,Pineapple Chunks,1,6.76
3324,24535,123531,Plain Whole Milk Yogurt,16,6.17
3324,6104,123531,Whole Milk Plain Yogurt,16,1.76
3328,36362,155159,"Baked Crackers, Cheddar Cheese",14,3.95
3330,12276,67699,Chocolate Chip Cookie Dough Ice Cream,1,8.4
3331,40826,81184,Manhattan Style Whole Kosher Pickles,13,1.78
3334,16759,34691,Organic Carrot Bunch,4,4.17
3337,42736,169292,Unsalted Butter,16,9.28
3338,43772,194023,Cherubs Heavenly Salad Tomatoes,4,1.15
3338,37940,194023,Original Strawberry Low Fat Yogurt,16,12.55
3338,31564,194023,Crackers,19,1.11
3340,9171,148310,Organic Balsamic Vinaigrette Dressing,13,3.04
3342,33410,179640,Wonderfruit Acai Energy Blend,7,3.94
3345,41259,178966,Poblano Pepper,4,10.56
3346,37193,147325,Shelled Edamame,1,1.74
3347,4149,205908,Frozen Organic Blueberries,4,11.59
3348,34969,25116,Red Vine Tomato,4,9.25
3351,33120,66340,Organic Egg Whites,16,5.33
3351,45007,66340,Organic Zucchini,4,5.08
3352,47141,194178,Cola,7,5.77
3352,13250,194178,Double Protein Oatmeal English Muffins,3,5.92
3353,890,42959,Organic Diced Tomatoes,15,1.35
3354,30353,32508,Curate Cherry Lime Sparkling Water,7,1.86
3356,26604,136558,Organic Blackberries,4,8.08
3359,23554,19875,Organic Vanilla Bean Ice Cream,1,6.65
3359,12118,19875,Organic Whole Grain Spanish Rice,9,4.97
3361,26209,26591,Limes,4,4.37
3361,36885,26591,Rose,5,6.65
3362,890,84926,Organic Diced Tomatoes,15,1.35
3362,5450,84926,Small Hass Avocado,4,5.77
3362,4478,84926,Chocolate Fudge Brownie Frozen Yogurt,1,8.48
3365,33120,112555,Organic Egg Whites,16,5.33
3365,1503,112555,Low Fat Cottage Cheese,16,1.45
3366,43875,204829,Baby Food Stage 2 Blueberry Pear & Purple Carrot,18,6.11
3369,37067,48465,Organic Banana,4,10.85
3369,22124,48465,Total 0% Raspberry Yogurt,16,9.08
3369,23296,48465,Blueberry on the Bottom Nonfat Greek Yogurt,16,2.27
3369,7569,48465,Sweet Cream Unsalted Sweet Butter Sticks,16,9.68
3371,26209,203085,Limes,4,4.37
3371,40310,203085,Oven Roasted Turkey Breast,20,8.23
3371,41785,203085,Organic Nine Mixed Grain Bread,1,4.1
3375,42736,66171,Unsalted Butter,16,9.28
3375,48144,66171,Tater Tots,1,1.22
3375,48907,66171,Garden Salad Mix,4,4.02
3376,30827,16573,Seedless Cucumbers,4,5.22
3382,33810,23266,Citrus Dish Soap,17,9.69
3387,42347,175450,Caffeine Free Diet Cola All Natural Soda,7,11.32
3387,15925,175450,Macaroni and Cheese,1,9.5
3387,4478,175450,Chocolate Fudge Brownie Frozen Yogurt,1,8.48
3388,5258,21470,Sparkling Water,7,10.95
3389,890,25321,Organic Diced Tomatoes,15,1.35
3390,42736,50909,Unsalted Butter,16,9.28
3391,10603,83971,93% Ground Beef,12,3.6
3392,890,171380,Organic Diced Tomatoes,15,1.35
3392,39448,171380,Cold Brew Coffee Mocha,16,11.23
3393,19003,163442,Celery,4,5.68
3393,45007,163442,Organic Zucchini,4,5.08
3394,19003,179269,Celery,4,5.68
3398,31342,56413,Organic SprouTofu Extra Firm Tofu,20,9.28
3398,39667,56413,Natural Shiitake Sesame Vinaigrette Dressing,13,3.06
3403,18689,68558,Dairy-Free Chive Cream Cheese,16,10.12
3404,26209,166695,Limes,4,4.37
3404,781,166695,Organic Shredded Mild Cheddar,16,2.78
3406,40696,183539,Creamy Harvarti Cheese,16,4.44
3406,24679,183539,Petite Smoked Oysters,15,1.24
3409,42736,87958,Unsalted Butter,16,9.28
3414,18019,151437,Macaroni & Cheese Dinner Original Flavor,9,3.73
3418,45116,199625,Potatoes Sweet,4,1.02
3419,45260,182020,Organic Virgin Coconut Oil,13,5.45
3420,45007,131597,Organic Zucchini,4,5.08
3420,49273,131597,Light and Lean Quinoa Black Beans with Butternut Squash and Chard,1,1.34
3420,31533,131597,Spinach Feta in a Pocket Sandwich,1,2.06
3420,15273,131597,Organic Jumbo Grade A Pastured Eggs,16,5.15
3425,43662,132704,"Yogurt, Strained Low-Fat, Coconut",16,11.87
3425,33135,132704,Organic Blueberry Kefir,16,8.24
3426,33120,170703,Organic Egg Whites,16,5.33
3429,39408,180332,Gala Apples,4,4.03
3429,26604,180332,Organic Blackberries,4,8.08
3431,42026,5963,Mamma Bella's Recipe Garlic Bread,1,4.87
3431,44292,5963,Premium Unsweetened Iced Tea,7,7.57
3431,15860,5963,Natural Apple Sauce Cups,15,8.98
3432,41806,183499,Organic Greek Whole Milk Blended Strawberry Yogurt,16,7.97
3432,5902,183499,"Rice Crackers, Original",19,10.11
3432,6104,183499,Whole Milk Plain Yogurt,16,1.76
3432,7041,183499,Pecorino Romano,16,5.02
3434,26209,73506,Limes,4,4.37
3434,33881,73506,"Goji Berries, All Natural/Raw",19,1.15
3434,36070,73506,"Super Spinach! Baby Spinach, Baby Bok Choy, Sweet Baby Kale",4,4.34
3435,5450,34065,Small Hass Avocado,4,5.77
3435,890,34065,Organic Diced Tomatoes,15,1.35
3435,45007,34065,Organic Zucchini,4,5.08
3437,1747,192934,Teriyaki Beef Jerky,19,6.84
3439,5450,47368,Small Hass Avocado,4,5.77
3441,6750,35704,Cheese Ravioli with Sauce Bowls,1,11.37
3443,38164,58017,Almonds & Sea Salt in Dark Chocolate,19,9.32
3443,5258,58017,Sparkling Water,7,10.95
3443,26209,58017,Limes,4,4.37
3445,7751,27466,Tomato Ketchup,13,1.99
3453,15860,189949,Natural Apple Sauce Cups,15,8.98
3453,48542,189949,"Minis, Assorted Ice Cream Bars",1,9.34
3454,26209,122422,Limes,4,4.37
3454,44375,122422,Canned Aranciata Orange,7,3.21
3455,26209,38765,Limes,4,4.37
3455,31513,38765,Kefir Cultured Milk Smoothie Plain,16,1.1
3455,32429,38765,Red Mango,4,3.5
3455,27227,38765,Pumpkin Seed Cheddar Crispbreads,19,3.01
3456,20670,30096,Organic Lentil Vegetable Soup,15,10.83
3460,46327,197427,Raspberry Light & Fit Greek Yogurt,16,7.5
3461,48554,9094,Gochujang Fermented Sesame Chile Paste,6,4.01
3464,27554,106543,Gluten Free Blueberry Muffins,3,0.94
3464,45356,106543,Gluten Free Dream Cookies Chocolate Vanilla Creme,19,8.13
3464,18471,106543,Organic Light Agave Nectar,13,0.93
3464,35383,106543,Classic White Bread,3,6.03
3466,25331,20719,Chocolate Malt,1,3.53
3470,42145,144956,Organic Seven Whole Grains,9,8.83
3470,46807,144956,"Bananas, Raspberries & Oats Organic Baby Food",18,8.95
3470,16508,144956,Stage 3 Hearty Meals - Chick Chick Organic Baby Food,18,11.78
3470,3081,144956,"Organic Creamies Strawberry, Raspberry & Carrot Freeze-Dried Fruit Snacks",18,1.21
3470,5445,144956,Protein Zone Protein Juice Smoothie,7,5.82
3470,43875,144956,Baby Food Stage 2 Blueberry Pear & Purple Carrot,18,6.11
3470,27690,144956,Apple Cinnamon GoGo Squeez,19,6.29
3471,43510,150888,Strawberry Cheesecake Flavored Low Fat Yogurt,16,2.49
3474,43875,174448,Baby Food Stage 2 Blueberry Pear & Purple Carrot,18,6.11
3475,30827,110528,Seedless Cucumbers,4,5.22
3480,28733,33240,Chicken Nuggets,1,11.03
3480,40310,33240,Oven Roasted Turkey Breast,20,8.23
3480,46656,33240,Butter Microwave Popcorn,19,2.35
3480,26604,33240,Organic Blackberries,4,8.08
3480,8224,33240,Chicken Bouillon Cubes,15,2.12
3482,2962,139140,"Milk, Reduced Fat, 2% Milkfat",16,8.89
3482,43768,139140,Organic Bell Pepper,4,2.4
3485,10369,58853,Organic Genoa Salami,20,2.35
3486,27690,84987,Apple Cinnamon GoGo Squeez,19,6.29
3488,30219,66781,Lactose Free Blueberry Yogurt,16,10.64
3488,33120,66781,Organic Egg Whites,16,5.33
3489,29279,81957,No Salt Potato Chips,19,8.77
3490,18027,171102,Ezekiel 4:9 Bread Organic Sprouted Whole Grain,3,11.3
3491,21506,85452,Organic Raisin Bran Cereal,14,2.69
3493,39408,137771,Gala Apples,4,4.03
3497,20636,33475,Pure Sport Body Wash,11,9.5
3498,26209,14934,Limes,4,4.37
3499,35055,150784,Just Cranberry Unsweetened Juice,7,8.57
3499,4163,150784,Spanish Rice Pilaf Mix,9,7.87
3500,5450,149942,Small Hass Avocado,4,5.77
3500,2452,149942,Naturals Chicken Nuggets,1,1.24
3501,760,89535,Cracker Trio Selected Favorites,19,12.04
3503,32757,78408,Quiche Lorraine,20,3.08
3503,14333,78408,Pluot,4,9.87
3506,260,170679,Cantaloupe,4,3.01
3508,12614,43365,Yellow Grape Tomatoes,4,1.39
3512,35042,73090,Black Beans,15,5.95
3513,12932,5441,Super Greens Veggie Burgers,1,9.93
3513,40198,5441,Blueberry Yoghurt,16,8.81
3513,5450,5441,Small Hass Avocado,4,5.77
3515,6647,160975,Navel Orange,4,4.34
3515,47966,160975,Old Fashioned Rolled Oats,14,2.74
3516,5258,123169,Sparkling Water,7,10.95
3517,32624,130809,Acorn Squash,4,11.22
3520,44570,199306,Kale Greens,4,4.15
3521,45674,124020,Antioxidant Infusions Molokai Coconut,7,11.19
3523,15739,25412,G Series Fruit Punch Sports Drink,7,10.91
3523,34169,25412,"Hommus, Artichoke Spinach",20,3.28
3524,12779,66902,Spaghetti Squash,4,5.49
3524,4960,66902,Three Cheese Mini Pizza Bagels Frozen Snacks,1,5.28
3524,17021,66902,Baked Mini Beef Meatballs,1,9.94
3528,1000,113217,Apricots,10,1.27
3528,6638,113217,Organic Brown Rice Crisps Cereal,14,1.39
3530,5450,31895,Small Hass Avocado,4,5.77
3530,43768,31895,Organic Bell Pepper,4,2.4
3530,24497,31895,Organic Cauliflower Florets,4,7.52
3530,37067,31895,Organic Banana,4,10.85
3530,47873,31895,Sparkling Probiotic Drink Mango Coconut,7,12.37
3530,19548,31895,Organic Lightly Roasted Crunchy Peanut Butter,13,1.58
3534,44354,11176,"Cooking Sauce, La Pizza",15,4.87
3535,26209,144335,Limes,4,4.37
3539,28358,59663,Chocolate Chip Vegan Cookie Dough,13,5.77
3542,36914,125693,Organic Gravenstein Apple Juice,7,7.39
3542,46584,125693,YoKids Blueberry & Strawberry/Vanilla Yogurt,16,8.82
3543,5450,168438,Small Hass Avocado,4,5.77
3546,38164,107888,Almonds & Sea Salt in Dark Chocolate,19,9.32
3546,42736,107888,Unsalted Butter,16,9.28
3546,3843,107888,Organic Brussels Sprouts,4,8.41
3547,3223,93208,Garden Veggie Chips Sour Cream & Onion,19,7.16
3547,43772,93208,Cherubs Heavenly Salad Tomatoes,4,1.15
3547,27522,93208,Gluten Free Uncured Bacon Mac and Cheese,1,3.22
3549,43768,161002,Organic Bell Pepper,4,2.4
3552,36070,138549,"Super Spinach! Baby Spinach, Baby Bok Choy, Sweet Baby Kale",4,4.34
3555,36968,38495,Organics Big Bird's Apple 100% Juice,7,4.85
3556,29270,55664,Beet Apple Carrot Lemon Ginger Organic Cold Pressed Juice Beverage,7,5.56
3556,23554,55664,Organic Vanilla Bean Ice Cream,1,6.65
3557,32429,131726,Red Mango,4,3.5
3557,42110,131726,Organic Macaroni Shells & Real Aged Cheddar,9,12.09
3557,47630,131726,Medium Navel Orange,4,5.6
3564,18963,34362,Apple Cider Vinegar,13,9.67
3568,781,181350,Organic Shredded Mild Cheddar,16,2.78
3568,23765,181350,Organic Smoked Turkey Breast,20,10.28
3570,26209,17930,Limes,4,4.37
3571,12290,30603,Brie,16,10.11
3573,45007,187589,Organic Zucchini,4,5.08
3573,6104,187589,Whole Milk Plain Yogurt,16,1.76
3576,21278,177863,All Purpose Crushed Tomatoes,15,1.47
3576,16759,177863,Organic Carrot Bunch,4,4.17
3576,46584,177863,YoKids Blueberry & Strawberry/Vanilla Yogurt,16,8.82
3578,8769,33436,Mandarins in Orange Gel Fruit Bowls,15,4.22
3580,23480,133464,The People's Pickle Garlic Dill Pickle Slices,13,11.89
3581,45302,103169,Mini Falafel With Tahini Sauce,20,1.89
3584,781,183638,Organic Shredded Mild Cheddar,16,2.78
3585,35383,86810,Classic White Bread,3,6.03
3585,8638,86810,Vanilla Milk Chocolate Almond Ice Cream Bars,1,8.33
3588,25199,53160,Classic Chicken Salad,20,4.26
3588,24830,53160,Organic Romaine,4,10.27
3589,33527,180039,Organic Classic Rich Crackers,19,7.46
3589,44375,180039,Canned Aranciata Orange,7,3.21
3589,46802,180039,Pineapple Chunks,1,6.76
3590,49621,88275,Challah Bread,3,5.17
3593,40574,187848,Rice Cereal,14,1.69
3593,9641,187848,"Action Pacs, Fresh Scent with Dawn",17,2.31
3593,17426,187848,Simply Sea Salted Thick Cut Potato Chips,19,9.75
3594,41488,8340,Chocolate Milk,16,4.77
3594,8866,8340,Organic White Chocolate Peanut Butter Cups,19,4.23
3594,5367,8340,Liv A Littles Wild Salmon Treats,8,7.32
3595,34969,41026,Red Vine Tomato,4,9.25
3596,8945,116331,Assorted Citrus Flavor Supplement Drops,11,10.19
3596,1940,116331,Organic 2% Reduced Fat Milk,16,1.23
3600,5922,52949,"Honest Face, Hand, & Baby Wipes",18,8.08
3602,45138,159939,Deli Select Ultra Thin Rotisserie Seasoned Chicken Breast,20,2.39
3602,19003,159939,Celery,4,5.68
3602,17993,159939,Shredded Colby & Monterey Jack Cheeses,16,8.89
3602,23296,159939,Blueberry on the Bottom Nonfat Greek Yogurt,16,2.27
3603,33856,38453,Limited Release Sucks Brown Shugga Sustitute,5,6.47
3605,36392,83241,Individually Wrapped Chicken Breast,1,9.88
3606,48099,97364,Truffle Parmesan Macaroni & Cheese Bowl,1,9.05
3606,26021,97364,Caramel Nut Brownie,19,9.85
3606,25647,97364,Heirloom Tomato,4,4.3
3606,2360,97364,Lorraine Quiche,20,10.9
3608,28465,42307,Icelandic Style Skyr Blueberry Non-fat Yogurt,16,8.32
3609,42736,25540,Unsalted Butter,16,9.28
3611,343,107384,Organic Whole Peeled Baby Carrots,4,5.78
3611,32578,107384,Organic Fresh Squeezed Orange Juice,7,6.19
3611,47873,107384,Sparkling Probiotic Drink Mango Coconut,7,12.37
3611,26604,107384,Organic Blackberries,4,8.08
3612,39408,105132,Gala Apples,4,4.03
3615,26209,163375,Limes,4,4.37
3615,7041,163375,Pecorino Romano,16,5.02
3621,7963,14584,Gluten Free Whole Grain Bread,1,4.53
3622,26209,134782,Limes,4,4.37
3622,43768,134782,Organic Bell Pepper,4,2.4
3622,26604,134782,Organic Blackberries,4,8.08
3623,49555,149582,Apple Apricot Sauce,15,5.12
3624,19173,185815,Orange Calcium & Vitamin D Pulp Free,7,11.11
3624,48588,185815,All Natural Ground Chicken,12,1.57
3627,13064,105768,Sweet Water Hand Wash,11,8.6
3628,36086,161628,Philadelphia Original Cream Cheese,16,2.08
3628,1194,161628,Natural Artisan Water,7,7.42
3628,15860,161628,Natural Apple Sauce Cups,15,8.98
3629,33527,54330,Organic Classic Rich Crackers,19,7.46
3630,13287,28120,Bistro Bowl Chicken Caesar Salad,4,7.49
3630,27770,28120,Reese's Miniatures Peanut Butter Cups,19,10.32
3634,48527,57633,Avocado,4,12.54
3636,42475,180352,Unsalted Butter Quarters,16,2.61
3637,37067,89235,Organic Banana,4,10.85
3637,35939,89235,Organic Jalapeno Pepper,4,9.93
3637,43768,89235,Organic Bell Pepper,4,2.4
3638,13733,188454,Red Potatoes,4,4.73
3639,45599,51198,Organic Strawberry Lemonade Fruit Juice Drink,7,6.8
3642,8224,101296,Chicken Bouillon Cubes,15,2.12
3645,20842,148001,Total 0% Greek Yogurt,16,9.2
3646,23296,34654,Blueberry on the Bottom Nonfat Greek Yogurt,16,2.27
3646,47141,34654,Cola,7,5.77
3647,42736,163789,Unsalted Butter,16,9.28
3648,260,171850,Cantaloupe,4,3.01
3651,39504,100262,Vanilla Shake Packet,11,9.76
3653,26209,109592,Limes,4,4.37
3653,31954,109592,Broccoli Slaw,4,9.4
3653,46703,109592,Shelled Soybeans Edamame,1,10.75
3653,46820,109592,Vanilla Pure Almond Milk,16,11.94
3654,35383,177787,Classic White Bread,3,6.03
3657,42736,89471,Unsalted Butter,16,9.28
3660,260,5575,Cantaloupe,4,3.01
3660,26604,5575,Organic Blackberries,4,8.08
3662,39046,52511,Smok Cured Turkey Bacon,12,6.84
3665,45007,104052,Organic Zucchini,4,5.08
3665,18027,104052,Ezekiel 4:9 Bread Organic Sprouted Whole Grain,3,11.3
3665,39408,104052,Gala Apples,4,4.03
3667,49621,196271,Challah Bread,3,5.17
3667,40013,196271,Chicken Caesar Wrap,20,3.43
3673,28785,176615,Organic Tahini,13,8.89
3675,26209,174778,Limes,4,4.37
3676,22504,71532,Organic Mountain Forest Amber Honey,13,2.16
3676,34969,71532,Red Vine Tomato,4,9.25
3677,13733,151126,Red Potatoes,4,4.73
3677,19003,151126,Celery,4,5.68
3677,42736,151126,Unsalted Butter,16,9.28
3679,5450,58605,Small Hass Avocado,4,5.77
3680,40883,70401,New York Cheesecake,3,8.11
3682,18689,32134,Dairy-Free Chive Cream Cheese,16,10.12
3683,45007,137594,Organic Zucchini,4,5.08
3683,36735,137594,Organic Roasted Sliced Chicken Breast,20,10.42
3685,21506,35692,Organic Raisin Bran Cereal,14,2.69
3685,1194,35692,Natural Artisan Water,7,7.42
3687,29334,144483,Leek,4,6.09
3688,47141,92658,Cola,7,5.77
3690,45007,150860,Organic Zucchini,4,5.08
3691,45007,193777,Organic Zucchini,4,5.08
3693,28465,65708,Icelandic Style Skyr Blueberry Non-fat Yogurt,16,8.32
3693,43662,65708,"Yogurt, Strained Low-Fat, Coconut",16,11.87
3693,42736,65708,Unsalted Butter,16,9.28
3695,39024,96214,Edamame In Pod,1,5.6
3695,18689,96214,Dairy-Free Chive Cream Cheese,16,10.12
3695,5450,96214,Small Hass Avocado,4,5.77
3695,890,96214,Organic Diced Tomatoes,15,1.35
3696,26209,21516,Limes,4,4.37
3697,45064,163336,Honey Wheat Bread,3,1.52
3698,45007,180353,Organic Zucchini,4,5.08
3698,5450,180353,Small Hass Avocado,4,5.77
3698,31342,180353,Organic SprouTofu Extra Firm Tofu,20,9.28
3698,26209,180353,Limes,4,4.37
3698,18656,180353,Organic Red Potato,4,1.93
3701,26209,162722,Limes,4,4.37
3703,45007,64658,Organic Zucchini,4,5.08
3704,7898,140809,Ginger Beer,7,2.12
3704,6069,140809,Maple Pumpkin Seeds with Sea Salt Chewy with a Crunch Granola Bars,19,7.32
3704,594,140809,Gluten Free Peanut Butter Berry  Chewy With A Crunch Granola Bars,19,11.11
3705,40847,79510,Organic Filtered Apple Cider Vinegar,13,6.31
3706,46820,172481,Vanilla Pure Almond Milk,16,11.94
3706,12315,172481,Dairy Free Hazelnut Coconut Milk Creamer,16,12.03
3706,3843,172481,Organic Brussels Sprouts,4,8.41
3706,41004,172481,Traditional Brie Cheese,16,2.83
3707,1194,118810,Natural Artisan Water,7,7.42
3708,31958,86997,Spinach and Arugula Salad,4,9.62
3710,781,143707,Organic Shredded Mild Cheddar,16,2.78
3710,18027,143707,Ezekiel 4:9 Bread Organic Sprouted Whole Grain,3,11.3
3711,12290,122027,Brie,16,10.11
3712,43621,50451,Chik'n Patties,1,12.48
3715,41999,89251,Cut Tulips (Choose Color),4,1.99
3715,45007,89251,Organic Zucchini,4,5.08
3716,33897,114844,Chicken Wings,12,5.64
3717,26209,39088,Limes,4,4.37
3717,22504,39088,Organic Mountain Forest Amber Honey,13,2.16
3718,47141,122241,Cola,7,5.77
3727,34969,17173,Red Vine Tomato,4,9.25
3727,28745,17173,Oven Roasted Turkey,20,7.99
3729,38772,201012,Provolone,16,1.84
3729,35907,201012,California Black Bread,3,5.26
3730,48781,195673,Coffee Cold Brew Concentrate,7,5.08
3730,45007,195673,Organic Zucchini,4,5.08
3731,40203,179931,Mint Chip Ice Cream,1,5.4
3735,6581,169997,Cucumber,4,4.09
3735,19828,169997,Red Delicious Apples,4,5.14
3736,13772,116415,Cherry Garcia Frozen Yogurt,1,12.07
3736,46673,116415,Ultra Original Scent Dishwashing Liquid,17,8.73
3736,46820,116415,Vanilla Pure Almond Milk,16,11.94
3739,12614,62985,Yellow Grape Tomatoes,4,1.39
3739,3631,62985,Organic Whole Milk French Vanilla Yogurt,16,1.49
3739,32429,62985,Red Mango,4,3.5
3739,49621,62985,Challah Bread,3,5.17
3741,7533,12010,Low-Fat Strawberry Banana on the Bottom Greek Yogurt,16,6.64
3741,30645,12010,Pulled Pork,12,7.7
3746,9963,192347,Ultra Thin Pepper Jack Cheese Slices,16,6.1
3747,14867,103716,Honey Bunny Grahams,19,3.63
3750,32578,148917,Organic Fresh Squeezed Orange Juice,7,6.19
3750,5450,148917,Small Hass Avocado,4,5.77
3753,6255,120377,Multi-Grain Cheerios Dark Chocolate Crunch Cereal,14,5.78
3755,33349,132823,Advanced Formula Lip Therapy Skin Protectant,11,10.84
3757,10106,8506,Honey & Maple Turkey Breast,20,8.53
3757,6104,8506,Whole Milk Plain Yogurt,16,1.76
3759,43772,205784,Cherubs Heavenly Salad Tomatoes,4,1.15
3759,43183,205784,Deli Fresh Shaved Smoked Turkey Breast,20,12.45
3760,32703,117396,Strawberry Pomegranate Acai Kefir,16,4.88
3760,45007,117396,Organic Zucchini,4,5.08
3761,26209,4931,Limes,4,4.37
3762,161,127867,Hacho Miso Aged & Fermented Soybeans,6,4.86
3762,23765,127867,Organic Smoked Turkey Breast,20,10.28
3762,38562,127867,Pomegranate Arils,4,2.59
3763,12919,22865,Coconut Sparkling Water,7,12.1
3764,38456,26708,Large Grapefruit,4,3.38
3764,39450,26708,Oragnic Ginger Lemon Kombucha,7,12.13
3765,45007,185632,Organic Zucchini,4,5.08
3765,38266,185632,Fresh Basil,4,10.07
3766,35124,151451,Southwest Chopped Salad Kit with Dressing,4,6.97
3767,35939,111814,Organic Jalapeno Pepper,4,9.93
3775,10763,104184,Sprouted Khorasan Honey O's,14,2.19
3775,16759,104184,Organic Carrot Bunch,4,4.17
3776,44570,50201,Kale Greens,4,4.15
3782,24830,149095,Organic Romaine,4,10.27
3784,6224,70984,Simply Clean Fragrance Free Wipes,18,10.15
3787,42110,14867,Organic Macaroni Shells & Real Aged Cheddar,9,12.09
3789,43647,16986,Organic Asparagus Spears,1,11.18
3789,43768,16986,Organic Bell Pepper,4,2.4
3789,19548,16986,Organic Lightly Roasted Crunchy Peanut Butter,13,1.58
3789,890,16986,Organic Diced Tomatoes,15,1.35
3789,4960,16986,Three Cheese Mini Pizza Bagels Frozen Snacks,1,5.28
3792,20443,22835,"Pita Bites, Original Sea Salt",19,5.35
3793,43037,116181,Garden Minestrone Soup,20,3.05
3795,45007,139513,Organic Zucchini,4,5.08
3797,29894,6577,Organic Dark Brown Sugar,13,7.64
3797,1035,6577,Chamomile Citrus Caffeine Free Herbal Tea Artisan Whole Leaf Pouches,7,9.97
3799,47966,3962,Old Fashioned Rolled Oats,14,2.74
3800,5615,173721,White Miso Soup Mix,6,4.99
3801,46847,169068,Quick Cooking Rolled Oats Irish Oatmeal,14,6.01
3802,31350,164326,Salted Almond Butter Filled Dark Chocolate Bar,19,6.27
3802,45163,164326,Seaweed Rice Chips Sea Salt,19,8.17
3803,28578,163803,Brown Ale,5,7.76
3804,2535,197870,Shaved Parmesan,16,9.81
3804,13780,197870,Thyme,4,10.2
3804,13733,197870,Red Potatoes,4,4.73
3805,10369,178736,Organic Genoa Salami,20,2.35
3807,6729,2383,Cookie Tray,3,9.56
3811,48878,150394,Kale & Sea Salt Popcorn,19,8.59
3813,1940,101919,Organic 2% Reduced Fat Milk,16,1.23
3813,46820,101919,Vanilla Pure Almond Milk,16,11.94
3814,7294,81121,"SportsDrink, Orange Flavored",7,10.85
3815,611,15572,Uncured Hard Salami,20,7.19
3816,27522,80494,Gluten Free Uncured Bacon Mac and Cheese,1,3.22
3816,22504,80494,Organic Mountain Forest Amber Honey,13,2.16
3818,18405,128568,Casero Refried Black Beans,15,8.05
3818,17352,128568,100% Whole Wheat English Muffin 6 Ct,3,9.91
3818,35042,128568,Black Beans,15,5.95
3818,47120,128568,Chicken Flavored Mexican Rice,9,2.37
3822,35182,159690,Gluten Free Cornbread Mix,13,10.76
3823,7963,67227,Gluten Free Whole Grain Bread,1,4.53
3823,14095,67227,"Green Beans, Organic, Cut",15,11.02
3823,33897,67227,Chicken Wings,12,5.64
3824,19677,13212,Original Pure Creamy Almond Milk,16,6.4
3825,32429,171573,Red Mango,4,3.5
3826,46802,85306,Pineapple Chunks,1,6.76
3826,26209,85306,Limes,4,4.37
3827,48116,137672,Lowfat Kefir Plain Unsweetened,16,1.44
3827,4675,137672,Boniato Sweet Potato,4,9.16
3827,33257,137672,Original Recipe Chocolate Pudding,16,10.45
3827,15860,137672,Natural Apple Sauce Cups,15,8.98
3828,45007,73828,Organic Zucchini,4,5.08
3828,36294,73828,Paleo Granola,14,2.73
3829,47141,88627,Cola,7,5.77
3831,43659,78410,Gluten Free Linguini,9,4.01
3834,27413,2371,100% Mighty Mango Juice Smoothie,7,7.25
3834,22159,2371,Red Machine Juice Smoothie,7,2.1
3840,15567,143245,Crunchy Chickpeas Falafel,19,1.86
3840,45007,143245,Organic Zucchini,4,5.08
3843,1025,77636,Organic Fresh Basil,4,11.34
3844,48096,54691,Stevia in the Raw Baking Bag,13,6.24
3844,43409,54691,Frosted Mini-Wheats Original Cereal,14,12.46
3846,45815,100321,Organic Florets Broccoli,1,12.12
3847,25199,27594,Classic Chicken Salad,20,4.26
3847,34214,27594,Pesto Pizza,1,5.46
3847,6069,27594,Maple Pumpkin Seeds with Sea Salt Chewy with a Crunch Granola Bars,19,7.32
3848,6638,54844,Organic Brown Rice Crisps Cereal,14,1.39
3848,27690,54844,Apple Cinnamon GoGo Squeez,19,6.29
3851,16615,42789,Zero Calories Berry Nutrient Enhanced Water,7,5.54
3852,31215,151618,Lemon Yogurt,16,10.41
3852,40198,151618,Blueberry Yoghurt,16,8.81
3852,17183,151618,Peach Yoghurt,16,6.75
3856,47873,133515,Sparkling Probiotic Drink Mango Coconut,7,12.37
3858,43192,176212,Dark with 70% Cacao Content Organic Chocolate Bar,19,5.04
3862,43768,61760,Organic Bell Pepper,4,2.4
3864,39408,123208,Gala Apples,4,4.03
3865,26209,9095,Limes,4,4.37
3868,27796,197610,Real Mayonnaise,13,0.97
3868,10603,197610,93% Ground Beef,12,3.6
3874,38164,68195,Almonds & Sea Salt in Dark Chocolate,19,9.32
3876,18689,95471,Dairy-Free Chive Cream Cheese,16,10.12
3876,45007,95471,Organic Zucchini,4,5.08
3876,781,95471,Organic Shredded Mild Cheddar,16,2.78
3876,28358,95471,Chocolate Chip Vegan Cookie Dough,13,5.77
3877,18437,169326,Strawberry Nana Drink,16,3.02
3877,6629,169326,Mangolicious,16,8.08
3878,6104,73256,Whole Milk Plain Yogurt,16,1.76
3879,7751,198021,Tomato Ketchup,13,1.99
3879,38274,198021,Ice Cream Sandwiches Vanilla,1,7.17
3881,29270,34383,Beet Apple Carrot Lemon Ginger Organic Cold Pressed Juice Beverage,7,5.56
3881,1025,34383,Organic Fresh Basil,4,11.34
3882,38456,125449,Large Grapefruit,4,3.38
3884,26604,82872,Organic Blackberries,4,8.08
3885,38274,45129,Ice Cream Sandwiches Vanilla,1,7.17
3885,48091,45129,Coconut Almond Protein Beverage,21,4.16
3886,43459,119076,Puffs Cheese Flavored Snacks,19,10.09
3886,45253,119076,gel hand wash sea minerals,11,4.27
3889,34969,130284,Red Vine Tomato,4,9.25
3890,47966,187697,Old Fashioned Rolled Oats,14,2.74
3890,39300,187697,No Sugar Added Vanilla Frozen Dairy Dessert,1,11.13
3890,40310,187697,Oven Roasted Turkey Breast,20,8.23
3892,49621,176959,Challah Bread,3,5.17
3893,38456,49902,Large Grapefruit,4,3.38
3893,26604,49902,Organic Blackberries,4,8.08
3893,36485,49902,Organic Stage 2 Winter Squash Baby Food Puree,18,0.97
3893,20899,49902,Goo Berry Pie Probugs Kefir,16,6.29
3893,47965,49902,TLC Cherry Dark Chocolate Chewy Granola,19,7.49
3895,28577,9492,No Pulp Orange Juice,7,4.27
3895,13733,9492,Red Potatoes,4,4.73
3895,5450,9492,Small Hass Avocado,4,5.77
3895,42736,9492,Unsalted Butter,16,9.28
3905,47815,64832,Hazelnut Coffee Creamer,16,8.55
3905,40310,64832,Oven Roasted Turkey Breast,20,8.23
3906,16759,120525,Organic Carrot Bunch,4,4.17
3906,43768,120525,Organic Bell Pepper,4,2.4
3909,26209,79279,Limes,4,4.37
3910,36103,83554,Extra Light Olive Oil,13,2.69
3914,35065,22963,Orange Strawberry Banana Juice,7,2.03
3914,26604,22963,Organic Blackberries,4,8.08
3917,32429,179529,Red Mango,4,3.5
3918,34969,52153,Red Vine Tomato,4,9.25
3919,23630,115669,Multi-Seed Original Crackers,19,4.37
3921,34214,4218,Pesto Pizza,1,5.46
3921,10761,4218,Organic Yokids Lemonade/Blueberry Variety Pack Yogurt Squeezers Tubes,16,4.56
3921,26604,4218,Organic Blackberries,4,8.08
3923,42110,148615,Organic Macaroni Shells & Real Aged Cheddar,9,12.09
3923,1175,148615,Creamy Chicken Orzo with Mixed Vegetables,15,9.56
3927,18159,583,Organic Biologique Limes,4,5.06
3927,38439,583,Mara Natha Organic Peanut Butter Creamy,13,12.09
3929,47866,26890,Jalapeno Potato Chips,19,12.02
3929,33897,26890,Chicken Wings,12,5.64
3931,5450,12691,Small Hass Avocado,4,5.77
3931,26604,12691,Organic Blackberries,4,8.08
3931,44570,12691,Kale Greens,4,4.15
3932,34844,156766,Morning Blend 100% Juice,7,4.04
3932,21614,156766,Crackers Harvest Whole Wheat,19,2.38
3932,20842,156766,Total 0% Greek Yogurt,16,9.2
3935,40310,73686,Oven Roasted Turkey Breast,20,8.23
3935,18229,73686,Plastic Knives,17,9.64
3935,20670,73686,Organic Lentil Vegetable Soup,15,10.83
3939,45007,122038,Organic Zucchini,4,5.08
3939,25647,122038,Heirloom Tomato,4,4.3
3940,38274,86255,Ice Cream Sandwiches Vanilla,1,7.17
3941,10603,161585,93% Ground Beef,12,3.6
3942,38456,131915,Large Grapefruit,4,3.38
3944,41363,195399,Tofu Spring Roll,20,2.74
3944,42110,195399,Organic Macaroni Shells & Real Aged Cheddar,9,12.09
3945,11035,176750,Sugar Free Strawberry-Banana Low Calorie Gelatin Dessert Mix,13,6.3
3951,42736,204108,Unsalted Butter,16,9.28
3954,30696,109809,Eggo Homestyle Waffles,1,6.45
3954,43357,109809,Natural Sliced Almonds,19,4.28
3955,12846,121703,Pomegranate Blackberry Probiotics Juice Drink,7,10.26
3956,44371,157523,Alaskan Salmon Burgers,1,11.21
3956,39977,157523,Pumpkin & Spinach Stage 2 Baby Food,18,9.44
3959,14477,143135,Organic Spaghetti,9,7.55
3959,2452,143135,Naturals Chicken Nuggets,1,1.24
3960,20756,99460,Lavender Rosemary Shampoo For Normal Hair,11,2.96
3960,11934,99460,Organic Greens & Apple Juice,7,3.66
3960,22504,99460,Organic Mountain Forest Amber Honey,13,2.16
3963,45566,156327,Clean Up Cleaner with Bleach Fresh Scent,17,12.39
3964,31215,188017,Lemon Yogurt,16,10.41
3966,6647,96521,Navel Orange,4,4.34
3966,8460,96521,Hearty Thick Cut Bacon,12,5.7
3967,46990,198085,Ground Buffalo,12,10.44
3967,1104,198085,Plain Yogurt,16,4.36
3969,20842,131309,Total 0% Greek Yogurt,16,9.2
3969,22504,131309,Organic Mountain Forest Amber Honey,13,2.16
3969,10059,131309,Quinoa Salad Pistachio Citrus,20,6.91
3973,17709,143274,Organic Gluten Free Hoisin Sauce,6,7.63
3973,18411,143274,100% Pure Sesame Seed Oil,6,9.44
3975,27796,41125,Real Mayonnaise,13,0.97
3975,890,41125,Organic Diced Tomatoes,15,1.35
3982,43192,41725,Dark with 70% Cacao Content Organic Chocolate Bar,19,5.04
3982,22912,41725,85% Ground Beef Patties,12,10.71
3982,36735,41725,Organic Roasted Sliced Chicken Breast,20,10.42
3986,594,109560,Gluten Free Peanut Butter Berry  Chewy With A Crunch Granola Bars,19,11.11
3987,28584,134538,"Dandelion Root, 525 mg, Capsules",11,2.71
3987,23554,134538,Organic Vanilla Bean Ice Cream,1,6.65
3987,48935,134538,Organic Pecans,19,3.3
3987,45007,134538,Organic Zucchini,4,5.08
3988,1612,130510,"Everything Bagel,kattle Boiled & Hearth Baked Slice",3,2.94
3989,2452,2646,Naturals Chicken Nuggets,1,1.24
3989,33402,2646,Core Original Grain Free Dry Dog Food,8,6.4
3992,28820,27726,"Master Brew Kombucha, Grapefruit",7,8.19
3992,13062,27726,"Master Brew Kombucha, Pineapple Peach",7,5.53
3992,7681,27726,"Master Brew Kombucha, Tart Cherry",7,4.15
3992,1700,27726,White Cheddar Popcorn,19,5.86
3992,41488,27726,Chocolate Milk,16,4.77
3993,11068,63004,Medium Cheddar Cheese Block,16,1.9
3993,25350,63004,Super Premium Natural Brown Paper Basket Coffee Filters (8-12 Cups),7,6.49
3993,10369,63004,Organic Genoa Salami,20,2.35
3997,26209,101722,Limes,4,4.37
3997,38456,101722,Large Grapefruit,4,3.38
3997,3464,101722,"Organic Butterhead (Boston, Butter, Bibb) Lettuce",4,9.0
3998,41969,62242,Mushrooms Pieces & Stems,15,7.43
3998,8743,62242,Fully Cooked Turkey Sausage Patties,12,6.96
3998,13249,62242,Skim Milk,16,9.33
3998,39844,62242,Mini Sweet Peppers,4,11.24
3999,49667,99341,Enchilada with Spanish Rice & Beans Meal,1,10.34
4000,10603,57725,93% Ground Beef,12,3.6
4001,33735,98421,Chick Peas Garbanzos,15,1.64
4005,8057,191511,Organic Chicken & Mozzarella Ravioli,9,8.71
4005,42110,191511,Organic Macaroni Shells & Real Aged Cheddar,9,12.09
4008,6104,177830,Whole Milk Plain Yogurt,16,1.76
4012,31954,87882,Broccoli Slaw,4,9.4
4013,40310,163072,Oven Roasted Turkey Breast,20,8.23
4013,16874,163072,Chocolate Fudge Brownie Ice Cream,1,4.04
4016,24062,156817,Flourless  Sprouted Whole Grain 7-Sprouted Grains English Muffins,3,4.68
4016,2452,156817,Naturals Chicken Nuggets,1,1.24
4016,20842,156817,Total 0% Greek Yogurt,16,9.2
4018,16470,162784,Big Slice Aged Swiss Cheese,16,4.69
4019,5258,40188,Sparkling Water,7,10.95
4020,23985,127375,Baby Eggplant,4,1.55
4020,30827,127375,Seedless Cucumbers,4,5.22
4022,22365,142090,Owl's Howl Coffee,7,8.67
4022,18140,142090,Organic Fresh Pressed Pure Cranberry Juice,7,8.23
4022,49248,142090,Organic Farro,9,10.26
4022,46584,142090,YoKids Blueberry & Strawberry/Vanilla Yogurt,16,8.82
4026,37067,185460,Organic Banana,4,10.85
4028,17726,153471,Holiday Nog,7,1.61
4030,14005,129552,Ultimate Caesar Salad Kit,4,1.9
4030,3177,129552,Thick Spaghetti Pasta,9,1.79
4031,31610,56337,Meatloaf and Mashed Potatoes,1,10.74
4031,32115,56337,93/7 Ground Beef,2,12.26
4031,29840,56337,Organic Low Sodium Roasted Red Pepper & Tomato Soup,15,6.61
4032,46106,118489,Organic Sriracha Hummus,20,3.17
4033,38473,61756,Dark Coconut Toffee Organic Chocolate,19,6.98
4034,781,95061,Organic Shredded Mild Cheddar,16,2.78
4034,38274,95061,Ice Cream Sandwiches Vanilla,1,7.17
4034,18656,95061,Organic Red Potato,4,1.93
4037,3464,86012,"Organic Butterhead (Boston, Butter, Bibb) Lettuce",4,9.0
4037,45007,86012,Organic Zucchini,4,5.08
4037,15455,86012,Organic Extra Virgin Oil Olive,13,8.12
4038,47141,74430,Cola,7,5.77
4038,1940,74430,Organic 2% Reduced Fat Milk,16,1.23
4038,27796,74430,Real Mayonnaise,13,0.97
4039,11233,9401,100% Whole Wheat Pre-Sliced Sandwich Thins,3,5.2
4039,2668,9401,Whips! Strawberry Mist Yogurt Mousse,16,11.64
4043,13219,24704,Organic Unsweetened Plain Soymilk,16,12.53
4045,2596,50109,Lemon Cake Ice Cream,1,2.8
4051,34969,173731,Red Vine Tomato,4,9.25
4052,27690,137688,Apple Cinnamon GoGo Squeez,19,6.29
4053,38164,104530,Almonds & Sea Salt in Dark Chocolate,19,9.32
4053,44375,104530,Canned Aranciata Orange,7,3.21
4056,9890,7020,Whole Lychees in Heavy Syrup,15,6.89
4056,33301,7020,Fig Newtons Cookies,19,10.1
4056,12919,7020,Coconut Sparkling Water,7,12.1
4057,30353,204751,Curate Cherry Lime Sparkling Water,7,1.86
4058,26209,76106,Limes,4,4.37
4059,20842,78038,Total 0% Greek Yogurt,16,9.2
4059,32429,78038,Red Mango,4,3.5
4060,4817,38711,Cinnamon Apple Sauce,15,7.87
4060,2634,38711,Cereal Frosted Flakes Chocolate Choco Zucaritas,14,8.18
4060,37066,38711,Original Cherry Orchard Yogurt,16,9.7
4062,2452,49611,Naturals Chicken Nuggets,1,1.24
4063,45683,172885,Heavy Duty Scrub Sponge,17,9.11
4063,46562,172885,Sweet & Salty Nut Granola Bars Peanut,19,3.56
4064,12919,173186,Coconut Sparkling Water,7,12.1
4064,29094,173186,Flip Coffee Break Bliss Greek Yogurt,16,8.93
4064,30353,173186,Curate Cherry Lime Sparkling Water,7,1.86
4066,22124,78309,Total 0% Raspberry Yogurt,16,9.08
4066,1194,78309,Natural Artisan Water,7,7.42
4066,16759,78309,Organic Carrot Bunch,4,4.17
4068,46802,193173,Pineapple Chunks,1,6.76
4068,43768,193173,Organic Bell Pepper,4,2.4
4069,7854,42964,Freeze Dried Mango Slices,19,9.01
4070,38738,180551,Mints Pep O Mint,19,7.03
4070,40310,180551,Oven Roasted Turkey Breast,20,8.23
4073,10700,46050,Organic Low Sodium Black Beans,15,7.76
4073,22111,46050,Multi-Purpose Cleaner Gain Scent,17,4.46
4075,3464,126715,"Organic Butterhead (Boston, Butter, Bibb) Lettuce",4,9.0
4075,45007,126715,Organic Zucchini,4,5.08
4075,33120,126715,Organic Egg Whites,16,5.33
4075,26209,126715,Limes,4,4.37
4076,26604,187190,Organic Blackberries,4,8.08
4077,26604,14773,Organic Blackberries,4,8.08
4079,3358,20796,"Rising Crust Supreme (Sausage, Pepperoni, Red Peppers, Green Peppers, Onions, Black Olives) Frozen Pizza",1,5.69
4079,6814,20796,Steamers Tuscan Seasoned Broccoli,1,7.06
4081,20518,91946,"Club Delight Sausage, Egg, & Cheese Sandwiches",12,0.91
4081,39664,91946,Crispy Chicken Strips,1,7.94
4083,39448,39488,Cold Brew Coffee Mocha,16,11.23
4083,26604,39488,Organic Blackberries,4,8.08
4084,40589,50074,Lemonlime Electrolyte Tabs,7,3.78
4085,5115,55076,Organic Medium Brown Eggs,16,11.44
4085,45007,55076,Organic Zucchini,4,5.08
4087,46541,170711,Corn Flakes,14,2.21
4088,45007,26113,Organic Zucchini,4,5.08
4089,37067,10888,Organic Banana,4,10.85
4089,40310,10888,Oven Roasted Turkey Breast,20,8.23
4089,33527,10888,Organic Classic Rich Crackers,19,7.46
4089,34169,10888,"Hommus, Artichoke Spinach",20,3.28
4091,18689,139517,Dairy-Free Chive Cream Cheese,16,10.12
4091,46820,139517,Vanilla Pure Almond Milk,16,11.94
4094,7898,3273,Ginger Beer,7,2.12
4096,38817,139469,Sugarfree,7,2.12
4096,44292,139469,Premium Unsweetened Iced Tea,7,7.57
4097,14520,3456,Chewy Chocolate Chip Protein Bars,19,12.5
4098,40171,188386,Organic Sweet Vanilla Bean Nutrition Complete Protein Shake,11,4.83
4100,33021,110982,Reserve Cheddar Cheese,16,4.15
4100,890,110982,Organic Diced Tomatoes,15,1.35
4102,45007,116884,Organic Zucchini,4,5.08
4102,24830,116884,Organic Romaine,4,10.27
4103,45007,5938,Organic Zucchini,4,5.08
4103,40883,5938,New York Cheesecake,3,8.11
4104,2962,165411,"Milk, Reduced Fat, 2% Milkfat",16,8.89
4105,33120,25781,Organic Egg Whites,16,5.33
4105,28745,25781,Oven Roasted Turkey,20,7.99
4105,18027,25781,Ezekiel 4:9 Bread Organic Sprouted Whole Grain,3,11.3
4108,12276,160893,Chocolate Chip Cookie Dough Ice Cream,1,8.4
4108,42240,160893,Ultra Soft Facial Tissues,17,12.0
4112,28990,134204,Curly Parsley Bunch,4,6.7
4113,29015,103976,Honey Bunches of Oats Roasted Oats,14,10.54
4114,45599,100165,Organic Strawberry Lemonade Fruit Juice Drink,7,6.8
4117,11796,202059,Grape Soda,7,5.61
4117,27428,202059,Dairy Pure Fresh Heavy Whipping Cream,16,12.5
4118,39781,149871,Original 7 Grain Crackers,19,6.08
4118,11707,149871,Peanut Butter Chocolate Chip Macrobar,19,8.92
4119,10110,154645,Organic Sumac,13,10.57
4119,34969,154645,Red Vine Tomato,4,9.25
4119,39265,154645,Ground Coriander,13,5.02
4119,6104,154645,Whole Milk Plain Yogurt,16,1.76
4120,30658,167611,Dark Chocolate Almond & Coconut Fruit & Nut Bar,19,8.85
4121,11610,167491,Organic Chocolate Syrup,13,8.82
4122,2429,110197,"Seriously Sharp Cheddar Cheese Cracker Cut Slices,",16,8.44
4122,260,110197,Cantaloupe,4,3.01
4122,10761,110197,Organic Yokids Lemonade/Blueberry Variety Pack Yogurt Squeezers Tubes,16,4.56
4122,38093,110197,Organic Smoky Maple Barbeque Sauce,13,11.16
4122,45007,110197,Organic Zucchini,4,5.08
4122,43768,110197,Organic Bell Pepper,4,2.4
4123,37940,154424,Original Strawberry Low Fat Yogurt,16,12.55
4123,38049,154424,Crispy Rounds Tortilla Chips,19,1.15
4123,449,154424,Chips Ahoy! Chewy Cookies,19,9.39
4128,44035,153413,Organic Chickpeas Ready To Eat,19,1.28
4128,16759,153413,Organic Carrot Bunch,4,4.17
4128,25705,153413,Butterhead Lettuce,4,0.98
4131,35939,149853,Organic Jalapeno Pepper,4,9.93
4131,26209,149853,Limes,4,4.37
4132,39982,141464,Sausage  Links,1,7.5
4132,1940,141464,Organic 2% Reduced Fat Milk,16,1.23
4132,20217,141464,Mini Marshmallows,13,6.42
4135,46584,39648,YoKids Blueberry & Strawberry/Vanilla Yogurt,16,8.82
4135,38456,39648,Large Grapefruit,4,3.38
4136,5450,149793,Small Hass Avocado,4,5.77
4138,4518,121272,Organic Pomegranate,4,0.94
4139,24425,25544,"Freshly made pasta, rich meat sauce and Real Mozzarella cheese Lasagna with Meat & Sauce",1,8.56
4140,43409,122994,Frosted Mini-Wheats Original Cereal,14,12.46
4142,26172,189365,Light Sour Cream,16,7.26
4142,35948,189365,Tonic Water,7,7.7
4143,43577,124134,2-Ply Facial Tissue,17,1.26
4147,4698,151466,Oscillo Oscillococcinum Quick-Dissolving Pellets,11,1.47
4147,36872,151466,Lemon Natural Dishwasher Detergent Gel,17,7.2
4147,26209,151466,Limes,4,4.37
4147,16759,151466,Organic Carrot Bunch,4,4.17
4150,43772,102427,Cherubs Heavenly Salad Tomatoes,4,1.15
4150,36086,102427,Philadelphia Original Cream Cheese,16,2.08
4151,32069,28467,Organic Whole Grain Brown Rice Microwaveable Pouches,9,8.43
4153,16759,75437,Organic Carrot Bunch,4,4.17
4154,38164,53936,Almonds & Sea Salt in Dark Chocolate,19,9.32
4159,46802,13451,Pineapple Chunks,1,6.76
4161,8321,137055,Italian Blend Fancy Shredded Cheese,16,2.39
4161,45007,137055,Organic Zucchini,4,5.08
4161,34969,137055,Red Vine Tomato,4,9.25
4161,18656,137055,Organic Red Potato,4,1.93
4161,41699,137055,Dark Chocolate & Oats Granola Cookies,19,2.17
4162,33575,85290,Dairy Free French Vanilla Coconut Milk Creamer,16,8.48
4163,38318,222,Original Flavor Instant Oatmeal,14,8.98
4166,10761,103873,Organic Yokids Lemonade/Blueberry Variety Pack Yogurt Squeezers Tubes,16,4.56
4167,12427,172868,Original Beef Jerky,19,3.08
4169,40310,197006,Oven Roasted Turkey Breast,20,8.23
4169,17021,197006,Baked Mini Beef Meatballs,1,9.94
4169,32757,197006,Quiche Lorraine,20,3.08
4169,19677,197006,Original Pure Creamy Almond Milk,16,6.4
4169,48736,197006,Ricotta And Spinach Tondi,9,1.28
4169,36634,197006,"Syrup, Maine Maple",13,4.04
4171,11212,4900,Apple Blueberry Fruit Yogurt Smoothie,18,11.52
4171,1700,4900,White Cheddar Popcorn,19,5.86
4172,45619,123614,G Series Blueberry Pomegranate,7,10.08
4174,34766,27108,Crunchy Oats 'n Dark Chocolate Granola Bars,19,8.88
4177,34969,191299,Red Vine Tomato,4,9.25
4177,16291,191299,Organic Extra Large Brown Omega 3 Eggs,16,8.98
4179,35883,46000,Solid White Albacore Tuna In Spring Water,15,11.69
4180,26209,141374,Limes,4,4.37
4183,34969,184658,Red Vine Tomato,4,9.25
4183,13733,184658,Red Potatoes,4,4.73
4184,39215,122845,Scented Multi-Cat Scoopable Cat Litter,8,5.24
4184,20842,122845,Total 0% Greek Yogurt,16,9.2
4188,31912,191847,Avocado Oil,13,1.61
4191,39408,44089,Gala Apples,4,4.03
4193,15567,103951,Crunchy Chickpeas Falafel,19,1.86
4197,6104,133983,Whole Milk Plain Yogurt,16,1.76
4198,26209,102127,Limes,4,4.37
4205,43768,61197,Organic Bell Pepper,4,2.4
4205,15842,61197,Dairy Free Coconut Milk Yogurt Alternative,16,7.67
4205,12315,61197,Dairy Free Hazelnut Coconut Milk Creamer,16,12.03
4206,16759,4218,Organic Carrot Bunch,4,4.17
4206,36735,4218,Organic Roasted Sliced Chicken Breast,20,10.42
4210,999,168883,Original Organic Ville BBQ Sauce,13,5.75
4211,30148,163857,Organic Stage 2 Chicken Brown Rice Baby Food,18,1.11
4211,45007,163857,Organic Zucchini,4,5.08
4212,23271,201183,Tabasco Chipotle Pepper Sauce,13,11.83
4213,28465,129044,Icelandic Style Skyr Blueberry Non-fat Yogurt,16,8.32
4213,43768,129044,Organic Bell Pepper,4,2.4
4214,7751,136680,Tomato Ketchup,13,1.99
4218,44167,93212,Pacific Cooler Juice Drink,7,2.33
4218,18253,93212,Fruit Punch Roarin' Waters,7,1.85
4218,45683,93212,Heavy Duty Scrub Sponge,17,9.11
4219,37543,33083,Spiced Rum,5,10.58
4219,44395,33083,Fast Freeze Ice Bars,1,7.48
4220,34969,29530,Red Vine Tomato,4,9.25
4220,44133,29530,Sundried Tomatoes in Olive Oil,15,2.64
4220,17044,29530,French Baguette,3,6.85
4220,26209,29530,Limes,4,4.37
4221,38266,87631,Fresh Basil,4,10.07
4221,35616,87631,Fresh Frozen Mixed Berries,1,3.27
4224,19677,178357,Original Pure Creamy Almond Milk,16,6.4
4224,29270,178357,Beet Apple Carrot Lemon Ginger Organic Cold Pressed Juice Beverage,7,5.56
4227,5450,82625,Small Hass Avocado,4,5.77
4228,42475,86173,Unsalted Butter Quarters,16,2.61
4229,39408,84820,Gala Apples,4,4.03
4230,41729,88541,Sweet Grape Tomatoes,4,10.48
4231,3469,186362,Organic Vegetarian Mild Refried Beans With Green Chiles,15,5.89
4233,14267,148902,Organic Refried Black Beans,15,9.37
4233,29506,148902,Pita Bread,3,5.14
4235,49647,180544,Minute Instant Whole Grain Brown Rice,9,10.24
4241,38349,71784,Simply Smart Gluten Free Breaded Chicken Breast Tenders,1,8.48
4241,47792,71784,Organic Beans & Rice Cheddar Cheese Burrito,1,8.35
4242,1117,142566,Turkey Bacon,12,11.85
4242,5918,142566,Single Serve Cheese Pizza,1,7.61
4243,1940,132815,Organic 2% Reduced Fat Milk,16,1.23
4246,26604,59100,Organic Blackberries,4,8.08
4247,39844,26123,Mini Sweet Peppers,4,11.24
4247,27796,26123,Real Mayonnaise,13,0.97
4251,47141,88217,Cola,7,5.77
4254,33120,129196,Organic Egg Whites,16,5.33
4254,38456,129196,Large Grapefruit,4,3.38
4255,48186,40738,Lactose Free Half & Half,16,9.32
4255,13851,40738,Organic Classic Sea Salt  Oven Crinkles Fries,1,4.93
4255,260,40738,Cantaloupe,4,3.01
4256,43772,14766,Cherubs Heavenly Salad Tomatoes,4,1.15
4259,37003,148576,"Organic Apples, Carrots and Parsnips Puree",18,5.87
4263,29094,81294,Flip Coffee Break Bliss Greek Yogurt,16,8.93
4264,1117,112686,Turkey Bacon,12,11.85
4265,31215,23023,Lemon Yogurt,16,10.41
4265,40198,23023,Blueberry Yoghurt,16,8.81
4270,16908,9734,Jacob's Wonderbar Dark Roast,7,11.01
4272,22124,21166,Total 0% Raspberry Yogurt,16,9.08
4272,18721,21166,"Baked Rice and Corn Puffs, Aged White Cheddar",19,2.22
4277,20943,206206,Gluten Free Apple Cinnamon Waffles,1,6.83
4279,43772,80640,Cherubs Heavenly Salad Tomatoes,4,1.15
4282,39781,42962,Original 7 Grain Crackers,19,6.08
4282,3836,42962,Spinach And Artichoke Hummus,20,6.73
4285,37067,181667,Organic Banana,4,10.85
4285,26604,181667,Organic Blackberries,4,8.08
4285,45007,181667,Organic Zucchini,4,5.08
4285,22565,181667,"Disinfecting Wipes, Lemon Scent",17,6.39
4285,45566,181667,Clean Up Cleaner with Bleach Fresh Scent,17,12.39
4286,24830,183971,Organic Romaine,4,10.27
4287,39450,16152,Oragnic Ginger Lemon Kombucha,7,12.13
4287,46802,16152,Pineapple Chunks,1,6.76
4289,43371,10919,Crushed Red Pepper,13,7.03
4290,5068,79925,Cauliflower Florets,4,5.04
4290,23985,79925,Baby Eggplant,4,1.55
4293,3843,85745,Organic Brussels Sprouts,4,8.41
4293,14358,85745,Organic Almond Chocolate Non Dairy Beverage,16,11.53
4293,33741,85745,Gluten Free Classic Hamburger Buns,3,10.9
4294,30494,90250,Organic Mango Slices,19,7.63
4294,41860,90250,Sea Salt Baked Potato Chips,19,5.7
4295,1025,149143,Organic Fresh Basil,4,11.34
4296,34166,85709,Organic Shredded Parmesan,16,8.84
4296,44375,85709,Canned Aranciata Orange,7,3.21
4298,13062,65423,"Master Brew Kombucha, Pineapple Peach",7,5.53
4298,43999,65423,"Bucatini, No. 15",9,12.25
4298,42736,65423,Unsalted Butter,16,9.28
4298,26604,65423,Organic Blackberries,4,8.08
4298,1700,65423,White Cheddar Popcorn,19,5.86
4298,26209,65423,Limes,4,4.37
4299,28745,129843,Oven Roasted Turkey,20,7.99
4300,5258,139142,Sparkling Water,7,10.95
4302,11068,95767,Medium Cheddar Cheese Block,16,1.9
4303,24695,137521,Organic Nonfat Yogurt Plain,16,9.14
4310,35939,53897,Organic Jalapeno Pepper,4,9.93
4314,48167,157094,Dairy Free Creamer Nutpods Original Unsweetened,16,3.4
4314,3843,157094,Organic Brussels Sprouts,4,8.41
4314,34969,157094,Red Vine Tomato,4,9.25
4314,46584,157094,YoKids Blueberry & Strawberry/Vanilla Yogurt,16,8.82
4316,48595,50362,Organic Wheat Square Crackers,19,9.0
4316,25199,50362,Classic Chicken Salad,20,4.26
4317,158,153628,Smoked Ham & Oven Roasted Turkey Sub Sandwich Kit,20,9.28
4318,18656,160521,Organic Red Potato,4,1.93
4323,16759,159986,Organic Carrot Bunch,4,4.17
4324,6104,72201,Whole Milk Plain Yogurt,16,1.76
4324,13457,72201,Pad Thai Brown Rice Noodles,6,5.81
4325,26209,66588,Limes,4,4.37
4325,26604,66588,Organic Blackberries,4,8.08
4325,781,66588,Organic Shredded Mild Cheddar,16,2.78
4325,22504,66588,Organic Mountain Forest Amber Honey,13,2.16
4326,6104,92336,Whole Milk Plain Yogurt,16,1.76
4327,31215,142950,Lemon Yogurt,16,10.41
4328,6069,101261,Maple Pumpkin Seeds with Sea Salt Chewy with a Crunch Granola Bars,19,7.32
4328,11475,101261,Scarlet Citrus Rooibos Herbal Tea Filterbags,7,8.7
4328,22124,101261,Total 0% Raspberry Yogurt,16,9.08
4329,43768,29596,Organic Bell Pepper,4,2.4
4329,33746,29596,Simply Stock Organic Vegetable Unsalted Stock,15,11.09
4331,7606,87834,Greek 100 Protein Vanilla Fat Free Yogurt,16,4.2
4332,28946,101433,Yogurt Tubes Blueberry,16,0.9
4335,33611,162040,100% Pure Coconut Water,7,8.19
4335,43662,162040,"Yogurt, Strained Low-Fat, Coconut",16,11.87
4336,13893,96951,Marble Pound Cake,3,6.37
4336,47380,96951,New York Style Nova Lox,12,8.72
4338,42736,191318,Unsalted Butter,16,9.28
4339,18881,6409,Coconut Milk Vanilla Frozen Dessert,1,2.62
4339,33316,6409,Lemongrass & Clementine Zest Natural Dish Liquid,17,0.96
4339,31727,6409,"Organic Tomato Paste, No Salt Added",15,10.09
4339,27690,6409,Apple Cinnamon GoGo Squeez,19,6.29
4339,45007,6409,Organic Zucchini,4,5.08
4341,30827,153087,Seedless Cucumbers,4,5.22
4341,48812,153087,Variety Pack,17,7.23
4343,19906,74235,Fresh Whole White Mushrooms,4,2.73
4344,7091,150063,Peanut Butter Pretzel Mojo,19,8.85
4344,21614,150063,Crackers Harvest Whole Wheat,19,2.38
4348,13431,124483,Flaky Biscuits,13,1.83
4349,22124,121346,Total 0% Raspberry Yogurt,16,9.08
4351,1025,177907,Organic Fresh Basil,4,11.34
4352,30630,70860,"Yogurt, Sheep Milk, Blackberry",16,7.92
4352,14371,70860,Organic Nonfat Milk,16,10.79
4354,22124,103275,Total 0% Raspberry Yogurt,16,9.08
4354,21240,103275,Orange Sports Drink,7,6.71
4356,45683,144945,Heavy Duty Scrub Sponge,17,9.11
4357,40350,78387,Goddess Dressing,13,11.39
4357,14372,78387,Original 5-Cheese Pizza,1,2.88
4357,43772,78387,Cherubs Heavenly Salad Tomatoes,4,1.15
4360,30827,123494,Seedless Cucumbers,4,5.22
4362,8056,128243,Berry Bounty Trail Mix,19,8.47
4365,18127,136227,Sweeper Wet Mopping Pad Refills Open Window Fresh Scent Surface Care,17,10.39
4371,29456,177138,Mild General Tso Stir-Fry Sauce,6,11.96
4371,37066,177138,Original Cherry Orchard Yogurt,16,9.7
4376,48484,134330,Deglet Noor Dates,19,10.45
4377,18963,186507,Apple Cider Vinegar,13,9.67
4380,43772,83608,Cherubs Heavenly Salad Tomatoes,4,1.15
4381,5450,178824,Small Hass Avocado,4,5.77
4381,10499,178824,"Jalapeno Nacho Slices, Mild",6,9.8
4381,38426,178824,Organic Cotton Balls,11,7.36
4386,38164,45297,Almonds & Sea Salt in Dark Chocolate,19,9.32
4387,30645,48224,Pulled Pork,12,7.7
4388,37630,78677,Boneless & Skinless Wild Alaskan Sockeye Salmon,15,2.83
4390,13431,56315,Flaky Biscuits,13,1.83
4390,890,56315,Organic Diced Tomatoes,15,1.35
4390,4960,56315,Three Cheese Mini Pizza Bagels Frozen Snacks,1,5.28
4391,45051,64895,Pub Mix,19,8.23
4392,10527,107007,Whipped Butter,16,3.95
4394,35383,91737,Classic White Bread,3,6.03
4398,34969,92284,Red Vine Tomato,4,9.25
4398,26604,92284,Organic Blackberries,4,8.08
4398,45007,92284,Organic Zucchini,4,5.08
4399,12572,136184,6 OZ LA PANZANELLA CROSTINI ORIGINAL CRACKERS,19,1.78
4399,43192,136184,Dark with 70% Cacao Content Organic Chocolate Bar,19,5.04
4401,38266,106483,Fresh Basil,4,10.07
4402,45007,14809,Organic Zucchini,4,5.08
4403,7963,175298,Gluten Free Whole Grain Bread,1,4.53
4403,27044,175298,Maple Almond Butter,13,8.9
4403,29974,175298,Gluten Free Cinnamon French Toast Sticks,1,12.54
4404,22852,128965,"Toothpaste, Ayurvedic Herbal, Mint-Free",11,1.22
4406,35939,146035,Organic Jalapeno Pepper,4,9.93
4406,18159,146035,Organic Biologique Limes,4,5.06
4408,45007,123780,Organic Zucchini,4,5.08
4408,46802,123780,Pineapple Chunks,1,6.76
4408,41408,123780,Goat's Milk Cheese,16,6.12
4410,43875,28778,Baby Food Stage 2 Blueberry Pear & Purple Carrot,18,6.11
4411,49247,158533,Coconut Yoghurt,16,4.8
4413,13113,3651,Organic Apple Juice Boxes,7,9.79
4414,38456,198690,Large Grapefruit,4,3.38
4416,47380,139891,New York Style Nova Lox,12,8.72
4417,26604,6131,Organic Blackberries,4,8.08
4418,45282,35718,Gluten Free Tofu Scramble Breakfast Wrap,1,3.5
4418,49273,35718,Light and Lean Quinoa Black Beans with Butternut Squash and Chard,1,1.34
4418,20943,35718,Gluten Free Apple Cinnamon Waffles,1,6.83
4419,37355,144337,Organic Extra Virgin Coconut Oil,13,1.06
4419,35939,144337,Organic Jalapeno Pepper,4,9.93
4419,3464,144337,"Organic Butterhead (Boston, Butter, Bibb) Lettuce",4,9.0
4420,36885,13807,Rose,5,6.65
4421,37067,80349,Organic Banana,4,10.85
4421,12955,80349,"Super Foods/Organic Apples, Spinach, Peas & Broccoli + Super Chia Snack Pouch",18,3.05
4425,26209,199399,Limes,4,4.37
4425,46847,199399,Quick Cooking Rolled Oats Irish Oatmeal,14,6.01
4428,22504,27546,Organic Mountain Forest Amber Honey,13,2.16
4428,42404,27546,Multi Grain Waffles,1,12.48
4430,35544,35404,Carbon Filtered Water,7,3.58
4432,25839,24167,Froot Loops Cereal,14,10.54
4432,43488,24167,Cheese Pizza Rolls,1,7.49
4434,32923,135660,Organic Triple Berry Blend,1,11.94
4434,10819,135660,Original Craisins,19,8.5
4434,45007,135660,Organic Zucchini,4,5.08
4435,25647,51176,Heirloom Tomato,4,4.3
4436,26209,166943,Limes,4,4.37
4440,38456,9170,Large Grapefruit,4,3.38
4441,30696,93177,Eggo Homestyle Waffles,1,6.45
4441,4006,93177,Hazelnut Spread With Skim Milk & Cocoa,13,4.62
4442,45051,143503,Pub Mix,19,8.23
4444,43875,64576,Baby Food Stage 2 Blueberry Pear & Purple Carrot,18,6.11
4445,45007,183044,Organic Zucchini,4,5.08
4446,43768,17001,Organic Bell Pepper,4,2.4
4449,46802,112437,Pineapple Chunks,1,6.76
4449,12955,112437,"Super Foods/Organic Apples, Spinach, Peas & Broccoli + Super Chia Snack Pouch",18,3.05
4449,36485,112437,Organic Stage 2 Winter Squash Baby Food Puree,18,0.97
4453,28733,12782,Chicken Nuggets,1,11.03
4456,2515,86627,"Evaporated Milk,",13,4.73
4457,7164,72134,Green Tea Lemon Ginger Organic Tea,7,1.06
4459,20869,134003,Yellow Potato,4,4.45
4460,7350,158448,Natural Lime Flavor Sparkling Mineral Water,7,1.88
4460,7139,158448,Sooo Good Light Roast Coffee,7,3.74
4460,38164,158448,Almonds & Sea Salt in Dark Chocolate,19,9.32
4463,43772,184971,Cherubs Heavenly Salad Tomatoes,4,1.15
4463,26929,184971,Roasted Tomato Chipotle Corn Salsa Medium Hot Salsa,13,8.68
4465,890,81313,Organic Diced Tomatoes,15,1.35
4466,30827,177777,Seedless Cucumbers,4,5.22
4470,45007,192821,Organic Zucchini,4,5.08
4472,25647,170548,Heirloom Tomato,4,4.3
4473,46562,161962,Sweet & Salty Nut Granola Bars Peanut,19,3.56
4474,44638,95521,Silk Floss,11,11.84
4478,24535,33056,Plain Whole Milk Yogurt,16,6.17
4478,32578,33056,Organic Fresh Squeezed Orange Juice,7,6.19
4479,2002,202650,"The \""World's Best\"" Veggie Burger",1,0.89
4479,3843,202650,Organic Brussels Sprouts,4,8.41
4481,28609,91127,Whole Grain Rotini,9,1.55
4481,38049,91127,Crispy Rounds Tortilla Chips,19,1.15
4481,44667,91127,Super Moist Chocolate Fudge Cake Mix,13,8.89
4484,18027,74000,Ezekiel 4:9 Bread Organic Sprouted Whole Grain,3,11.3
4485,32757,141251,Quiche Lorraine,20,3.08
4486,27796,24272,Real Mayonnaise,13,0.97
4486,23046,24272,100% Natural No Salt Added Tomato Sauce,15,12.28
4488,44368,33255,Fresh Mozzarella Cheese,16,11.12
4496,30962,47062,Vanilla Greek Yogurt 0% Fat,16,12.25
4497,49518,202169,Thai Green Curry,1,6.97
4498,1560,159756,Bag Of Ice,1,11.41
4499,1202,154895,Organic Whole Grain Oatmeal Cereal Baby Food,18,9.64
4500,2452,118825,Naturals Chicken Nuggets,1,1.24
4500,43659,118825,Gluten Free Linguini,9,4.01
4501,30353,96554,Curate Cherry Lime Sparkling Water,7,1.86
4501,11068,96554,Medium Cheddar Cheese Block,16,1.9
4503,20869,180851,Yellow Potato,4,4.45
4508,32463,85620,Olive Oil & Aloe Vera Hand Soap,11,4.26
4508,1356,85620,"Sweet Potato, White Beans & Cinnamon Stage 2",18,8.47
4508,1202,85620,Organic Whole Grain Oatmeal Cereal Baby Food,18,9.64
4508,45007,85620,Organic Zucchini,4,5.08
4511,16759,119827,Organic Carrot Bunch,4,4.17
4513,3358,168164,"Rising Crust Supreme (Sausage, Pepperoni, Red Peppers, Green Peppers, Onions, Black Olives) Frozen Pizza",1,5.69
4513,28749,168164,Clasico Instant Coffee,7,5.59
4517,11610,87470,Organic Chocolate Syrup,13,8.82
4517,28424,87470,Tex Mex Jackfruit,16,8.49
4520,7751,11953,Tomato Ketchup,13,1.99
4520,49352,11953,Natural Extra Sharp Cheddar Cheese,16,8.82
4521,39844,79069,Mini Sweet Peppers,4,11.24
4523,10863,157016,Grain Free Turkey & Salmon Formula Cat Food,8,10.33
4523,18027,157016,Ezekiel 4:9 Bread Organic Sprouted Whole Grain,3,11.3
4525,35042,112821,Black Beans,15,5.95
4526,48186,90618,Lactose Free Half & Half,16,9.32
4527,17183,120296,Peach Yoghurt,16,6.75
4528,12614,144939,Yellow Grape Tomatoes,4,1.39
4529,1940,54001,Organic 2% Reduced Fat Milk,16,1.23
4529,14437,54001,Total Greek Yogurt With Honey,16,6.44
4529,12397,54001,Earl Grey Tea Bags,7,6.93
4529,13627,54001,English Breakfast Tea Bags,7,6.27
4531,39024,138946,Edamame In Pod,1,5.6
4533,17526,166795,70% Dark Chocolate Salted Almond Bar,19,7.64
4533,13431,166795,Flaky Biscuits,13,1.83
4533,26604,166795,Organic Blackberries,4,8.08
4534,40826,182957,Manhattan Style Whole Kosher Pickles,13,1.78
4535,5734,16226,Pizzeria-Style Crust Supreme Speciale Pizza,1,4.83
4536,45007,96195,Organic Zucchini,4,5.08
4539,13854,58259,Ylang Ylang + Cedarwood Hand Soap,11,3.71
4539,260,58259,Cantaloupe,4,3.01
4540,28465,206162,Icelandic Style Skyr Blueberry Non-fat Yogurt,16,8.32
4542,30630,127311,"Yogurt, Sheep Milk, Blackberry",16,7.92
4543,22920,187843,Roasted & Salted Shelled Pistachios,19,7.88
4544,43658,182644,Tiger All Natural Pure Olive Oil,13,11.47
4547,7120,63206,Organic Whole Wheat Sourdough Bread,3,7.86
4547,13147,63206,GOLEAN Crisp! Toasted Berry Crumble Cereal,14,4.75
4547,28465,63206,Icelandic Style Skyr Blueberry Non-fat Yogurt,16,8.32
4552,34256,174133,Organic Milk Coffee,1,10.87
4554,30908,96721,Teriyaki Turkey Jerky,19,11.95
4555,36872,77130,Lemon Natural Dishwasher Detergent Gel,17,7.2
4558,23554,1242,Organic Vanilla Bean Ice Cream,1,6.65
4559,38456,42955,Large Grapefruit,4,3.38
4560,33120,140576,Organic Egg Whites,16,5.33
4561,42110,70754,Organic Macaroni Shells & Real Aged Cheddar,9,12.09
4565,12276,82445,Chocolate Chip Cookie Dough Ice Cream,1,8.4
4565,13939,82445,Organic Potato Quinoa & Spinach Soup,15,11.59
4566,42110,157715,Organic Macaroni Shells & Real Aged Cheddar,9,12.09
4566,28915,157715,Penne Lisce,9,7.53
4566,4847,157715,Organic Low-Fat Medium Black Bean Chili,15,6.72
4566,30499,157715,Special Blend Lemonade,7,3.8
4566,8638,157715,Vanilla Milk Chocolate Almond Ice Cream Bars,1,8.33
4566,20391,157715,Tamale Bean Cheese,20,8.14
4567,48186,204999,Lactose Free Half & Half,16,9.32
4569,38456,179519,Large Grapefruit,4,3.38
4570,137,45587,Very Vanilla Soymilk,16,3.37
4570,42372,45587,Pineapple on the Bottom Greek Yogurt,16,11.02
4570,37067,45587,Organic Banana,4,10.85
4571,32651,8265,Body Deodorant Roll-On,11,9.83
4571,27044,8265,Maple Almond Butter,13,8.9
4572,1940,787,Organic 2% Reduced Fat Milk,16,1.23
4573,39408,186841,Gala Apples,4,4.03
4573,45076,186841,Slow Churned Light Ice Cream Cookies 'N Cream,1,9.56
4574,26015,146964,Organic Southwestern-Style Black Bean Soup,15,3.81
4574,43409,146964,Frosted Mini-Wheats Original Cereal,14,12.46
4574,47815,146964,Hazelnut Coffee Creamer,16,8.55
4574,27061,146964,Sweet Potato Apple Stage 2 Baby Food,18,2.61
4575,38456,29288,Large Grapefruit,4,3.38
4575,40310,29288,Oven Roasted Turkey Breast,20,8.23
4576,32035,138644,Toasted Pine Nut Couscous Mix,9,8.57
4582,49248,70806,Organic Farro,9,10.26
4583,49273,53482,Light and Lean Quinoa Black Beans with Butternut Squash and Chard,1,1.34
4585,35939,185111,Organic Jalapeno Pepper,4,9.93
4585,16759,185111,Organic Carrot Bunch,4,4.17
4586,39417,66926,Cajun Krab Dip,20,1.19
4589,22123,65121,1% Low Fat Chocolate Milk,16,7.67
4592,45866,174869,Fig Newmans Fruit Filled Cookies,19,2.46
4595,31829,66,Creme De Menthe Thins,19,7.91
4595,8143,66,Baker's Pure Cane Ultrafine Sugar,13,6.42
4597,43772,169857,Cherubs Heavenly Salad Tomatoes,4,1.15
4597,34969,169857,Red Vine Tomato,4,9.25
4597,16759,169857,Organic Carrot Bunch,4,4.17
4597,26604,169857,Organic Blackberries,4,8.08
4597,38562,169857,Pomegranate Arils,4,2.59
4597,48370,169857,Sensitive Toilet Paper,17,9.33
4597,32335,169857,Overnites Size 5 Diapers,18,7.17
4597,5922,169857,"Honest Face, Hand, & Baby Wipes",18,8.08
4598,17526,113978,70% Dark Chocolate Salted Almond Bar,19,7.64
4598,44375,113978,Canned Aranciata Orange,7,3.21
4600,1117,184607,Turkey Bacon,12,11.85
4600,42736,184607,Unsalted Butter,16,9.28
4600,26209,184607,Limes,4,4.37
4600,40974,184607,Chopped Garlic,13,6.81
4601,5450,72574,Small Hass Avocado,4,5.77
4603,18308,198500,Non Fat Dry Milk Powder,13,5.99
4603,19677,198500,Original Pure Creamy Almond Milk,16,6.4
4603,42796,198500,Broccoli Pot Pie With Cheddar Cheese Sauce,1,6.75
4603,2452,198500,Naturals Chicken Nuggets,1,1.24
4603,36315,198500,Low Fat Split Pea Soup,15,12.38
4604,45007,4789,Organic Zucchini,4,5.08
4605,45007,14078,Organic Zucchini,4,5.08
4605,20034,14078,Potted Basil,4,6.24
4607,22920,190742,Roasted & Salted Shelled Pistachios,19,7.88
4610,7533,152931,Low-Fat Strawberry Banana on the Bottom Greek Yogurt,16,6.64
4610,44641,152931,Super Sweet Corn,4,7.77
4612,45051,169832,Pub Mix,19,8.23
4615,20842,114994,Total 0% Greek Yogurt,16,9.2
4615,31461,114994,Cheese Tamale Verde,1,11.15
4615,37193,114994,Shelled Edamame,1,1.74
4616,41124,120938,Ranch Potato Crisps,19,6.21
4616,35383,120938,Classic White Bread,3,6.03
4617,45007,138791,Organic Zucchini,4,5.08
4618,28635,6517,0% Greek Yogurt Black Cherry on the Bottom,16,7.7
4618,32624,6517,Acorn Squash,4,11.22
4618,35042,6517,Black Beans,15,5.95
4619,42736,110779,Unsalted Butter,16,9.28
4619,18656,110779,Organic Red Potato,4,1.93
4620,1194,56166,Natural Artisan Water,7,7.42
4624,38996,106081,Grape Tomatoes,4,4.64
4624,42145,106081,Organic Seven Whole Grains,9,8.83
4625,48739,188405,Limited Edition Mini Trix Cereal,14,0.95
4628,34969,4048,Red Vine Tomato,4,9.25
4628,45007,4048,Organic Zucchini,4,5.08
4630,43371,111177,Crushed Red Pepper,13,7.03
4630,405,111177,100% Organic Diced Tomatoes,15,2.11
4631,12427,16137,Original Beef Jerky,19,3.08
4632,40268,181774,Organic Wheat-Free & Gluten-Free Original Crackers,19,3.71
4634,1194,78309,Natural Artisan Water,7,7.42
4634,38562,78309,Pomegranate Arils,4,2.59
4634,30353,78309,Curate Cherry Lime Sparkling Water,7,1.86
4635,21361,4937,Honey Manuka Raw Kfactor 16,13,9.97
4635,31696,4937,"Natural Antiseptic, Tea Tree Oil",11,10.63
4639,35467,117736,Semi Sweet Chocolate Mega Chunks Dairy Nut & Soy Free,13,6.61
4642,7751,25033,Tomato Ketchup,13,1.99
4642,45007,25033,Organic Zucchini,4,5.08
4643,3464,17168,"Organic Butterhead (Boston, Butter, Bibb) Lettuce",4,9.0
4643,39408,17168,Gala Apples,4,4.03
4643,25647,17168,Heirloom Tomato,4,4.3
4644,30696,87878,Eggo Homestyle Waffles,1,6.45
4644,45064,87878,Honey Wheat Bread,3,1.52
4645,11865,47954,Light & Lean Spaghetti Italiano with Meatless Meatballs,1,12.22
4646,45751,163907,Light Weight Instant Action  Litter,8,3.43
4647,4698,77573,Oscillo Oscillococcinum Quick-Dissolving Pellets,11,1.47
4648,3464,117841,"Organic Butterhead (Boston, Butter, Bibb) Lettuce",4,9.0
4649,39408,47686,Gala Apples,4,4.03
4653,12053,168186,Panama Peach Antioxidant Infusion,7,3.45
4653,8390,168186,Diet Ginger Ale,7,12.0
4653,41217,168186,Antioxidant Infusions Tanzania Lemonade Tea,7,8.66
4657,42736,57954,Unsalted Butter,16,9.28
4659,21626,52352,Organic Cinnamon Raisin Granola,14,3.71
4660,22504,95052,Organic Mountain Forest Amber Honey,13,2.16
4661,7963,71739,Gluten Free Whole Grain Bread,1,4.53
4663,43642,85759,Classic Clean Dandruff Shampoo,11,9.72
4664,18027,104170,Ezekiel 4:9 Bread Organic Sprouted Whole Grain,3,11.3
4665,11707,191326,Peanut Butter Chocolate Chip Macrobar,19,8.92
4665,14267,191326,Organic Refried Black Beans,15,9.37
4665,47792,191326,Organic Beans & Rice Cheddar Cheese Burrito,1,8.35
4665,37754,191326,Organic Blended Raspberry Whole Milk Greek Yogurt,16,4.34
4666,25,101260,Salted Caramel Lean Protein & Fiber Bar,19,5.44
4666,4962,101260,Yotoddler Organic Pear Spinach Mango Yogurt,16,10.68
4666,405,101260,100% Organic Diced Tomatoes,15,2.11
4668,6870,44124,Fresh Pressed Coconut Oil,13,12.22
4668,26209,44124,Limes,4,4.37
4669,24830,23244,Organic Romaine,4,10.27
4669,12572,23244,6 OZ LA PANZANELLA CROSTINI ORIGINAL CRACKERS,19,1.78
4669,15455,23244,Organic Extra Virgin Oil Olive,13,8.12
4669,39844,23244,Mini Sweet Peppers,4,11.24
4669,4962,23244,Yotoddler Organic Pear Spinach Mango Yogurt,16,10.68
4669,5115,23244,Organic Medium Brown Eggs,16,11.44
4669,12290,23244,Brie,16,10.11
4670,26209,191460,Limes,4,4.37
4670,7041,191460,Pecorino Romano,16,5.02
4672,27796,74669,Real Mayonnaise,13,0.97
4672,31621,74669,Body Wash Aloe,11,1.78
4673,10489,151993,Orange Flavor Chewable Aspirin Tablets,11,1.37
4673,49667,151993,Enchilada with Spanish Rice & Beans Meal,1,10.34
4676,5068,201414,Cauliflower Florets,4,5.04
4681,47621,62506,Chocolate Strong Dark,19,6.39
4681,12312,62506,Lavender Hand Soap,11,11.33
4682,21506,54594,Organic Raisin Bran Cereal,14,2.69
4683,15221,130825,2% Milk,16,11.05
4684,26604,168416,Organic Blackberries,4,8.08
4684,49667,168416,Enchilada with Spanish Rice & Beans Meal,1,10.34
4684,49273,168416,Light and Lean Quinoa Black Beans with Butternut Squash and Chard,1,1.34
4688,12299,39460,Dried Blueberries,19,1.53
4689,2452,65495,Naturals Chicken Nuggets,1,1.24
4689,38772,65495,Provolone,16,1.84
4689,13147,65495,GOLEAN Crisp! Toasted Berry Crumble Cereal,14,4.75
4689,18471,65495,Organic Light Agave Nectar,13,0.93
4692,45302,66465,Mini Falafel With Tahini Sauce,20,1.89
4692,27509,66465,Organic Seasoned Yukon Select Potatoes Hashed Browns,1,5.21
4693,7963,192439,Gluten Free Whole Grain Bread,1,4.53
4693,25199,192439,Classic Chicken Salad,20,4.26
4693,15455,192439,Organic Extra Virgin Oil Olive,13,8.12
4697,26209,110758,Limes,4,4.37
4701,20842,73132,Total 0% Greek Yogurt,16,9.2
4701,26604,73132,Organic Blackberries,4,8.08
4702,20220,37460,Sugar Free Low Calorie Gelatin Dessert Strawberry,13,5.04
4703,14951,153962,Steamers Antioxidant Vegetable Blend,1,5.06
4703,18019,153962,Macaroni & Cheese Dinner Original Flavor,9,3.73
4703,24425,153962,"Freshly made pasta, rich meat sauce and Real Mozzarella cheese Lasagna with Meat & Sauce",1,8.56
4703,48144,153962,Tater Tots,1,1.22
4706,16759,18462,Organic Carrot Bunch,4,4.17
4706,12469,18462,Strawberry Flavor Fermented Dairy Probiotic Acidophilus+C,11,9.89
4706,40268,18462,Organic Wheat-Free & Gluten-Free Original Crackers,19,3.71
4706,11068,18462,Medium Cheddar Cheese Block,16,1.9
4706,5922,18462,"Honest Face, Hand, & Baby Wipes",18,8.08
4707,12572,95050,6 OZ LA PANZANELLA CROSTINI ORIGINAL CRACKERS,19,1.78
4709,6616,120026,Raspberry Dark Chocolate bar,19,4.56
4710,4100,195377,Organic Dark Roast,7,12.15
4712,39225,37809,Golden Fishless Filet,1,3.02
4714,43662,181943,"Yogurt, Strained Low-Fat, Coconut",16,11.87
4716,26177,61607,Organic Honey Nut O's Cereal,14,3.76
4716,26209,61607,Limes,4,4.37
4716,5450,61607,Small Hass Avocado,4,5.77
4716,26604,61607,Organic Blackberries,4,8.08
4717,12572,77617,6 OZ LA PANZANELLA CROSTINI ORIGINAL CRACKERS,19,1.78
4718,27044,77898,Maple Almond Butter,13,8.9
4718,40198,77898,Blueberry Yoghurt,16,8.81
4718,14131,77898,Traditional Hearty Chicken and Rotini Soup,15,10.24
4718,46802,77898,Pineapple Chunks,1,6.76
4718,17753,77898,"Marinade & Grilling, Island Teriyaki",13,3.12
4720,31087,186448,Whole Kernel Corn No Salt Added,15,2.25
4720,3358,186448,"Rising Crust Supreme (Sausage, Pepperoni, Red Peppers, Green Peppers, Onions, Black Olives) Frozen Pizza",1,5.69
4721,11068,2423,Medium Cheddar Cheese Block,16,1.9
4721,13801,2423,Free & Clear Overnight Diapers Size 5,18,2.84
4721,34969,2423,Red Vine Tomato,4,9.25
4722,38274,161481,Ice Cream Sandwiches Vanilla,1,7.17
4722,26168,161481,Newman O's Creme Filled Mint Chocolate Cookies,19,5.37
4722,18471,161481,Organic Light Agave Nectar,13,0.93
4724,8390,192727,Diet Ginger Ale,7,12.0
4725,6069,4368,Maple Pumpkin Seeds with Sea Salt Chewy with a Crunch Granola Bars,19,7.32
4727,46847,115550,Quick Cooking Rolled Oats Irish Oatmeal,14,6.01
4728,14267,54921,Organic Refried Black Beans,15,9.37
4728,781,54921,Organic Shredded Mild Cheddar,16,2.78
4728,22808,54921,Honey Lemon Throat Comfort Tea,7,6.09
4729,45007,91370,Organic Zucchini,4,5.08
4731,43343,88415,Seaweed Ramen,6,7.11
4731,33120,88415,Organic Egg Whites,16,5.33
4732,16759,96213,Organic Carrot Bunch,4,4.17
4733,25705,36975,Butterhead Lettuce,4,0.98
4733,24830,36975,Organic Romaine,4,10.27
4733,13062,36975,"Master Brew Kombucha, Pineapple Peach",7,5.53
4734,5445,108790,Protein Zone Protein Juice Smoothie,7,5.82
4734,48335,108790,Chocolate Brownie Energy Bar,19,11.61
4737,18027,76989,Ezekiel 4:9 Bread Organic Sprouted Whole Grain,3,11.3
4737,11068,76989,Medium Cheddar Cheese Block,16,1.9
4737,23732,76989,Cranberry Orange Oat Bar,19,11.05
4738,34969,65730,Red Vine Tomato,4,9.25
4738,26209,65730,Limes,4,4.37
4738,47630,65730,Medium Navel Orange,4,5.6
4740,5450,56041,Small Hass Avocado,4,5.77
4740,47866,56041,Jalapeno Potato Chips,19,12.02
4741,32394,145822,Smart Ones Canadian Style Turkey Bacon English Muffin Sandwich,1,10.24
4742,17924,137426,Seltzer Water,7,3.66
4743,23928,68964,Butter Chicken Simmer Sauce,6,6.25
4746,1940,146390,Organic 2% Reduced Fat Milk,16,1.23
4747,34969,87626,Red Vine Tomato,4,9.25
4747,35042,87626,Black Beans,15,5.95
4747,25647,87626,Heirloom Tomato,4,4.3
4749,21467,132187,Wild Caught Raw Shrimp,12,8.56
4750,1194,38643,Natural Artisan Water,7,7.42
4750,13221,38643,Toilet Bowl Cleaner - Emerald Cypress and Fir,17,5.31
4754,45007,17317,Organic Zucchini,4,5.08
4755,23296,63428,Blueberry on the Bottom Nonfat Greek Yogurt,16,2.27
4756,28465,80971,Icelandic Style Skyr Blueberry Non-fat Yogurt,16,8.32
4757,34861,91538,Beets Bunch,4,1.06
4757,28698,91538,Asian Noodle Salad,20,1.65
4758,38996,1920,Grape Tomatoes,4,4.64
4758,41557,1920,Original Deli Style Pretzel Crackers,19,2.2
4759,24830,18107,Organic Romaine,4,10.27
4759,27796,18107,Real Mayonnaise,13,0.97
4762,16759,41351,Organic Carrot Bunch,4,4.17
4763,23296,52638,Blueberry on the Bottom Nonfat Greek Yogurt,16,2.27
4763,3177,52638,Thick Spaghetti Pasta,9,1.79
4763,27796,52638,Real Mayonnaise,13,0.97
4763,260,52638,Cantaloupe,4,3.01
4763,44368,52638,Fresh Mozzarella Cheese,16,11.12
4764,21206,178540,English Breakfast Black Tea,7,3.44
4766,11432,2496,Chopped Kale,4,9.06
4766,10193,2496,Shredded Carrots,4,11.21
4770,47966,203020,Old Fashioned Rolled Oats,14,2.74
4774,14870,4490,Icelandic Style Fat Free Plain Yogurt,16,4.27
4775,35939,105695,Organic Jalapeno Pepper,4,9.93
4775,45007,105695,Organic Zucchini,4,5.08
4775,46802,105695,Pineapple Chunks,1,6.76
4775,16726,105695,Roasted Red Chili Paste,6,7.32
4775,18696,105695,Mild Red Enchilada Sauce,6,4.38
4776,43875,178055,Baby Food Stage 2 Blueberry Pear & Purple Carrot,18,6.11
4776,1940,178055,Organic 2% Reduced Fat Milk,16,1.23
4776,20915,178055,Mozzarella Light Low Moisture Part Skim String Cheese,16,3.56
4776,23554,178055,Organic Vanilla Bean Ice Cream,1,6.65
4776,40198,178055,Blueberry Yoghurt,16,8.81
4776,18019,178055,Macaroni & Cheese Dinner Original Flavor,9,3.73
4776,44787,178055,Stage 1 - Just Prunes,18,6.69
4776,34969,178055,Red Vine Tomato,4,9.25
4776,16874,178055,Chocolate Fudge Brownie Ice Cream,1,4.04
4779,33135,37628,Organic Blueberry Kefir,16,8.24
4779,29506,37628,Pita Bread,3,5.14
4779,45210,37628,Organic Greek Lowfat Yogurt With Blueberries,16,5.69
4780,26209,117679,Limes,4,4.37
4781,2452,160553,Naturals Chicken Nuggets,1,1.24
4781,10369,160553,Organic Genoa Salami,20,2.35
4781,18027,160553,Ezekiel 4:9 Bread Organic Sprouted Whole Grain,3,11.3
4781,260,160553,Cantaloupe,4,3.01
4783,3318,108505,Cinnamon Swirl Raisin Bread,3,4.94
4784,33468,70485,White Pita,3,8.87
4784,26209,70485,Limes,4,4.37
4788,26172,194831,Light Sour Cream,16,7.26
4791,18094,135145,Organic Creamy Deluxe Macaroni Dinner Rotini & White Cheddar Sauce,9,3.66
4791,46584,135145,YoKids Blueberry & Strawberry/Vanilla Yogurt,16,8.82
4792,13249,141985,Skim Milk,16,9.33
4793,12427,76696,Original Beef Jerky,19,3.08
4794,11934,153907,Organic Greens & Apple Juice,7,3.66
4796,26209,176604,Limes,4,4.37
4798,13147,89706,GOLEAN Crisp! Toasted Berry Crumble Cereal,14,4.75
4805,18689,25121,Dairy-Free Chive Cream Cheese,16,10.12
4806,1940,122051,Organic 2% Reduced Fat Milk,16,1.23
4807,22124,182215,Total 0% Raspberry Yogurt,16,9.08
4807,42972,182215,Natural Pure Sparkling Water,7,4.77
4807,14437,182215,Total Greek Yogurt With Honey,16,6.44
4807,12397,182215,Earl Grey Tea Bags,7,6.93
4811,27794,89110,Garden Vegetable Ready Rice,9,11.83
4812,28745,9161,Oven Roasted Turkey,20,7.99
4812,10603,9161,93% Ground Beef,12,3.6
4812,49248,9161,Organic Farro,9,10.26
4813,4006,50733,Hazelnut Spread With Skim Milk & Cocoa,13,4.62
4814,49667,1423,Enchilada with Spanish Rice & Beans Meal,1,10.34
4814,39225,1423,Golden Fishless Filet,1,3.02
4814,24830,1423,Organic Romaine,4,10.27
4815,48186,163311,Lactose Free Half & Half,16,9.32
4816,47612,188598,Halloumi Cheese,16,3.54
4818,49026,52412,Plain Almond Milk Yogurt,16,12.26
4823,19173,197075,Orange Calcium & Vitamin D Pulp Free,7,11.11
4824,6204,138173,Original Smoked Snack Stick Giant Slim,19,12.15
4825,27554,84362,Gluten Free Blueberry Muffins,3,0.94
4825,34969,84362,Red Vine Tomato,4,9.25
4825,44375,84362,Canned Aranciata Orange,7,3.21
4826,31215,117642,Lemon Yogurt,16,10.41
4826,32429,117642,Red Mango,4,3.5
4826,1940,117642,Organic 2% Reduced Fat Milk,16,1.23
4826,42736,117642,Unsalted Butter,16,9.28
4829,32578,22914,Organic Fresh Squeezed Orange Juice,7,6.19
4830,45081,196915,Gluten-Free Pancake Mix,14,11.26
4832,43647,67083,Organic Asparagus Spears,1,11.18
4834,44570,49563,Kale Greens,4,4.15
4836,38274,142249,Ice Cream Sandwiches Vanilla,1,7.17
4837,3464,28537,"Organic Butterhead (Boston, Butter, Bibb) Lettuce",4,9.0
4837,39055,28537,Mild Salsa Roja,20,12.54
4842,14870,137357,Icelandic Style Fat Free Plain Yogurt,16,4.27
4842,45007,137357,Organic Zucchini,4,5.08
4845,11068,134946,Medium Cheddar Cheese Block,16,1.9
4845,26209,134946,Limes,4,4.37
4849,45007,6721,Organic Zucchini,4,5.08
4849,43662,6721,"Yogurt, Strained Low-Fat, Coconut",16,11.87
4852,26209,87616,Limes,4,4.37
4855,49273,170822,Light and Lean Quinoa Black Beans with Butternut Squash and Chard,1,1.34
4855,44292,170822,Premium Unsweetened Iced Tea,7,7.57
4855,12957,170822,Gluten Free Matzo Style Squares,6,8.05
4856,41602,17776,Deli Select Ultra Thin Honey Ham,20,4.95
4856,20842,17776,Total 0% Greek Yogurt,16,9.2
4856,28527,17776,White Horseradish,13,12.12
4858,22808,182067,Honey Lemon Throat Comfort Tea,7,6.09
4858,35182,182067,Gluten Free Cornbread Mix,13,10.76
4858,31727,182067,"Organic Tomato Paste, No Salt Added",15,10.09
4859,19173,108615,Orange Calcium & Vitamin D Pulp Free,7,11.11
4859,48278,108615,Tonic Water Contains Quinine,7,4.49
4859,5450,108615,Small Hass Avocado,4,5.77
4859,26885,108615,Luau BBQ Potato Chips,19,1.7
4861,47792,30930,Organic Beans & Rice Cheddar Cheese Burrito,1,8.35
4861,38473,30930,Dark Coconut Toffee Organic Chocolate,19,6.98
4864,17158,1072,Classic Cosmic Cranberry Kombucha,5,9.71
4864,211,1072,Gluten Free Organic Cereal Coconut Maple Vanilla,14,4.4
4865,16759,126455,Organic Carrot Bunch,4,4.17
4868,5450,22909,Small Hass Avocado,4,5.77
4868,47630,22909,Medium Navel Orange,4,5.6
4869,34969,121036,Red Vine Tomato,4,9.25
4869,5450,121036,Small Hass Avocado,4,5.77
4871,4145,186945,Organic Chicken Breast In Water,15,10.97
4872,43409,149150,Frosted Mini-Wheats Original Cereal,14,12.46
4873,36735,87962,Organic Roasted Sliced Chicken Breast,20,10.42
4873,18027,87962,Ezekiel 4:9 Bread Organic Sprouted Whole Grain,3,11.3
4875,30827,119706,Seedless Cucumbers,4,5.22
4878,26604,168799,Organic Blackberries,4,8.08
4879,27428,155692,Dairy Pure Fresh Heavy Whipping Cream,16,12.5
4880,44395,94820,Fast Freeze Ice Bars,1,7.48
4886,44167,9364,Pacific Cooler Juice Drink,7,2.33
4887,34969,159689,Red Vine Tomato,4,9.25
4888,38087,79376,Gluten Free Ice Cream Cones,19,4.88
4888,23554,79376,Organic Vanilla Bean Ice Cream,1,6.65
4890,22124,451,Total 0% Raspberry Yogurt,16,9.08
4891,24830,31807,Organic Romaine,4,10.27
4891,33402,31807,Core Original Grain Free Dry Dog Food,8,6.4
4892,45007,42081,Organic Zucchini,4,5.08
4895,14553,54671,Oats & Honey Granola,14,2.32
4895,10761,54671,Organic Yokids Lemonade/Blueberry Variety Pack Yogurt Squeezers Tubes,16,4.56
4895,1202,54671,Organic Whole Grain Oatmeal Cereal Baby Food,18,9.64
4895,37050,54671,"Multi-Vitamin & Mineral, Gummy Bears, Fruit Flavors",11,4.22
4895,9955,54671,Unsweetened Organic Coconut Milk,16,6.48
4896,46584,40929,YoKids Blueberry & Strawberry/Vanilla Yogurt,16,8.82
4897,12614,156724,Yellow Grape Tomatoes,4,1.39
4897,43662,156724,"Yogurt, Strained Low-Fat, Coconut",16,11.87
4897,28465,156724,Icelandic Style Skyr Blueberry Non-fat Yogurt,16,8.32
4897,10603,156724,93% Ground Beef,12,3.6
4897,24830,156724,Organic Romaine,4,10.27
4898,27428,83757,Dairy Pure Fresh Heavy Whipping Cream,16,12.5
4898,28805,83757,100% Pure Corn Starch,13,4.53
4898,3619,83757,Nestle Toll House Premier White Chocolate Morsels,13,7.28
4900,16145,7293,Organic Cannellini Beans,15,5.1
4900,35939,7293,Organic Jalapeno Pepper,4,9.93
4901,43772,143369,Cherubs Heavenly Salad Tomatoes,4,1.15
4901,23039,143369,Fat Free Cream Cheese,16,1.3
4904,35939,182586,Organic Jalapeno Pepper,4,9.93
4908,1194,138431,Natural Artisan Water,7,7.42
4910,23637,130915,Maple & Brown Sugar High Fiber Instant Oatmeal,14,1.87
4912,46802,197767,Pineapple Chunks,1,6.76
4913,38895,58697,Super Natural Organic Reduced Fat 2% Milk,16,4.95
4915,30623,131125,Unsweetened 100% Cocoa,13,11.86
4920,20324,145823,Lavender Harvest Aromatherapy Mist,17,11.04
4922,449,133925,Chips Ahoy! Chewy Cookies,19,9.39
4923,38087,64358,Gluten Free Ice Cream Cones,19,4.88
4925,46562,119726,Sweet & Salty Nut Granola Bars Peanut,19,3.56
4927,22828,166136,Sea Salt Caramel Ice Cream,1,5.04
4927,40310,166136,Oven Roasted Turkey Breast,20,8.23
4928,45007,164066,Organic Zucchini,4,5.08
4928,39408,164066,Gala Apples,4,4.03
4929,40826,54490,Manhattan Style Whole Kosher Pickles,13,1.78
4929,12572,54490,6 OZ LA PANZANELLA CROSTINI ORIGINAL CRACKERS,19,1.78
4931,49667,160092,Enchilada with Spanish Rice & Beans Meal,1,10.34
4932,38996,176272,Grape Tomatoes,4,4.64
4936,28425,152538,Pitted Castelvetrano Green Olives,13,9.54
4937,1025,47336,Organic Fresh Basil,4,11.34
4940,47621,25141,Chocolate Strong Dark,19,6.39
4942,16163,69929,Gourmet 100 Calorie 100% Whole Wheat Tortillas,3,9.53
4942,36315,69929,Low Fat Split Pea Soup,15,12.38
4944,1940,113372,Organic 2% Reduced Fat Milk,16,1.23
4944,27796,113372,Real Mayonnaise,13,0.97
4946,47380,130284,New York Style Nova Lox,12,8.72
4947,1233,137183,Baking Bar Ghirardelli 60% Cacao,13,5.48
4947,36086,137183,Philadelphia Original Cream Cheese,16,2.08
4947,30623,137183,Unsweetened 100% Cocoa,13,11.86
4948,26209,17964,Limes,4,4.37
4949,25691,3974,Original Life Cereal,14,4.24
4950,20034,78178,Potted Basil,4,6.24
4950,28785,78178,Organic Tahini,13,8.89
4951,260,83071,Cantaloupe,4,3.01
4954,28465,39165,Icelandic Style Skyr Blueberry Non-fat Yogurt,16,8.32
4957,19677,203927,Original Pure Creamy Almond Milk,16,6.4
4957,45007,203927,Organic Zucchini,4,5.08
4957,14477,203927,Organic Spaghetti,9,7.55
4957,22504,203927,Organic Mountain Forest Amber Honey,13,2.16
4957,45544,203927,Organic Plain Nonfat Greek Yogurt,16,8.48
4957,14553,203927,Oats & Honey Granola,14,2.32
4962,27796,158652,Real Mayonnaise,13,0.97
4963,22814,91556,Picante Salami,20,10.06
4965,26604,17896,Organic Blackberries,4,8.08
4965,40268,17896,Organic Wheat-Free & Gluten-Free Original Crackers,19,3.71
4969,43768,182090,Organic Bell Pepper,4,2.4
4969,45007,182090,Organic Zucchini,4,5.08
4970,28413,123736,Bunny-Luv Organic Carrots,4,7.3
4972,49247,63236,Coconut Yoghurt,16,4.8
4972,43421,63236,"Little Yums Spinach, Apple, and Kale Teething Wafers",18,5.55
4973,32700,199005,Original Whipped Cream,16,0.94
4973,3619,199005,Nestle Toll House Premier White Chocolate Morsels,13,7.28
4973,37908,199005,Pieces Peanut Butter Candy,19,5.95
4973,7893,199005,Gluten-Free Lemon Wafers,19,4.11
4973,45356,199005,Gluten Free Dream Cookies Chocolate Vanilla Creme,19,8.13
4974,44292,23601,Premium Unsweetened Iced Tea,7,7.57
4977,26209,194758,Limes,4,4.37
4977,8057,194758,Organic Chicken & Mozzarella Ravioli,9,8.71
4977,45007,194758,Organic Zucchini,4,5.08
4978,13733,9006,Red Potatoes,4,4.73
4980,13113,179300,Organic Apple Juice Boxes,7,9.79
4981,14114,8384,Orange Chicken,1,12.2
4983,26021,99608,Caramel Nut Brownie,19,9.85
4985,22920,196057,Roasted & Salted Shelled Pistachios,19,7.88
4986,890,68880,Organic Diced Tomatoes,15,1.35
4987,49640,178325,Sourdough Loaf,3,11.15
4989,12276,67359,Chocolate Chip Cookie Dough Ice Cream,1,8.4
4991,24830,179528,Organic Romaine,4,10.27
4994,23630,41731,Multi-Seed Original Crackers,19,4.37
4994,11517,41731,Positively Radiant Daily Moisturizer Broad Spectrum SPF 15,11,8.2
4995,19451,182530,Comforting Chamomile Tea,7,12.54
4996,33464,106735,Fresh Boneless Skinless Chicken Breasts,12,10.45
4997,9176,69723,Sesame Stir Fry with Chicken,1,10.56
4997,36792,69723,Gluten Free Omega Flax & Fiber Bread,3,3.98
5000,8614,97539,Organic Greens & Pineapple Juice Blend,7,8.61
5001,20217,55793,Mini Marshmallows,13,6.42
5003,40268,151359,Organic Wheat-Free & Gluten-Free Original Crackers,19,3.71
5004,30494,86219,Organic Mango Slices,19,7.63
5004,24532,86219,Cranberry Almond Chicken Salad,3,2.66
5006,22124,73258,Total 0% Raspberry Yogurt,16,9.08
5006,19173,73258,Orange Calcium & Vitamin D Pulp Free,7,11.11
5006,3318,73258,Cinnamon Swirl Raisin Bread,3,4.94
5008,26209,158648,Limes,4,4.37
5009,49247,100334,Coconut Yoghurt,16,4.8
5009,17183,100334,Peach Yoghurt,16,6.75
5009,42736,100334,Unsalted Butter,16,9.28
5012,13598,131864,Soy & Dairy Free Plain Unsweetened Almond Milk Yogurt,21,4.21
5012,46802,131864,Pineapple Chunks,1,6.76
5013,34568,152037,Bourbon Kentucky Frontier Whiskey,5,8.27
5015,46802,67498,Pineapple Chunks,1,6.76
5016,19677,164949,Original Pure Creamy Almond Milk,16,6.4
5018,7116,158145,Large Enriched Bread,3,2.99
5018,43860,158145,Natural Colby Jack Cheese Block,16,2.3
5018,21225,158145,Honey Bunches With Almonds Cereal,14,1.97
5020,11934,73477,Organic Greens & Apple Juice,7,3.66
5020,20947,73477,Passionberry Bliss Kombucha Drink,7,11.87
5022,8838,86304,French Bread Pizza Deluxe,1,11.65
5022,48022,86304,Chocolate Mousse Ganache Cone,1,9.78
5022,19938,86304,Extra Wide Egg Noodles,9,2.68
5026,24830,60710,Organic Romaine,4,10.27
5028,33316,73542,Lemongrass & Clementine Zest Natural Dish Liquid,17,0.96
5030,14870,115130,Icelandic Style Fat Free Plain Yogurt,16,4.27
5030,13388,115130,Land O' Lakes Mini Moo's Half & Half,16,3.98
5030,3318,115130,Cinnamon Swirl Raisin Bread,3,4.94
5032,12862,46621,Three Cheese Tortellini with Bacon,9,5.34
5033,18963,144581,Apple Cider Vinegar,13,9.67
5033,26209,144581,Limes,4,4.37
5034,18656,115153,Organic Red Potato,4,1.93
5034,31215,115153,Lemon Yogurt,16,10.41
5036,890,108498,Organic Diced Tomatoes,15,1.35
5037,35124,49531,Southwest Chopped Salad Kit with Dressing,4,6.97
5037,11152,49531,Eggplant Large,4,9.3
5039,3260,188300,Chips Ahoy!/Nutter Butter/Oreo Cookies,19,8.29
5040,30494,119078,Organic Mango Slices,19,7.63
5040,16840,119078,Mild Guacamole,20,2.21
5040,7350,119078,Natural Lime Flavor Sparkling Mineral Water,7,1.88
5042,14870,63868,Icelandic Style Fat Free Plain Yogurt,16,4.27
5043,15414,122312,Double Smoked Uncured Center Cut Bacon,12,11.55
5048,43768,125364,Organic Bell Pepper,4,2.4
5048,23815,125364,Bosc Pears,4,9.02
5053,20463,94388,Organic Fat-Free Milk,16,1.48
5053,33633,94388,Smart Pop Kettle Corn Mini Bags,19,4.2
5053,14330,94388,Pure Seedless Strawberry Jam,13,3.31
5054,47866,7848,Jalapeno Potato Chips,19,12.02
5057,44570,185363,Kale Greens,4,4.15
5059,26604,12479,Organic Blackberries,4,8.08
5059,38448,12479,Chunk White Albacore Tuna in Water,15,7.28
5061,27904,23630,White Meat Chicken Egg Rolls,1,9.24
5063,35939,174428,Organic Jalapeno Pepper,4,9.93
5066,8460,114001,Hearty Thick Cut Bacon,12,5.7
5066,10193,114001,Shredded Carrots,4,11.21
5066,43772,114001,Cherubs Heavenly Salad Tomatoes,4,1.15
5066,10527,114001,Whipped Butter,16,3.95
5069,24830,123030,Organic Romaine,4,10.27
5069,2820,123030,Francese Deli Rolls,3,7.97
5070,42404,181566,Multi Grain Waffles,1,12.48
5072,27464,204354,Direct Trade House Blend Medium Roast Ground Coffee,7,11.02
5075,24830,8260,Organic Romaine,4,10.27
5076,38164,205761,Almonds & Sea Salt in Dark Chocolate,19,9.32
5077,26897,87354,"Salsa, Medium",13,9.81
5077,26604,87354,Organic Blackberries,4,8.08
5077,46802,87354,Pineapple Chunks,1,6.76
5077,19677,87354,Original Pure Creamy Almond Milk,16,6.4
5077,46932,87354,All Natural Coconut Water,7,4.34
5083,11432,22524,Chopped Kale,4,9.06
5083,45064,22524,Honey Wheat Bread,3,1.52
5085,34969,24447,Red Vine Tomato,4,9.25
5085,24830,24447,Organic Romaine,4,10.27
5085,42736,24447,Unsalted Butter,16,9.28
5086,26209,175768,Limes,4,4.37
5086,45007,175768,Organic Zucchini,4,5.08
5086,26172,175768,Light Sour Cream,16,7.26
5087,21278,136598,All Purpose Crushed Tomatoes,15,1.47
5087,31533,136598,Spinach Feta in a Pocket Sandwich,1,2.06
5088,14890,20555,Shelled Walnuts,19,0.89
5089,22565,18700,"Disinfecting Wipes, Lemon Scent",17,6.39
5089,47965,18700,TLC Cherry Dark Chocolate Chewy Granola,19,7.49
5089,24425,18700,"Freshly made pasta, rich meat sauce and Real Mozzarella cheese Lasagna with Meat & Sauce",1,8.56
5090,45607,159591,Butter Cooking Spray,13,3.56
5090,16874,159591,Chocolate Fudge Brownie Ice Cream,1,4.04
5090,36872,159591,Lemon Natural Dishwasher Detergent Gel,17,7.2
5099,45007,160364,Organic Zucchini,4,5.08
5099,16759,160364,Organic Carrot Bunch,4,4.17
5099,37067,160364,Organic Banana,4,10.85
5100,21469,38733,Honest T Mango White Tea,7,4.63
5100,12118,38733,Organic Whole Grain Spanish Rice,9,4.97
5101,2962,56620,"Milk, Reduced Fat, 2% Milkfat",16,8.89
5103,32502,138434,Belgian Style Wheat Ale,5,1.66
5105,12276,159480,Chocolate Chip Cookie Dough Ice Cream,1,8.4
5106,20842,13927,Total 0% Greek Yogurt,16,9.2
5108,27525,196836,100% Pure Versatile Skin Care Castor Oil,11,6.4
5111,14371,92354,Organic Nonfat Milk,16,10.79
5113,5258,66181,Sparkling Water,7,10.95
5114,2962,19918,"Milk, Reduced Fat, 2% Milkfat",16,8.89
5115,32463,87274,Olive Oil & Aloe Vera Hand Soap,11,4.26
5115,28465,87274,Icelandic Style Skyr Blueberry Non-fat Yogurt,16,8.32
5115,29978,87274,Flushable Moist Wipes,11,3.3
5118,7751,62851,Tomato Ketchup,13,1.99
5120,36487,159043,Plus Lubricant Eye Drops,11,12.45
5120,47141,159043,Cola,7,5.77
5121,5450,69370,Small Hass Avocado,4,5.77
5121,28745,69370,Oven Roasted Turkey,20,7.99
5124,6244,24667,Club Soda Lower Sodium,7,5.76
5124,8138,24667,Traditional Hummus,20,2.75
5124,27284,24667,Organic Fruit and Nut Granola Cereal,14,2.49
5125,26209,5897,Limes,4,4.37
5127,13113,91163,Organic Apple Juice Boxes,7,9.79
5127,13431,91163,Flaky Biscuits,13,1.83
5129,11068,31773,Medium Cheddar Cheese Block,16,1.9
5129,40310,31773,Oven Roasted Turkey Breast,20,8.23
5129,5450,31773,Small Hass Avocado,4,5.77
5129,26209,31773,Limes,4,4.37
5129,18027,31773,Ezekiel 4:9 Bread Organic Sprouted Whole Grain,3,11.3
5131,38250,191381,Cheddar Squares Cheddar Squares,19,4.43
5137,39462,184051,Long Grain White Rice,9,6.92
5138,40310,44285,Oven Roasted Turkey Breast,20,8.23
5138,26209,44285,Limes,4,4.37
5138,22124,44285,Total 0% Raspberry Yogurt,16,9.08
5139,27514,179929,Maple Glazed Honey Ham,20,6.39
5141,30827,93869,Seedless Cucumbers,4,5.22
5141,42003,93869,Tasty Treasures with Turkey & Cheese in Gravy Cat Food,8,7.32
5141,8460,93869,Hearty Thick Cut Bacon,12,5.7
5141,20636,93869,Pure Sport Body Wash,11,9.5
5142,34969,7744,Red Vine Tomato,4,9.25
5142,26209,7744,Limes,4,4.37
5145,33540,55666,Whole Grain Organic Blueberry Waffles,1,4.77
5145,23869,55666,Crispy Almonds & Caramel RIce Crisp,19,1.61
5146,44292,1767,Premium Unsweetened Iced Tea,7,7.57
5148,24830,41789,Organic Romaine,4,10.27
5149,27061,15765,Sweet Potato Apple Stage 2 Baby Food,18,2.61
5150,42736,2258,Unsalted Butter,16,9.28
5151,29158,123993,Panko Breadcrumbs Original,13,5.23
5156,24227,175361,Brownie Bliss,3,1.44
5157,46802,7205,Pineapple Chunks,1,6.76
5158,20842,25306,Total 0% Greek Yogurt,16,9.2
5164,3843,132875,Organic Brussels Sprouts,4,8.41
5165,35939,134805,Organic Jalapeno Pepper,4,9.93
5170,20842,138013,Total 0% Greek Yogurt,16,9.2
5171,26209,193181,Limes,4,4.37
5172,25,135410,Salted Caramel Lean Protein & Fiber Bar,19,5.44
5172,2452,135410,Naturals Chicken Nuggets,1,1.24
5172,26209,135410,Limes,4,4.37
5172,37538,135410,Organic Sweet Pea,4,3.61
5173,14095,130271,"Green Beans, Organic, Cut",15,11.02
5173,28527,130271,White Horseradish,13,12.12
5174,6104,102148,Whole Milk Plain Yogurt,16,1.76
5174,26209,102148,Limes,4,4.37
5175,36735,137796,Organic Roasted Sliced Chicken Breast,20,10.42
5176,5450,167425,Small Hass Avocado,4,5.77
5176,7185,167425,Rosemary Mini Croccantini,19,4.79
5179,21614,42762,Crackers Harvest Whole Wheat,19,2.38
5179,36086,42762,Philadelphia Original Cream Cheese,16,2.08
5179,23347,42762,Chessmen Cookies,19,1.22
5180,17321,47879,Dulce De Leche Caramel Ice Cream,1,5.6
5180,37266,47879,Tater Treats Seasoned Shredded Potatoes,1,8.65
5182,17789,174358,Soy Free Buttery Spread,16,11.19
5182,35042,174358,Black Beans,15,5.95
5182,43647,174358,Organic Asparagus Spears,1,11.18
5183,46820,76919,Vanilla Pure Almond Milk,16,11.94
5183,3469,76919,Organic Vegetarian Mild Refried Beans With Green Chiles,15,5.89
5183,12240,76919,Vanilla Protein Almond Milk,16,3.4
5183,40928,76919,Apple Smoked Gruyere Cheese,16,8.79
5184,36961,84204,Pink Cripps Apple,4,2.89
5186,6104,109411,Whole Milk Plain Yogurt,16,1.76
5186,18656,109411,Organic Red Potato,4,1.93
5188,781,127930,Organic Shredded Mild Cheddar,16,2.78
5189,9955,74592,Unsweetened Organic Coconut Milk,16,6.48
5191,34969,116000,Red Vine Tomato,4,9.25
5191,35042,116000,Black Beans,15,5.95
5191,40598,116000,Fudge Brownie Mix,13,11.23
5194,38164,101845,Almonds & Sea Salt in Dark Chocolate,19,9.32
5194,34969,101845,Red Vine Tomato,4,9.25
5196,26604,129266,Organic Blackberries,4,8.08
5196,42972,129266,Natural Pure Sparkling Water,7,4.77
5196,49247,129266,Coconut Yoghurt,16,4.8
5196,22920,129266,Roasted & Salted Shelled Pistachios,19,7.88
5196,21412,129266,Roasted No Salt Pistachios,19,8.59
5197,3318,179526,Cinnamon Swirl Raisin Bread,3,4.94
5197,7574,179526,5 Cobalt Cooling Peppermint Sugar Free Gum,19,5.98
5198,30827,161427,Seedless Cucumbers,4,5.22
5198,8057,161427,Organic Chicken & Mozzarella Ravioli,9,8.71
5199,758,34881,No Sugar Added The Original Fudge Pops,1,11.67
5199,16518,34881,Tropicals Sugar Free 1.65 fl oz Ice Pops,1,5.45
5203,41106,14825,Tiramisu,3,8.96
5204,26209,157398,Limes,4,4.37
5204,46802,157398,Pineapple Chunks,1,6.76
5206,39055,6754,Mild Salsa Roja,20,12.54
5208,44292,48203,Premium Unsweetened Iced Tea,7,7.57
5208,45224,48203,Fior Di Latte Mozzarella,16,7.17
5211,2962,126236,"Milk, Reduced Fat, 2% Milkfat",16,8.89
5213,16759,36052,Organic Carrot Bunch,4,4.17
5213,36735,36052,Organic Roasted Sliced Chicken Breast,20,10.42
5214,45007,93453,Organic Zucchini,4,5.08
5214,6104,93453,Whole Milk Plain Yogurt,16,1.76
5214,14486,93453,One Bun Multigrain Whole Grain Pita,3,6.73
5218,37067,142586,Organic Banana,4,10.85
5218,260,142586,Cantaloupe,4,3.01
5219,5922,146145,"Honest Face, Hand, & Baby Wipes",18,8.08
5219,30494,146145,Organic Mango Slices,19,7.63
5219,45210,146145,Organic Greek Lowfat Yogurt With Blueberries,16,5.69
5220,26604,101428,Organic Blackberries,4,8.08
5223,22465,105219,Stix Crispy Seaweed Strips Wasabi,19,8.02
5223,40310,105219,Oven Roasted Turkey Breast,20,8.23
5224,28358,96849,Chocolate Chip Vegan Cookie Dough,13,5.77
5224,26604,96849,Organic Blackberries,4,8.08
5224,18963,96849,Apple Cider Vinegar,13,9.67
5224,14477,96849,Organic Spaghetti,9,7.55
5225,13851,181653,Organic Classic Sea Salt  Oven Crinkles Fries,1,4.93
5225,12250,181653,EF California White Basmati Eco-Farmed 2 lb Rice,9,8.48
5226,27690,186338,Apple Cinnamon GoGo Squeez,19,6.29
5226,22211,186338,Free & Clean Unscented Hand Soap,17,10.78
5229,46562,145304,Sweet & Salty Nut Granola Bars Peanut,19,3.56
5231,35227,191233,"Bagel Chips, Everything",19,1.03
5232,7120,166079,Organic Whole Wheat Sourdough Bread,3,7.86
5238,43183,189413,Deli Fresh Shaved Smoked Turkey Breast,20,12.45
5238,7533,189413,Low-Fat Strawberry Banana on the Bottom Greek Yogurt,16,6.64
5239,5450,79431,Small Hass Avocado,4,5.77
5240,9275,15165,Classics Parmesan Garlic Wings,1,6.37
5244,20670,14873,Organic Lentil Vegetable Soup,15,10.83
5244,35176,14873,Cream Cheese Cream Cheese Spread,16,3.27
5246,13249,123406,Skim Milk,16,9.33
5246,26209,123406,Limes,4,4.37
5246,45007,123406,Organic Zucchini,4,5.08
5247,36070,178667,"Super Spinach! Baby Spinach, Baby Bok Choy, Sweet Baby Kale",4,4.34
5248,44570,139652,Kale Greens,4,4.15
5251,2452,151939,Naturals Chicken Nuggets,1,1.24
5253,26209,91397,Limes,4,4.37
5253,27509,91397,Organic Seasoned Yukon Select Potatoes Hashed Browns,1,5.21
5255,32700,96772,Original Whipped Cream,16,0.94
5256,5450,162759,Small Hass Avocado,4,5.77
5256,33120,162759,Organic Egg Whites,16,5.33
5256,37067,162759,Organic Banana,4,10.85
5256,26604,162759,Organic Blackberries,4,8.08
5257,5450,9278,Small Hass Avocado,4,5.77
5257,43183,9278,Deli Fresh Shaved Smoked Turkey Breast,20,12.45
5257,44570,9278,Kale Greens,4,4.15
5257,1117,9278,Turkey Bacon,12,11.85
5257,7751,9278,Tomato Ketchup,13,1.99
5257,39664,9278,Crispy Chicken Strips,1,7.94
5258,48186,139614,Lactose Free Half & Half,16,9.32
5261,34969,64128,Red Vine Tomato,4,9.25
5261,7185,64128,Rosemary Mini Croccantini,19,4.79
5262,13708,109807,"Liquid Hand Soap, Refill, Lavender Scent",11,3.43
5263,42964,163680,Gluten Free Spaghetti Pasta,9,9.5
5264,30353,90461,Curate Cherry Lime Sparkling Water,7,1.86
5264,24830,90461,Organic Romaine,4,10.27
5267,14870,156788,Icelandic Style Fat Free Plain Yogurt,16,4.27
5267,45007,156788,Organic Zucchini,4,5.08
5267,24830,156788,Organic Romaine,4,10.27
5267,43768,156788,Organic Bell Pepper,4,2.4
5267,39249,156788,Organic Persian Cucumber,4,12.47
5268,42736,158791,Unsalted Butter,16,9.28
5268,3332,158791,Matzo Ball & Soup Mix,6,10.6
5269,45674,190391,Antioxidant Infusions Molokai Coconut,7,11.19
5270,45007,45564,Organic Zucchini,4,5.08
5271,31342,66766,Organic SprouTofu Extra Firm Tofu,20,9.28
5272,17328,48049,Reduced Fat Feta Cheese,16,5.27
5272,4163,48049,Spanish Rice Pilaf Mix,9,7.87
5272,35383,48049,Classic White Bread,3,6.03
5272,44402,48049,Unsalted Chicken Cooking Stock,15,0.95
5274,33527,182212,Organic Classic Rich Crackers,19,7.46
5279,42110,194173,Organic Macaroni Shells & Real Aged Cheddar,9,12.09
5279,34969,194173,Red Vine Tomato,4,9.25
5282,32134,149231,Lactose Free Plain Kefir,16,3.11
5282,1194,149231,Natural Artisan Water,7,7.42
5283,43192,16261,Dark with 70% Cacao Content Organic Chocolate Bar,19,5.04
5284,48953,141583,Lettuce Medley,4,4.64
5284,16759,141583,Organic Carrot Bunch,4,4.17
5284,16145,141583,Organic Cannellini Beans,15,5.1
5288,6473,64941,Bag of Lemons,4,6.98
5289,20842,46839,Total 0% Greek Yogurt,16,9.2
5289,34969,46839,Red Vine Tomato,4,9.25
5291,12846,34404,Pomegranate Blackberry Probiotics Juice Drink,7,10.26
5291,44375,34404,Canned Aranciata Orange,7,3.21
5291,40198,34404,Blueberry Yoghurt,16,8.81
5291,29506,34404,Pita Bread,3,5.14
5291,17044,34404,French Baguette,3,6.85
5294,44090,99610,Roasted Pumpkin White Cheddar Tamales,20,2.39
5296,5450,49841,Small Hass Avocado,4,5.77
5296,45007,49841,Organic Zucchini,4,5.08
5297,22124,96671,Total 0% Raspberry Yogurt,16,9.08
5301,2962,138246,"Milk, Reduced Fat, 2% Milkfat",16,8.89
5301,1323,138246,Vanilla Bean Natural Lowfat Yogurt,16,5.89
5301,38456,138246,Large Grapefruit,4,3.38
5301,39462,138246,Long Grain White Rice,9,6.92
5304,32578,171956,Organic Fresh Squeezed Orange Juice,7,6.19
5305,19173,55802,Orange Calcium & Vitamin D Pulp Free,7,11.11
5305,27690,55802,Apple Cinnamon GoGo Squeez,19,6.29
5306,49503,142652,Citrus Kiss Green Tea Bags,7,5.87
5308,31182,61740,Malt Liquor,5,1.54
5310,40847,122308,Organic Filtered Apple Cider Vinegar,13,6.31
5310,3464,122308,"Organic Butterhead (Boston, Butter, Bibb) Lettuce",4,9.0
5311,26604,41233,Organic Blackberries,4,8.08
5315,14486,84596,One Bun Multigrain Whole Grain Pita,3,6.73
5315,41806,84596,Organic Greek Whole Milk Blended Strawberry Yogurt,16,7.97
5315,8493,84596,Salt N' Pepper Bean and Rice Chips,19,9.38
5315,4809,84596,Greek Whole Milk Blended Blueberry Yogurt,16,6.38
5315,37754,84596,Organic Blended Raspberry Whole Milk Greek Yogurt,16,4.34
5317,39450,31534,Oragnic Ginger Lemon Kombucha,7,12.13
5317,36735,31534,Organic Roasted Sliced Chicken Breast,20,10.42
5318,46562,152016,Sweet & Salty Nut Granola Bars Peanut,19,3.56
5319,19972,196224,Semi-Sweet Chocolate Morsels,13,2.43
5321,34969,135041,Red Vine Tomato,4,9.25
5321,45007,135041,Organic Zucchini,4,5.08
5322,7116,27450,Large Enriched Bread,3,2.99
5325,26209,68443,Limes,4,4.37
5330,28465,194042,Icelandic Style Skyr Blueberry Non-fat Yogurt,16,8.32
5330,39408,194042,Gala Apples,4,4.03
5331,16490,92519,Old Fashioned Whole Wheat Bread,3,1.52
5331,16759,92519,Organic Carrot Bunch,4,4.17
5331,16840,92519,Mild Guacamole,20,2.21
5332,26209,165121,Limes,4,4.37
5332,5450,165121,Small Hass Avocado,4,5.77
5332,45007,165121,Organic Zucchini,4,5.08
5333,46584,42814,YoKids Blueberry & Strawberry/Vanilla Yogurt,16,8.82
5334,38558,5474,Organic Low Fat Cottage Cheese,16,9.47
5334,34969,5474,Red Vine Tomato,4,9.25
5335,31334,199973,Chocolate Almond & Sea Salt with Chia Granola Bars,19,2.94
5336,10819,37030,Original Craisins,19,8.5
5336,42736,37030,Unsalted Butter,16,9.28
5338,26209,120862,Limes,4,4.37
5338,35939,120862,Organic Jalapeno Pepper,4,9.93
5338,46802,120862,Pineapple Chunks,1,6.76
5339,36961,194974,Pink Cripps Apple,4,2.89
5339,35042,194974,Black Beans,15,5.95
5340,28745,138801,Oven Roasted Turkey,20,7.99
5346,1560,76324,Bag Of Ice,1,11.41
5350,1194,5818,Natural Artisan Water,7,7.42
5351,43772,67583,Cherubs Heavenly Salad Tomatoes,4,1.15
5351,3177,67583,Thick Spaghetti Pasta,9,1.79
5351,26209,67583,Limes,4,4.37
5351,5450,67583,Small Hass Avocado,4,5.77
5351,16759,67583,Organic Carrot Bunch,4,4.17
5363,22683,134478,Original Real Live Chocolate,19,7.12
5363,20842,134478,Total 0% Greek Yogurt,16,9.2
5367,43768,84568,Organic Bell Pepper,4,2.4
5367,7120,84568,Organic Whole Wheat Sourdough Bread,3,7.86
5370,18689,146945,Dairy-Free Chive Cream Cheese,16,10.12
5370,35939,146945,Organic Jalapeno Pepper,4,9.93
5371,43821,123765,1 Apple + 1 Mango Fruit Bar,19,4.67
5371,49273,123765,Light and Lean Quinoa Black Beans with Butternut Squash and Chard,1,1.34
5371,49518,123765,Thai Green Curry,1,6.97
5371,11865,123765,Light & Lean Spaghetti Italiano with Meatless Meatballs,1,12.22
5371,7963,123765,Gluten Free Whole Grain Bread,1,4.53
5371,47792,123765,Organic Beans & Rice Cheddar Cheese Burrito,1,8.35
5373,6104,35851,Whole Milk Plain Yogurt,16,1.76
5377,26209,105237,Limes,4,4.37
5379,8138,204854,Traditional Hummus,20,2.75
5383,34512,25902,Madagascar Vanilla Creme Fraiche,16,10.12
5383,41864,25902,Chopped Chicken Liver,12,1.6
5386,45607,71517,Butter Cooking Spray,13,3.56
5386,31394,71517,100 Calorie Pretzels Packs,19,2.57
5386,30958,71517,Honey Mustard and Onion Pretzels Pieces,19,7.24
5386,43772,71517,Cherubs Heavenly Salad Tomatoes,4,1.15
5389,24830,62205,Organic Romaine,4,10.27
5389,25647,62205,Heirloom Tomato,4,4.3
5390,5450,150809,Small Hass Avocado,4,5.77
5390,781,150809,Organic Shredded Mild Cheddar,16,2.78
5390,45413,150809,Hand Wash Lavander Flower & Mint,11,5.12
5391,30827,68264,Seedless Cucumbers,4,5.22
5392,28906,15652,Kale Blazer Juice,7,4.18
5392,17154,15652,Berry Veggie Juice Smoothie,7,6.39
5392,44570,15652,Kale Greens,4,4.15
5392,20031,15652,Blackeye Peas,15,9.62
5397,15860,198571,Natural Apple Sauce Cups,15,8.98
5401,34969,96458,Red Vine Tomato,4,9.25
5401,43772,96458,Cherubs Heavenly Salad Tomatoes,4,1.15
5401,17789,96458,Soy Free Buttery Spread,16,11.19
5401,26172,96458,Light Sour Cream,16,7.26
5405,45619,193815,G Series Blueberry Pomegranate,7,10.08
5406,22565,141574,"Disinfecting Wipes, Lemon Scent",17,6.39
5406,38239,141574,Honeysuckle Clean Day 2X Liquid Laundry Detergent,21,4.79
5410,41488,189237,Chocolate Milk,16,4.77
5410,31958,189237,Spinach and Arugula Salad,4,9.62
5411,40268,125460,Organic Wheat-Free & Gluten-Free Original Crackers,19,3.71
5411,46990,125460,Ground Buffalo,12,10.44
5413,2962,2286,"Milk, Reduced Fat, 2% Milkfat",16,8.89
5413,45007,2286,Organic Zucchini,4,5.08
5413,35939,2286,Organic Jalapeno Pepper,4,9.93
5418,25448,169007,Mexican Roasted Pasilla Chile Cooking Sauce,6,11.38
5419,29270,172065,Beet Apple Carrot Lemon Ginger Organic Cold Pressed Juice Beverage,7,5.56
5419,20542,172065,Lime Ginger Lemon Agave,7,7.7
5419,43662,172065,"Yogurt, Strained Low-Fat, Coconut",16,11.87
5419,44375,172065,Canned Aranciata Orange,7,3.21
5419,26021,172065,Caramel Nut Brownie,19,9.85
5420,26209,26092,Limes,4,4.37
5424,6104,104997,Whole Milk Plain Yogurt,16,1.76
5428,33956,171579,Mighty Mango Juice Smoothie,7,7.47
5429,46820,133235,Vanilla Pure Almond Milk,16,11.94
5429,19173,133235,Orange Calcium & Vitamin D Pulp Free,7,11.11
5434,45007,65678,Organic Zucchini,4,5.08
5434,43768,65678,Organic Bell Pepper,4,2.4
5434,10863,65678,Grain Free Turkey & Salmon Formula Cat Food,8,10.33
5438,43772,171540,Cherubs Heavenly Salad Tomatoes,4,1.15
5438,42475,171540,Unsalted Butter Quarters,16,2.61
5438,36086,171540,Philadelphia Original Cream Cheese,16,2.08
5439,44167,172775,Pacific Cooler Juice Drink,7,2.33
5439,40310,172775,Oven Roasted Turkey Breast,20,8.23
5439,14005,172775,Ultimate Caesar Salad Kit,4,1.9
5440,28062,119172,Organic Sea Salted Raw Sauerkraut,13,10.17
5440,26629,119172,Cherry Pie Fruit & Nut Bar,19,1.38
5440,21949,119172,White Cheddar Semisoft Cheese,16,9.24
5440,12276,119172,Chocolate Chip Cookie Dough Ice Cream,1,8.4
5441,29334,141346,Leek,4,6.09
5441,34969,141346,Red Vine Tomato,4,9.25
5441,10603,141346,93% Ground Beef,12,3.6
5445,6980,94171,Toma,16,10.85
5448,47965,107494,TLC Cherry Dark Chocolate Chewy Granola,19,7.49
5449,30727,61476,Vanilla Almond Fit Granola,14,7.19
5452,22124,36627,Total 0% Raspberry Yogurt,16,9.08
5452,39046,36627,Smok Cured Turkey Bacon,12,6.84
5452,40310,36627,Oven Roasted Turkey Breast,20,8.23
5453,22124,39545,Total 0% Raspberry Yogurt,16,9.08
5453,44292,39545,Premium Unsweetened Iced Tea,7,7.57
5453,23347,39545,Chessmen Cookies,19,1.22
5455,28358,179528,Chocolate Chip Vegan Cookie Dough,13,5.77
5456,36735,166743,Organic Roasted Sliced Chicken Breast,20,10.42
5457,5580,69645,Smart Ones Tasty American Favorites Tuna Noodle Casserole,1,1.09
5457,40524,69645,Plastic Strips Adhesive Bandages,11,7.67
5461,13431,44035,Flaky Biscuits,13,1.83
5464,10375,171586,Self-Rising Flour,13,3.43
5464,10819,171586,Original Craisins,19,8.5
5469,7788,101937,"Deli Fresh Smoked Ham, 97% Fat Free, Gluten Free",20,5.24
5470,5450,42991,Small Hass Avocado,4,5.77
5471,26209,114143,Limes,4,4.37
5474,34264,175965,Organic Sweet Italian Chicken Sausage,12,12.49
5474,5902,175965,"Rice Crackers, Original",19,10.11
5475,26230,190322,Sprouted Watermelon Seeds,19,8.71
5475,14642,190322,Organic Dark Mint Chocolate,19,11.42
5475,40310,190322,Oven Roasted Turkey Breast,20,8.23
5478,20670,90235,Organic Lentil Vegetable Soup,15,10.83
5480,37468,187864,Rich and Creamy Vanilla Frosting,13,9.68
5480,42240,187864,Ultra Soft Facial Tissues,17,12.0
5480,7963,187864,Gluten Free Whole Grain Bread,1,4.53
5480,4006,187864,Hazelnut Spread With Skim Milk & Cocoa,13,4.62
5482,18963,145724,Apple Cider Vinegar,13,9.67
5483,40310,32001,Oven Roasted Turkey Breast,20,8.23
5484,4206,34124,Refreshers Revitalizing Energy Blueberry Acai Sparkling Coffee Energy Beverage,7,1.06
5485,15741,84792,Strawberry C Monster Smoothie,7,8.59
5485,26604,84792,Organic Blackberries,4,8.08
5486,46908,177710,Sugarfree Cinnamon Chewing Gum,11,0.91
5487,14553,198823,Oats & Honey Granola,14,2.32
5489,26209,178750,Limes,4,4.37
5489,49505,178750,Hot Italian Sausage,12,8.46
5489,42857,178750,Pesto,9,12.02
5491,46638,120863,Wellness Formula,11,2.01
5493,45007,73127,Organic Zucchini,4,5.08
5496,49077,55864,Organic Vanilla Drinkable Yogurt,16,11.6
5497,35475,42206,Milk Chocolate Chip Cookies,19,1.94
5497,48243,42206,Peach Zero Calorie Iced Tea,7,0.97
5498,38226,126382,Dark Chocolate Chips,19,2.18
5500,37067,68431,Organic Banana,4,10.85
5500,5450,68431,Small Hass Avocado,4,5.77
5501,43772,70256,Cherubs Heavenly Salad Tomatoes,4,1.15
5501,22105,70256,Ultra Thin Sliced Provolone Cheese,16,2.41
5502,19938,203241,Extra Wide Egg Noodles,9,2.68
5504,27061,46275,Sweet Potato Apple Stage 2 Baby Food,18,2.61
5504,34969,46275,Red Vine Tomato,4,9.25
5505,13511,90160,Low Fat Strawberry Yogurt Bars,1,1.31
5505,5445,90160,Protein Zone Protein Juice Smoothie,7,5.82
5505,2596,90160,Lemon Cake Ice Cream,1,2.8
5505,21072,90160,Organic Blackberry Sorbet Bars,1,5.57
5506,30675,204486,Edamame Soybeans in Pods,1,8.2
5507,34969,114133,Red Vine Tomato,4,9.25
5509,34969,109634,Red Vine Tomato,4,9.25
5509,26604,109634,Organic Blackberries,4,8.08
5509,44570,109634,Kale Greens,4,4.15
5509,17025,109634,Country Dijon Mustard,13,8.15
5511,47621,44983,Chocolate Strong Dark,19,6.39
5511,26209,44983,Limes,4,4.37
5514,26209,87634,Limes,4,4.37
5514,43463,87634,Tall Kitchen Trash Bags with Flap Closure 13 gallon,17,8.09
5514,35939,87634,Organic Jalapeno Pepper,4,9.93
5514,13780,87634,Thyme,4,10.2
5514,18656,87634,Organic Red Potato,4,1.93
5514,33746,87634,Simply Stock Organic Vegetable Unsalted Stock,15,11.09
5515,38456,22447,Large Grapefruit,4,3.38
5515,4518,22447,Organic Pomegranate,4,0.94
5517,26172,159338,Light Sour Cream,16,7.26
5517,31564,159338,Crackers,19,1.11
5517,16518,159338,Tropicals Sugar Free 1.65 fl oz Ice Pops,1,5.45
5518,46106,26938,Organic Sriracha Hummus,20,3.17
5518,44663,26938,Naturals Lite Goddess Dressing,13,0.88
5519,16840,181163,Mild Guacamole,20,2.21
5521,16291,5241,Organic Extra Large Brown Omega 3 Eggs,16,8.98
5521,33897,5241,Chicken Wings,12,5.64
5521,47630,5241,Medium Navel Orange,4,5.6
5521,34969,5241,Red Vine Tomato,4,9.25
5527,32727,82110,Reduced Fat 4 Cheese Mexican Shredded Cheese,16,5.27
5527,28438,82110,Pork Jerky Grilled Sweet Teriyaki,19,7.87
5529,42372,20689,Pineapple on the Bottom Greek Yogurt,16,11.02
5529,23296,20689,Blueberry on the Bottom Nonfat Greek Yogurt,16,2.27
5529,37052,20689,Natural Bliss Cinnamon Cream Coffee Creamer,16,10.83
5531,36792,122000,Gluten Free Omega Flax & Fiber Bread,3,3.98
5531,49026,122000,Plain Almond Milk Yogurt,16,12.26
5531,1335,122000,Stage 1 Just Butternut Squash Baby Food,18,5.8
5531,33741,122000,Gluten Free Classic Hamburger Buns,3,10.9
5531,13708,122000,"Liquid Hand Soap, Refill, Lavender Scent",11,3.43
5531,18689,122000,Dairy-Free Chive Cream Cheese,16,10.12
5533,1940,84768,Organic 2% Reduced Fat Milk,16,1.23
5534,36078,161486,Pate With Real Tuna Wet Cat Food,8,5.71
5534,17022,161486,Elbows Pasta,9,7.36
5534,39459,161486,Multi Surface Antibacterial,17,1.52
5534,47866,161486,Jalapeno Potato Chips,19,12.02
5537,26209,9682,Limes,4,4.37
5537,38456,9682,Large Grapefruit,4,3.38
5538,2002,148867,"The \""World's Best\"" Veggie Burger",1,0.89
5538,18656,148867,Organic Red Potato,4,1.93
5539,26209,68521,Limes,4,4.37
5545,5918,53574,Single Serve Cheese Pizza,1,7.61
5545,7854,53574,Freeze Dried Mango Slices,19,9.01
5546,34195,148248,Supreme Dark Chocolate 90% Cocoa,19,3.14
5546,47866,148248,Jalapeno Potato Chips,19,12.02
5546,2639,148248,Lemon Blended Non-Fat Greek Yogurt,16,4.24
5547,45007,97984,Organic Zucchini,4,5.08
5548,2596,42764,Lemon Cake Ice Cream,1,2.8
5551,34214,22562,Pesto Pizza,1,5.46
5551,27413,22562,100% Mighty Mango Juice Smoothie,7,7.25
5553,44292,43220,Premium Unsweetened Iced Tea,7,7.57
5554,31727,63177,"Organic Tomato Paste, No Salt Added",15,10.09
5554,26209,63177,Limes,4,4.37
5556,12276,198930,Chocolate Chip Cookie Dough Ice Cream,1,8.4
5557,31944,121754,Super Size Flour Tortillas,3,7.18
5557,17993,121754,Shredded Colby & Monterey Jack Cheeses,16,8.89
5560,46802,146754,Pineapple Chunks,1,6.76
5561,32877,24081,Yellow Zucchini,4,11.75
5561,25,24081,Salted Caramel Lean Protein & Fiber Bar,19,5.44
5561,47141,24081,Cola,7,5.77
5561,3784,24081,Large Pasteurized Eggs,16,12.17
5562,41592,122629,Pampers Baby Dry Jumbo Size 3,18,5.35
5562,37569,122629,Wheat Thins Spicy Buffalo Crackers,19,6.91
5562,46515,122629,Cheez-It Packs,19,1.69
5563,781,163278,Organic Shredded Mild Cheddar,16,2.78
5563,45007,163278,Organic Zucchini,4,5.08
5565,45007,170693,Organic Zucchini,4,5.08
5566,38772,78370,Provolone,16,1.84
5569,5258,36621,Sparkling Water,7,10.95
5570,12290,13782,Brie,16,10.11
5571,37067,51180,Organic Banana,4,10.85
5571,26604,51180,Organic Blackberries,4,8.08
5573,2002,161209,"The \""World's Best\"" Veggie Burger",1,0.89
5573,33741,161209,Gluten Free Classic Hamburger Buns,3,10.9
5580,19677,115925,Original Pure Creamy Almond Milk,16,6.4
5582,17183,47496,Peach Yoghurt,16,6.75
5583,49667,121182,Enchilada with Spanish Rice & Beans Meal,1,10.34
5583,2452,121182,Naturals Chicken Nuggets,1,1.24
5583,38562,121182,Pomegranate Arils,4,2.59
5583,10106,121182,Honey & Maple Turkey Breast,20,8.53
5583,26629,121182,Cherry Pie Fruit & Nut Bar,19,1.38
5588,4149,19029,Frozen Organic Blueberries,4,11.59
5588,7249,19029,Crunchy Rice Rollers,19,11.04
5588,890,19029,Organic Diced Tomatoes,15,1.35
5589,10258,98935,Pistachios,19,9.49
5590,31608,76801,Minis Candy,19,5.84
5590,37148,76801,"Milk Chocolate Candies, Bonus Bag",19,4.64
5593,27522,112968,Gluten Free Uncured Bacon Mac and Cheese,1,3.22
5595,49555,155027,Apple Apricot Sauce,15,5.12
5596,23765,107327,Organic Smoked Turkey Breast,20,10.28
5596,23054,107327,Whole Wheat Sourdough,3,2.06
5596,8123,107327,Petite French Baguette,3,6.21
5597,18027,146478,Ezekiel 4:9 Bread Organic Sprouted Whole Grain,3,11.3
5597,46847,146478,Quick Cooking Rolled Oats Irish Oatmeal,14,6.01
5597,47893,146478,Steel Cut Irish Oatmeal,14,4.81
5597,43662,146478,"Yogurt, Strained Low-Fat, Coconut",16,11.87
5597,42736,146478,Unsalted Butter,16,9.28
5600,39465,194491,Cucumber and Green Tea Body Wash,11,8.28
5600,45253,194491,gel hand wash sea minerals,11,4.27
5600,13064,194491,Sweet Water Hand Wash,11,8.6
5600,35737,194491,Fig + Rhubarb Hand Wash,11,2.71
5602,137,60401,Very Vanilla Soymilk,16,3.37
5605,31215,157129,Lemon Yogurt,16,10.41
5609,10603,91027,93% Ground Beef,12,3.6
5610,48595,49522,Organic Wheat Square Crackers,19,9.0
5615,22124,98520,Total 0% Raspberry Yogurt,16,9.08
5615,26376,98520,Shrimp Spring Roll,20,5.16
5616,17819,23040,Concord Grape Jelly,13,2.96
5620,18027,54463,Ezekiel 4:9 Bread Organic Sprouted Whole Grain,3,11.3
5621,35939,28917,Organic Jalapeno Pepper,4,9.93
5621,41259,28917,Poblano Pepper,4,10.56
5621,24830,28917,Organic Romaine,4,10.27
5621,38266,28917,Fresh Basil,4,10.07
5625,25680,4326,Creamy Peanut Butter Spread,13,4.62
5626,2822,89509,Organic Creamy Raw Almond Butter,13,4.11
5627,38164,157607,Almonds & Sea Salt in Dark Chocolate,19,9.32
5627,34430,157607,Sea Salt & Vinegar Kettle Cooked Potato Chips,19,8.83
5629,4006,52860,Hazelnut Spread With Skim Milk & Cocoa,13,4.62
5629,1700,52860,White Cheddar Popcorn,19,5.86
5629,23798,52860,All Natural Madagascar Vanilla Beans,13,10.51
5629,30751,52860,All-Purpose Flour,13,9.34
5630,4885,33618,91% Isopropyl Alcohol,11,7.62
5633,43371,94257,Crushed Red Pepper,13,7.03
5634,38426,10704,Organic Cotton Balls,11,7.36
5634,26177,10704,Organic Honey Nut O's Cereal,14,3.76
5634,31727,10704,"Organic Tomato Paste, No Salt Added",15,10.09
5635,42240,94104,Ultra Soft Facial Tissues,17,12.0
5637,33316,65213,Lemongrass & Clementine Zest Natural Dish Liquid,17,0.96
5638,22242,204342,Swirl Bread Cinnamon,3,1.7
5638,27690,204342,Apple Cinnamon GoGo Squeez,19,6.29
5638,3631,204342,Organic Whole Milk French Vanilla Yogurt,16,1.49
5638,14553,204342,Oats & Honey Granola,14,2.32
5638,43772,204342,Cherubs Heavenly Salad Tomatoes,4,1.15
5638,17678,204342,Large Pitted California Ripe Olives,13,4.03
5640,33120,155,Organic Egg Whites,16,5.33
5641,5450,120470,Small Hass Avocado,4,5.77
5641,45007,120470,Organic Zucchini,4,5.08
5641,19906,120470,Fresh Whole White Mushrooms,4,2.73
5644,13733,125921,Red Potatoes,4,4.73
5644,16759,125921,Organic Carrot Bunch,4,4.17
5651,34969,126535,Red Vine Tomato,4,9.25
5651,38448,126535,Chunk White Albacore Tuna in Water,15,7.28
5651,15732,126535,Fresh Cut French Style Green Beans,15,10.56
5651,42240,126535,Ultra Soft Facial Tissues,17,12.0
5652,12919,69652,Coconut Sparkling Water,7,12.1
5652,41597,69652,Organic Jumbo Eggs,16,10.21
5653,35042,61590,Black Beans,15,5.95
5656,45007,121645,Organic Zucchini,4,5.08
5656,28785,121645,Organic Tahini,13,8.89
5657,43510,163395,Strawberry Cheesecake Flavored Low Fat Yogurt,16,2.49
5657,45064,163395,Honey Wheat Bread,3,1.52
5658,40268,121467,Organic Wheat-Free & Gluten-Free Original Crackers,19,3.71
5659,33956,115245,Mighty Mango Juice Smoothie,7,7.47
5662,8638,143831,Vanilla Milk Chocolate Almond Ice Cream Bars,1,8.33
5662,1747,143831,Teriyaki Beef Jerky,19,6.84
5662,43772,143831,Cherubs Heavenly Salad Tomatoes,4,1.15
5662,29020,143831,Whiskey,5,10.04
5662,7163,143831,Grape Sports Drink,7,6.23
5664,26604,150183,Organic Blackberries,4,8.08
5666,46106,73698,Organic Sriracha Hummus,20,3.17
5669,13733,66799,Red Potatoes,4,4.73
5671,7483,24706,Chive & Onion Cream Cheese Spread,16,11.48
5671,43772,24706,Cherubs Heavenly Salad Tomatoes,4,1.15
5671,11384,24706,Naturally Brewed Soy Sauce,6,9.97
5672,260,196185,Cantaloupe,4,3.01
5672,890,196185,Organic Diced Tomatoes,15,1.35
5672,45007,196185,Organic Zucchini,4,5.08
5672,10369,196185,Organic Genoa Salami,20,2.35
5674,49247,158328,Coconut Yoghurt,16,4.8
5675,2298,62545,"Muffins, Mini, Flax, Chocolate Brownie",3,8.0
5675,42680,62545,Chunky Chocolate Chip Flax Muffins,3,10.77
5677,27554,79795,Gluten Free Blueberry Muffins,3,0.94
5677,12276,79795,Chocolate Chip Cookie Dough Ice Cream,1,8.4
5677,7963,79795,Gluten Free Whole Grain Bread,1,4.53
5677,6104,79795,Whole Milk Plain Yogurt,16,1.76
5678,47630,160567,Medium Navel Orange,4,5.6
5682,18696,76375,Mild Red Enchilada Sauce,6,4.38
5682,26209,76375,Limes,4,4.37
5682,26604,76375,Organic Blackberries,4,8.08
5683,47793,118818,Recover Chocolate Protein Shake,7,2.38
5683,9894,118818,Panko Crispy Bread Crumbs,13,10.35
5683,13241,118818,Premium Double Chocolate Hot Cocoa,7,12.04
5684,38274,132328,Ice Cream Sandwiches Vanilla,1,7.17
5686,42240,32717,Ultra Soft Facial Tissues,17,12.0
5687,16759,172204,Organic Carrot Bunch,4,4.17
5687,24830,172204,Organic Romaine,4,10.27
5688,9597,195877,Sweet Kale Chopped Salad,4,3.58
5688,1194,195877,Natural Artisan Water,7,7.42
5688,17426,195877,Simply Sea Salted Thick Cut Potato Chips,19,9.75
5688,19257,195877,Mild Green Taco Sauce,6,8.06
5691,6568,113760,Snacks Mango,19,8.66
5691,14378,113760,Finocchiona Salami,20,7.26
5692,6244,16390,Club Soda Lower Sodium,7,5.76
5692,27796,16390,Real Mayonnaise,13,0.97
5693,23630,94179,Multi-Seed Original Crackers,19,4.37
5693,46541,94179,Corn Flakes,14,2.21
5694,24062,2868,Flourless  Sprouted Whole Grain 7-Sprouted Grains English Muffins,3,4.68
5695,2962,72423,"Milk, Reduced Fat, 2% Milkfat",16,8.89
5699,5450,180023,Small Hass Avocado,4,5.77
5704,37067,38409,Organic Banana,4,10.85
5704,7751,38409,Tomato Ketchup,13,1.99
5705,1219,189808,Grapes,4,9.7
5705,43772,189808,Cherubs Heavenly Salad Tomatoes,4,1.15
5706,40574,47610,Rice Cereal,14,1.69
5706,4006,47610,Hazelnut Spread With Skim Milk & Cocoa,13,4.62
5707,29094,110596,Flip Coffee Break Bliss Greek Yogurt,16,8.93
5709,43183,69866,Deli Fresh Shaved Smoked Turkey Breast,20,12.45
5712,30696,91633,Eggo Homestyle Waffles,1,6.45
5713,39046,144175,Smok Cured Turkey Bacon,12,6.84
5720,1106,176417,Cranberry Almond Plus Antioxidants 1.4 oz Fruit & Nut Bars,19,10.78
5722,35469,19102,Enchilada Black Bean Vegetable,1,3.44
5722,49667,19102,Enchilada with Spanish Rice & Beans Meal,1,10.34
5722,11865,19102,Light & Lean Spaghetti Italiano with Meatless Meatballs,1,12.22
5722,49273,19102,Light and Lean Quinoa Black Beans with Butternut Squash and Chard,1,1.34
5722,7091,19102,Peanut Butter Pretzel Mojo,19,8.85
5722,27044,19102,Maple Almond Butter,13,8.9
5722,34844,19102,Morning Blend 100% Juice,7,4.04
5722,49026,19102,Plain Almond Milk Yogurt,16,12.26
5723,24830,148902,Organic Romaine,4,10.27
5723,29506,148902,Pita Bread,3,5.14
5723,14267,148902,Organic Refried Black Beans,15,9.37
5724,34974,105187,Baby Mum-Mum Banana  Rice Rusks,18,5.26
5729,42300,111385,Organic Vitality Snack Chia Squeeze Blackberry Bliss,19,9.71
5729,43768,111385,Organic Bell Pepper,4,2.4
5733,23630,92179,Multi-Seed Original Crackers,19,4.37
5733,33120,92179,Organic Egg Whites,16,5.33
5733,5450,92179,Small Hass Avocado,4,5.77
5735,39450,63193,Oragnic Ginger Lemon Kombucha,7,12.13
5735,10603,63193,93% Ground Beef,12,3.6
5735,17789,63193,Soy Free Buttery Spread,16,11.19
5735,3464,63193,"Organic Butterhead (Boston, Butter, Bibb) Lettuce",4,9.0
5740,42736,73342,Unsalted Butter,16,9.28
5741,35085,162397,Spot's Stew Salmon Dry Dog Food,8,6.09
5744,6069,133695,Maple Pumpkin Seeds with Sea Salt Chewy with a Crunch Granola Bars,19,7.32
5744,22504,133695,Organic Mountain Forest Amber Honey,13,2.16
5744,45007,133695,Organic Zucchini,4,5.08
5744,20869,133695,Yellow Potato,4,4.45
5745,43768,80607,Organic Bell Pepper,4,2.4
5745,28946,80607,Yogurt Tubes Blueberry,16,0.9
5746,19173,178209,Orange Calcium & Vitamin D Pulp Free,7,11.11
5747,9597,4948,Sweet Kale Chopped Salad,4,3.58
5748,18027,182217,Ezekiel 4:9 Bread Organic Sprouted Whole Grain,3,11.3
5748,37067,182217,Organic Banana,4,10.85
5748,22124,182217,Total 0% Raspberry Yogurt,16,9.08
5749,10077,42497,with Olive Oil Mayonnaise Dressing,13,10.3
5749,48144,42497,Tater Tots,1,1.22
5750,30727,44713,Vanilla Almond Fit Granola,14,7.19
5752,41354,87659,All Occasion Classic White Paper Plates,17,6.31
5757,35607,68905,Light in Sodium Country Cheddar Bowl,1,4.17
5758,44035,96763,Organic Chickpeas Ready To Eat,19,1.28
5758,42736,96763,Unsalted Butter,16,9.28
5758,46584,96763,YoKids Blueberry & Strawberry/Vanilla Yogurt,16,8.82
5761,1462,172140,Gallon Freezer Reclosable Bags,17,2.84
5761,40977,172140,Multipax Cardboard Applicator Unscented Tampons,11,3.19
5762,18027,53457,Ezekiel 4:9 Bread Organic Sprouted Whole Grain,3,11.3
5765,1104,119237,Plain Yogurt,16,4.36
5765,5450,119237,Small Hass Avocado,4,5.77
5765,16759,119237,Organic Carrot Bunch,4,4.17
5766,27428,55968,Dairy Pure Fresh Heavy Whipping Cream,16,12.5
5767,48186,89005,Lactose Free Half & Half,16,9.32
5767,45007,89005,Organic Zucchini,4,5.08
5768,11068,137087,Medium Cheddar Cheese Block,16,1.9
5768,13249,137087,Skim Milk,16,9.33
5768,44570,137087,Kale Greens,4,4.15
5769,42736,192267,Unsalted Butter,16,9.28
5769,21804,192267,Organic Roast Turkey Gravy,20,11.93
5769,38772,192267,Provolone,16,1.84
5769,1940,192267,Organic 2% Reduced Fat Milk,16,1.23
5771,20842,103486,Total 0% Greek Yogurt,16,9.2
5773,42026,200701,Mamma Bella's Recipe Garlic Bread,1,4.87
5773,28990,200701,Curly Parsley Bunch,4,6.7
5775,5450,135640,Small Hass Avocado,4,5.77
5776,26604,82480,Organic Blackberries,4,8.08
5780,24425,40486,"Freshly made pasta, rich meat sauce and Real Mozzarella cheese Lasagna with Meat & Sauce",1,8.56
5780,40198,40486,Blueberry Yoghurt,16,8.81
5781,20518,170404,"Club Delight Sausage, Egg, & Cheese Sandwiches",12,0.91
5782,1000,124137,Apricots,10,1.27
5783,13388,79853,Land O' Lakes Mini Moo's Half & Half,16,3.98
5783,49024,79853,Challah Twist,3,8.17
5783,42240,79853,Ultra Soft Facial Tissues,17,12.0
5787,30827,70118,Seedless Cucumbers,4,5.22
5788,45007,157830,Organic Zucchini,4,5.08
5788,16759,157830,Organic Carrot Bunch,4,4.17
5791,45302,12735,Mini Falafel With Tahini Sauce,20,1.89
5792,45007,161787,Organic Zucchini,4,5.08
5793,8056,131880,Berry Bounty Trail Mix,19,8.47
5794,7963,144802,Gluten Free Whole Grain Bread,1,4.53
5795,26604,32385,Organic Blackberries,4,8.08
5797,12614,180074,Yellow Grape Tomatoes,4,1.39
5798,12614,68713,Yellow Grape Tomatoes,4,1.39
5798,26209,68713,Limes,4,4.37
5798,45007,68713,Organic Zucchini,4,5.08
5799,22920,158003,Roasted & Salted Shelled Pistachios,19,7.88
5799,19445,158003,French Lavender All-Purpose Natural Surface Cleaner,17,8.0
5802,41806,65725,Organic Greek Whole Milk Blended Strawberry Yogurt,16,7.97
5802,37355,65725,Organic Extra Virgin Coconut Oil,13,1.06
5803,31414,74530,Cinnamon Crunch,14,5.83
5803,42972,74530,Natural Pure Sparkling Water,7,4.77
5803,39457,74530,Lotzza Motzza Pepperoni Pizza,1,9.18
5803,26665,74530,Tandoor Baked Naan,3,8.66
5803,31564,74530,Crackers,19,1.11
5803,48144,74530,Tater Tots,1,1.22
5803,18337,74530,Classic Mild Cheddar Macaroni & Cheese,9,4.15
5804,26209,202101,Limes,4,4.37
5805,15354,162401,Goldfish Cheddar,19,9.39
5807,18740,21117,"Mayonnaise, Chipotle",13,2.09
5808,48409,45228,Organic Chicken Wings,12,2.22
5808,39046,45228,Smok Cured Turkey Bacon,12,6.84
5808,41354,45228,All Occasion Classic White Paper Plates,17,6.31
5809,7963,79235,Gluten Free Whole Grain Bread,1,4.53
5810,33257,25882,Original Recipe Chocolate Pudding,16,10.45
5812,33120,78567,Organic Egg Whites,16,5.33
5813,38250,110647,Cheddar Squares Cheddar Squares,19,4.43
5817,13898,198043,Dark Chocolate with Marzipan,19,9.03
5817,28465,198043,Icelandic Style Skyr Blueberry Non-fat Yogurt,16,8.32
5818,44375,64719,Canned Aranciata Orange,7,3.21
5818,40198,64719,Blueberry Yoghurt,16,8.81
5820,35383,149012,Classic White Bread,3,6.03
5821,890,89671,Organic Diced Tomatoes,15,1.35
5821,45007,89671,Organic Zucchini,4,5.08
5821,31215,89671,Lemon Yogurt,16,10.41
5821,43772,89671,Cherubs Heavenly Salad Tomatoes,4,1.15
5823,41860,44633,Sea Salt Baked Potato Chips,19,5.7
5824,42820,147458,Zero Calorie Lemon Lime Sports Drink,7,3.85
5825,15221,79768,2% Milk,16,11.05
5827,24028,31120,Sparkling Water Grape Apple,21,2.37
5828,40705,116741,Complete Therapy Treatment Ovule Antifungal Cream,11,9.89
5828,31782,116741,Big Delux Chocolate Chip Big Cookie Dough,13,1.1
5828,35134,116741,Epsom Salt Soaking Solution Soothe & Sleep,11,8.33
5829,10,190945,Sparkling Orange Juice & Prickly Pear Beverage,7,7.1
5833,18027,4520,Ezekiel 4:9 Bread Organic Sprouted Whole Grain,3,11.3
5833,34969,4520,Red Vine Tomato,4,9.25
5834,39265,200318,Ground Coriander,13,5.02
5834,7185,200318,Rosemary Mini Croccantini,19,4.79
5834,12250,200318,EF California White Basmati Eco-Farmed 2 lb Rice,9,8.48
5838,31124,82404,Absolutely Zero Energy Drink,7,1.47
5839,13249,188413,Skim Milk,16,9.33
5840,5082,49168,Russian Style Gluten Free No Salt Added Farmers Cheese,16,12.05
5841,2452,152450,Naturals Chicken Nuggets,1,1.24
5842,32923,139140,Organic Triple Berry Blend,1,11.94
5842,31825,139140,Solid Cool Essentials W/Cucumber & Green Tea Scent Deodorant Clinical Protection,11,3.65
5847,26209,108069,Limes,4,4.37
5847,35939,108069,Organic Jalapeno Pepper,4,9.93
5847,10603,108069,93% Ground Beef,12,3.6
5849,36070,146194,"Super Spinach! Baby Spinach, Baby Bok Choy, Sweet Baby Kale",4,4.34
5851,48527,111451,Avocado,4,12.54
5852,45260,21677,Organic Virgin Coconut Oil,13,5.45
5852,45007,21677,Organic Zucchini,4,5.08
5853,260,1815,Cantaloupe,4,3.01
5853,43192,1815,Dark with 70% Cacao Content Organic Chocolate Bar,19,5.04
5859,37067,162595,Organic Banana,4,10.85
5861,22124,134465,Total 0% Raspberry Yogurt,16,9.08
5861,42404,134465,Multi Grain Waffles,1,12.48
5861,7751,134465,Tomato Ketchup,13,1.99
5862,32502,125139,Belgian Style Wheat Ale,5,1.66
5863,1219,176906,Grapes,4,9.7
5863,26209,176906,Limes,4,4.37
5863,39408,176906,Gala Apples,4,4.03
5863,23296,176906,Blueberry on the Bottom Nonfat Greek Yogurt,16,2.27
5863,16874,176906,Chocolate Fudge Brownie Ice Cream,1,4.04
5864,33120,56509,Organic Egg Whites,16,5.33
5867,46562,115163,Sweet & Salty Nut Granola Bars Peanut,19,3.56
5868,22124,105829,Total 0% Raspberry Yogurt,16,9.08
5868,13733,105829,Red Potatoes,4,4.73
5869,38456,108777,Large Grapefruit,4,3.38
5869,7533,108777,Low-Fat Strawberry Banana on the Bottom Greek Yogurt,16,6.64
5870,18740,41591,"Mayonnaise, Chipotle",13,2.09
5871,18027,160553,Ezekiel 4:9 Bread Organic Sprouted Whole Grain,3,11.3
5871,260,160553,Cantaloupe,4,3.01
5876,890,161290,Organic Diced Tomatoes,15,1.35
5879,45007,193189,Organic Zucchini,4,5.08
5880,25199,36497,Classic Chicken Salad,20,4.26
5881,39408,168508,Gala Apples,4,4.03
5882,33316,171771,Lemongrass & Clementine Zest Natural Dish Liquid,17,0.96
5882,27690,171771,Apple Cinnamon GoGo Squeez,19,6.29
5883,27464,10868,Direct Trade House Blend Medium Roast Ground Coffee,7,11.02
5884,14477,198004,Organic Spaghetti,9,7.55
5884,44133,198004,Sundried Tomatoes in Olive Oil,15,2.64
5884,17044,198004,French Baguette,3,6.85
5887,14477,11236,Organic Spaghetti,9,7.55
5889,26209,54888,Limes,4,4.37
5889,8138,54888,Traditional Hummus,20,2.75
5890,26209,68434,Limes,4,4.37
5891,37067,194339,Organic Banana,4,10.85
5895,18656,206043,Organic Red Potato,4,1.93
5895,31461,206043,Cheese Tamale Verde,1,11.15
5898,46802,37506,Pineapple Chunks,1,6.76
5899,45007,57218,Organic Zucchini,4,5.08
5900,22504,100330,Organic Mountain Forest Amber Honey,13,2.16
5900,38439,100330,Mara Natha Organic Peanut Butter Creamy,13,12.09
5900,2677,100330,Yerba Mate Sparkling Classic Gold,7,2.49
5900,6583,100330,Oraganic Lemon Elation Yerba Mate Drink,7,3.93
5900,3913,100330,Original Unfiltered Ginger Ale,7,2.84
5900,38250,100330,Cheddar Squares Cheddar Squares,19,4.43
5901,26209,88599,Limes,4,4.37
5909,17526,77937,70% Dark Chocolate Salted Almond Bar,19,7.64
5909,36070,77937,"Super Spinach! Baby Spinach, Baby Bok Choy, Sweet Baby Kale",4,4.34
5912,40177,18355,Original Thin Sausage Pizza,1,8.71
5913,22124,105144,Total 0% Raspberry Yogurt,16,9.08
5913,15860,105144,Natural Apple Sauce Cups,15,8.98
5914,28577,180849,No Pulp Orange Juice,7,4.27
5914,23296,180849,Blueberry on the Bottom Nonfat Greek Yogurt,16,2.27
5914,7533,180849,Low-Fat Strawberry Banana on the Bottom Greek Yogurt,16,6.64
5914,18019,180849,Macaroni & Cheese Dinner Original Flavor,9,3.73
5917,43772,47171,Cherubs Heavenly Salad Tomatoes,4,1.15
5919,27690,146806,Apple Cinnamon GoGo Squeez,19,6.29
5919,8348,146806,Organic Red Seedless Grapes,4,2.35
5923,5450,70920,Small Hass Avocado,4,5.77
5923,19677,70920,Original Pure Creamy Almond Milk,16,6.4
5923,32578,70920,Organic Fresh Squeezed Orange Juice,7,6.19
5923,7120,70920,Organic Whole Wheat Sourdough Bread,3,7.86
5924,37754,135043,Organic Blended Raspberry Whole Milk Greek Yogurt,16,4.34
5925,13431,75079,Flaky Biscuits,13,1.83
5928,3050,137346,Cut Crystal 7 inch Plastic Plates,17,1.67
5930,45599,186271,Organic Strawberry Lemonade Fruit Juice Drink,7,6.8
5931,3285,192812,Strawberry Squeeze Fruit Spread,13,9.07
5932,35336,5030,Naked Green Machine Boosted Juice Smoothie,7,1.11
5934,26177,57071,Organic Honey Nut O's Cereal,14,3.76
5934,43772,57071,Cherubs Heavenly Salad Tomatoes,4,1.15
5934,34969,57071,Red Vine Tomato,4,9.25
5934,12312,57071,Lavender Hand Soap,11,11.33
5936,39408,164876,Gala Apples,4,4.03
5936,49424,164876,Cereal Honey Bears,13,8.25
5940,30353,123460,Curate Cherry Lime Sparkling Water,7,1.86
5943,48116,156182,Lowfat Kefir Plain Unsweetened,16,1.44
5943,19782,156182,Smoked Mozzarella,16,5.96
5946,41999,181263,Cut Tulips (Choose Color),4,1.99
5947,41408,119870,Goat's Milk Cheese,16,6.12
5947,45599,119870,Organic Strawberry Lemonade Fruit Juice Drink,7,6.8
5948,39024,72511,Edamame In Pod,1,5.6
5949,8638,31615,Vanilla Milk Chocolate Almond Ice Cream Bars,1,8.33
5951,19677,50442,Original Pure Creamy Almond Milk,16,6.4
5952,16801,130312,Vanilla Extract,13,4.85
5952,3619,130312,Nestle Toll House Premier White Chocolate Morsels,13,7.28
5952,46163,130312,Toll House Real Semi-Sweet Chocolate Chunks,13,5.3
5955,7882,163895,Chocolate Coconut Almond Protein Nut Bar,19,3.82
5955,46820,163895,Vanilla Pure Almond Milk,16,11.94
5955,28465,163895,Icelandic Style Skyr Blueberry Non-fat Yogurt,16,8.32
5957,19677,8719,Original Pure Creamy Almond Milk,16,6.4
5957,27509,8719,Organic Seasoned Yukon Select Potatoes Hashed Browns,1,5.21
5958,26209,170533,Limes,4,4.37
5959,49397,162741,CopperTop AAA Alkaline,17,11.62
5961,6104,145164,Whole Milk Plain Yogurt,16,1.76
5961,36735,145164,Organic Roasted Sliced Chicken Breast,20,10.42
5961,3464,145164,"Organic Butterhead (Boston, Butter, Bibb) Lettuce",4,9.0
5962,5450,163235,Small Hass Avocado,4,5.77
5962,38996,163235,Grape Tomatoes,4,4.64
5964,17924,57934,Seltzer Water,7,3.66
5968,35939,202735,Organic Jalapeno Pepper,4,9.93
5969,26209,36376,Limes,4,4.37
5970,26604,59542,Organic Blackberries,4,8.08
5972,48527,40296,Avocado,4,12.54
5973,44292,81982,Premium Unsweetened Iced Tea,7,7.57
5974,47866,56903,Jalapeno Potato Chips,19,12.02
5976,38239,107935,Honeysuckle Clean Day 2X Liquid Laundry Detergent,21,4.79
5976,34321,107935,Original Pepperoni,20,2.51
5978,26604,22055,Organic Blackberries,4,8.08
5979,21604,111134,Baked with Whole Grain Wheat Smoked Gouda Crackers,19,5.94
5980,2298,205557,"Muffins, Mini, Flax, Chocolate Brownie",3,8.0
5980,16145,205557,Organic Cannellini Beans,15,5.1
5980,20899,205557,Goo Berry Pie Probugs Kefir,16,6.29
5982,28465,14367,Icelandic Style Skyr Blueberry Non-fat Yogurt,16,8.32
5982,43662,14367,"Yogurt, Strained Low-Fat, Coconut",16,11.87
5983,38822,1920,Premium Capers,13,7.19
5983,32429,1920,Red Mango,4,3.5
5983,33735,1920,Chick Peas Garbanzos,15,1.64
5987,40268,35340,Organic Wheat-Free & Gluten-Free Original Crackers,19,3.71
5987,43875,35340,Baby Food Stage 2 Blueberry Pear & Purple Carrot,18,6.11
5987,26604,35340,Organic Blackberries,4,8.08
5993,33974,158077,Low Sodium Chicken Broth,15,12.35
5995,7371,26235,Chocolate Chip Cookie Dough Bar,19,5.25
5996,17789,80092,Soy Free Buttery Spread,16,11.19
5997,38558,118755,Organic Low Fat Cottage Cheese,16,9.47
5998,35475,182595,Milk Chocolate Chip Cookies,19,1.94
5998,3260,182595,Chips Ahoy!/Nutter Butter/Oreo Cookies,19,8.29
5998,6066,182595,Mini Moo's Real Cream Half & Half,16,8.25
5998,21206,182595,English Breakfast Black Tea,7,3.44
5998,35315,182595,Premium Green Tea,7,9.63
6002,3631,190463,Organic Whole Milk French Vanilla Yogurt,16,1.49
6002,23015,190463,Breaded Chicken Nuggets Family Pack,1,3.17
6002,22089,190463,Vitamin D Milk,16,12.21
6002,21506,190463,Organic Raisin Bran Cereal,14,2.69
6002,43662,190463,"Yogurt, Strained Low-Fat, Coconut",16,11.87
6004,13708,5057,"Liquid Hand Soap, Refill, Lavender Scent",11,3.43
6005,5450,136534,Small Hass Avocado,4,5.77
6006,5450,87129,Small Hass Avocado,4,5.77
6006,46106,87129,Organic Sriracha Hummus,20,3.17
6009,24532,130211,Cranberry Almond Chicken Salad,3,2.66
6009,12427,130211,Original Beef Jerky,19,3.08
6012,16145,94546,Organic Cannellini Beans,15,5.1
6013,35042,112821,Black Beans,15,5.95
6017,17157,172660,Organic Chicken Breasts,1,9.66
6018,7963,40574,Gluten Free Whole Grain Bread,1,4.53
6021,5450,115312,Small Hass Avocado,4,5.77
6021,47141,115312,Cola,7,5.77
6022,48812,95091,Variety Pack,17,7.23
6024,26209,167273,Limes,4,4.37
6026,16908,45027,Jacob's Wonderbar Dark Roast,7,11.01
6026,22504,45027,Organic Mountain Forest Amber Honey,13,2.16
6028,12974,53160,Organic Horseradish Mustard,13,5.38
6032,27509,69901,Organic Seasoned Yukon Select Potatoes Hashed Browns,1,5.21
6033,5450,16001,Small Hass Avocado,4,5.77
6033,14890,16001,Shelled Walnuts,19,0.89
6034,26209,206082,Limes,4,4.37
6035,10106,11288,Honey & Maple Turkey Breast,20,8.53
6040,46820,75073,Vanilla Pure Almond Milk,16,11.94
6040,22089,75073,Vitamin D Milk,16,12.21
6042,30827,196239,Seedless Cucumbers,4,5.22
6043,16759,106321,Organic Carrot Bunch,4,4.17
6043,38164,106321,Almonds & Sea Salt in Dark Chocolate,19,9.32
6043,45007,106321,Organic Zucchini,4,5.08
6044,890,83114,Organic Diced Tomatoes,15,1.35
6044,38266,83114,Fresh Basil,4,10.07
6045,28785,192372,Organic Tahini,13,8.89
6045,46847,192372,Quick Cooking Rolled Oats Irish Oatmeal,14,6.01
6046,28745,75178,Oven Roasted Turkey,20,7.99
6047,10077,5552,with Olive Oil Mayonnaise Dressing,13,10.3
6051,39448,128263,Cold Brew Coffee Mocha,16,11.23
6051,19492,128263,Mocha Mexica Cold Brew Coffee With Almond Milk,7,3.79
6052,46584,7156,YoKids Blueberry & Strawberry/Vanilla Yogurt,16,8.82
6052,31215,7156,Lemon Yogurt,16,10.41
6053,32757,38983,Quiche Lorraine,20,3.08
6053,42735,38983,Tomato Basil Soup,20,9.47
6054,45007,71086,Organic Zucchini,4,5.08
6054,26209,71086,Limes,4,4.37
6055,18337,55360,Classic Mild Cheddar Macaroni & Cheese,9,4.15
6055,19625,55360,Organic Chicken & Vegetable Potstickers,1,11.18
6057,26736,182689,Red Wax Gouda,3,4.14
6059,3081,84194,"Organic Creamies Strawberry, Raspberry & Carrot Freeze-Dried Fruit Snacks",18,1.21
6061,10863,168197,Grain Free Turkey & Salmon Formula Cat Food,8,10.33
6061,38405,168197,Organix Grain Free Chicken Paté Cat Food,8,12.29
6062,27433,196968,Artisan French Rolls,1,4.71
6063,28745,58278,Oven Roasted Turkey,20,7.99
6064,42736,114479,Unsalted Butter,16,9.28
6065,7533,14572,Low-Fat Strawberry Banana on the Bottom Greek Yogurt,16,6.64
6065,1700,14572,White Cheddar Popcorn,19,5.86
6066,3358,186595,"Rising Crust Supreme (Sausage, Pepperoni, Red Peppers, Green Peppers, Onions, Black Olives) Frozen Pizza",1,5.69
6072,22828,37507,Sea Salt Caramel Ice Cream,1,5.04
6072,11494,37507,Cookie Dough Ice Cream Chocolate Chip,21,8.87
6075,24830,161043,Organic Romaine,4,10.27
6078,12276,106292,Chocolate Chip Cookie Dough Ice Cream,1,8.4
6078,26209,106292,Limes,4,4.37
6081,38562,39873,Pomegranate Arils,4,2.59
6081,15842,39873,Dairy Free Coconut Milk Yogurt Alternative,16,7.67
6081,18963,39873,Apple Cider Vinegar,13,9.67
6081,43772,39873,Cherubs Heavenly Salad Tomatoes,4,1.15
6082,28465,62011,Icelandic Style Skyr Blueberry Non-fat Yogurt,16,8.32
6084,26604,185031,Organic Blackberries,4,8.08
6084,10603,185031,93% Ground Beef,12,3.6
6084,46802,185031,Pineapple Chunks,1,6.76
6085,26209,13009,Limes,4,4.37
6087,44167,129488,Pacific Cooler Juice Drink,7,2.33
6088,21612,5321,Men +Care Clean Comfort Body and Face Wash,11,6.23
6089,22290,161968,Organic Chai Tea Bags,7,5.1
6089,35939,161968,Organic Jalapeno Pepper,4,9.93
6089,22658,161968,Organic Curry Powder,13,9.64
6089,890,161968,Organic Diced Tomatoes,15,1.35
6091,26209,143948,Limes,4,4.37
6091,38996,143948,Grape Tomatoes,4,4.64
6092,32578,48764,Organic Fresh Squeezed Orange Juice,7,6.19
6093,23765,119401,Organic Smoked Turkey Breast,20,10.28
6093,7751,119401,Tomato Ketchup,13,1.99
6094,10369,46496,Organic Genoa Salami,20,2.35
6094,16840,46496,Mild Guacamole,20,2.21
6095,15597,20013,Pure Demerara Cane Sugar,13,3.55
6095,16759,20013,Organic Carrot Bunch,4,4.17
6095,45007,20013,Organic Zucchini,4,5.08
6095,12779,20013,Spaghetti Squash,4,5.49
6095,18027,20013,Ezekiel 4:9 Bread Organic Sprouted Whole Grain,3,11.3
6101,1025,74375,Organic Fresh Basil,4,11.34
6101,29334,74375,Leek,4,6.09
6101,35384,74375,Adult Grain-Free & Poultry-Free Dog Food,8,5.05
6102,44371,67200,Alaskan Salmon Burgers,1,11.21
6103,4149,82667,Frozen Organic Blueberries,4,11.59
6107,29270,123208,Beet Apple Carrot Lemon Ginger Organic Cold Pressed Juice Beverage,7,5.56
6108,35284,124725,Dark Chocolate Sugar Free Pudding Snacks,16,10.5
6108,3631,124725,Organic Whole Milk French Vanilla Yogurt,16,1.49
6112,38456,124762,Large Grapefruit,4,3.38
6112,2962,124762,"Milk, Reduced Fat, 2% Milkfat",16,8.89
6112,26133,124762,Classic Macaroni & Mild Cheddar Cheese,9,8.89
6112,16759,124762,Organic Carrot Bunch,4,4.17
6112,19625,124762,Organic Chicken & Vegetable Potstickers,1,11.18
6113,47866,58077,Jalapeno Potato Chips,19,12.02
6113,47141,58077,Cola,7,5.77
6113,31020,58077,Organic Honey Grade A,13,6.18
6115,7120,69035,Organic Whole Wheat Sourdough Bread,3,7.86
6117,5450,59384,Small Hass Avocado,4,5.77
6117,30962,59384,Vanilla Greek Yogurt 0% Fat,16,12.25
6117,28946,59384,Yogurt Tubes Blueberry,16,0.9
6117,36014,59384,Greek Yogurt 0% Fat Plain,16,10.79
6119,13968,88241,Rustic Tomato Basil Sauce,9,11.64
6120,1035,28847,Chamomile Citrus Caffeine Free Herbal Tea Artisan Whole Leaf Pouches,7,9.97
6120,46802,28847,Pineapple Chunks,1,6.76
6120,26209,28847,Limes,4,4.37
6121,7751,13019,Tomato Ketchup,13,1.99
6122,20842,166260,Total 0% Greek Yogurt,16,9.2
6122,40310,166260,Oven Roasted Turkey Breast,20,8.23
6122,5450,166260,Small Hass Avocado,4,5.77
6122,19003,166260,Celery,4,5.68
6125,890,1710,Organic Diced Tomatoes,15,1.35
6125,35939,1710,Organic Jalapeno Pepper,4,9.93
6125,26209,1710,Limes,4,4.37
6125,7139,1710,Sooo Good Light Roast Coffee,7,3.74
6125,44292,1710,Premium Unsweetened Iced Tea,7,7.57
6131,48682,55651,Sauerkraut,13,6.08
6131,34878,55651,Stackers Kosher Dill Pickles,13,6.56
6132,3464,49251,"Organic Butterhead (Boston, Butter, Bibb) Lettuce",4,9.0
6134,23483,130915,"Slow Churned Ice Cream, Peanut Butter Cup, Light",1,7.76
6134,26665,130915,Tandoor Baked Naan,3,8.66
6135,40310,171433,Oven Roasted Turkey Breast,20,8.23
6137,34969,180891,Red Vine Tomato,4,9.25
6140,42736,165026,Unsalted Butter,16,9.28
6141,36070,131235,"Super Spinach! Baby Spinach, Baby Bok Choy, Sweet Baby Kale",4,4.34
6141,39977,131235,Pumpkin & Spinach Stage 2 Baby Food,18,9.44
6141,1356,131235,"Sweet Potato, White Beans & Cinnamon Stage 2",18,8.47
6141,46807,131235,"Bananas, Raspberries & Oats Organic Baby Food",18,8.95
6142,9628,31847,Red Label Blended Scotch Whiskey,5,9.15
6143,18337,12666,Classic Mild Cheddar Macaroni & Cheese,9,4.15
6143,46584,12666,YoKids Blueberry & Strawberry/Vanilla Yogurt,16,8.82
6143,5450,12666,Small Hass Avocado,4,5.77
6143,11068,12666,Medium Cheddar Cheese Block,16,1.9
6143,23554,12666,Organic Vanilla Bean Ice Cream,1,6.65
6143,32429,12666,Red Mango,4,3.5
6143,19385,12666,Channa Masala Indian Cuisine,6,5.88
6144,4145,17221,Organic Chicken Breast In Water,15,10.97
6145,48527,38371,Avocado,4,12.54
6147,19003,82288,Celery,4,5.68
6149,40268,78599,Organic Wheat-Free & Gluten-Free Original Crackers,19,3.71
6149,39844,78599,Mini Sweet Peppers,4,11.24
6151,44570,179333,Kale Greens,4,4.15
6151,23630,179333,Multi-Seed Original Crackers,19,4.37
6156,43875,158881,Baby Food Stage 2 Blueberry Pear & Purple Carrot,18,6.11
6158,43496,51775,Apitherapy Raw Honey,13,10.83
6158,46802,51775,Pineapple Chunks,1,6.76
6160,26209,58666,Limes,4,4.37
6161,34969,43946,Red Vine Tomato,4,9.25
6161,16145,43946,Organic Cannellini Beans,15,5.1
6162,16840,117762,Mild Guacamole,20,2.21
6162,43768,117762,Organic Bell Pepper,4,2.4
6164,11781,178831,"Mushroom, Spinach, and Salsa Tamales",6,2.28
6165,22124,94268,Total 0% Raspberry Yogurt,16,9.08
6167,28733,146678,Chicken Nuggets,1,11.03
6168,42447,88569,100% Juice,7,12.08
6169,38456,9479,Large Grapefruit,4,3.38
6170,9283,171407,Organic Bucatini,9,1.54
6170,45007,171407,Organic Zucchini,4,5.08
6171,43768,100437,Organic Bell Pepper,4,2.4
6171,86,100437,"Camilia, Single Liquid Doses",2,2.03
6172,47630,170768,Medium Navel Orange,4,5.6
6172,18963,170768,Apple Cider Vinegar,13,9.67
6172,6020,170768,Organic Crushed Red Pepper,13,8.11
6173,33120,155845,Organic Egg Whites,16,5.33
6176,18229,167037,Plastic Knives,17,9.64
6176,11494,167037,Cookie Dough Ice Cream Chocolate Chip,21,8.87
6177,44167,149369,Pacific Cooler Juice Drink,7,2.33
6178,18656,203794,Organic Red Potato,4,1.93
6178,2664,203794,First Prunes,18,3.44
6181,13431,17031,Flaky Biscuits,13,1.83
6181,37055,17031,Organic Cheesy Ravioli,15,10.77
6182,40310,38099,Oven Roasted Turkey Breast,20,8.23
6182,35065,38099,Orange Strawberry Banana Juice,7,2.03
6182,18471,38099,Organic Light Agave Nectar,13,0.93
6183,34969,110356,Red Vine Tomato,4,9.25
6189,8138,166226,Traditional Hummus,20,2.75
6190,44570,50096,Kale Greens,4,4.15
6195,20463,37142,Organic Fat-Free Milk,16,1.48
6195,8390,37142,Diet Ginger Ale,7,12.0
6200,26133,53596,Classic Macaroni & Mild Cheddar Cheese,9,8.89
6201,6981,130715,Vanilla Snakaroons,19,9.14
6201,41699,130715,Dark Chocolate & Oats Granola Cookies,19,2.17
6202,45007,61312,Organic Zucchini,4,5.08
6205,47504,160098,Blueberry Breakfast Biscuits,14,7.81
6205,44292,160098,Premium Unsweetened Iced Tea,7,7.57
6206,19828,45501,Red Delicious Apples,4,5.14
6207,26604,41218,Organic Blackberries,4,8.08
6209,26604,108747,Organic Blackberries,4,8.08
6210,43662,94713,"Yogurt, Strained Low-Fat, Coconut",16,11.87
6212,21614,93218,Crackers Harvest Whole Wheat,19,2.38
6213,32304,156130,Reduced Sodium Vegetable Lentil & Roasted Red Peppers Soup,15,0.99
6216,27554,173524,Gluten Free Blueberry Muffins,3,0.94
6216,41261,173524,"Light Calcium, with Magnesium, Natural Orange Flavor",11,2.87
6216,13113,173524,Organic Apple Juice Boxes,7,9.79
6225,46802,84519,Pineapple Chunks,1,6.76
6229,39055,135683,Mild Salsa Roja,20,12.54
6229,19173,135683,Orange Calcium & Vitamin D Pulp Free,7,11.11
6230,48491,125553,"Tofu, Extra Firm",20,11.49
6232,42500,141167,Orange & Lemon Flavor Variety Pack Sparkling Fruit Beverage,7,6.51
6233,46932,71782,All Natural Coconut Water,7,4.34
6235,38164,195705,Almonds & Sea Salt in Dark Chocolate,19,9.32
6235,20842,195705,Total 0% Greek Yogurt,16,9.2
6237,33976,99045,Spreadable Butter Flavored with Olive Oil,16,9.51
6237,3260,99045,Chips Ahoy!/Nutter Butter/Oreo Cookies,19,8.29
6237,5450,99045,Small Hass Avocado,4,5.77
6237,3318,99045,Cinnamon Swirl Raisin Bread,3,4.94
6239,42736,67669,Unsalted Butter,16,9.28
6241,43875,169290,Baby Food Stage 2 Blueberry Pear & Purple Carrot,18,6.11
6243,12919,56854,Coconut Sparkling Water,7,12.1
6243,26209,56854,Limes,4,4.37
6243,27690,56854,Apple Cinnamon GoGo Squeez,19,6.29
6243,43772,56854,Cherubs Heavenly Salad Tomatoes,4,1.15
6247,29015,80876,Honey Bunches of Oats Roasted Oats,14,10.54
6247,5258,80876,Sparkling Water,7,10.95
6250,33120,147684,Organic Egg Whites,16,5.33
6251,45007,201885,Organic Zucchini,4,5.08
6252,16759,167275,Organic Carrot Bunch,4,4.17
6257,45007,156551,Organic Zucchini,4,5.08
6258,41806,11450,Organic Greek Whole Milk Blended Strawberry Yogurt,16,7.97
6261,44371,51834,Alaskan Salmon Burgers,1,11.21
6261,41692,51834,"Tea, Organic, Chai Black, Bags",7,7.35
6263,16759,96299,Organic Carrot Bunch,4,4.17
6263,12312,96299,Lavender Hand Soap,11,11.33
6264,12640,109572,Sport Bottle with Flip Cap Natural Spring Water,7,4.94
6265,29880,82770,Sancerre,5,10.19
6268,7963,38559,Gluten Free Whole Grain Bread,1,4.53
6272,4006,92994,Hazelnut Spread With Skim Milk & Cocoa,13,4.62
6274,43821,124823,1 Apple + 1 Mango Fruit Bar,19,4.67
6274,2452,124823,Naturals Chicken Nuggets,1,1.24
6278,26604,40083,Organic Blackberries,4,8.08
6278,18027,40083,Ezekiel 4:9 Bread Organic Sprouted Whole Grain,3,11.3
6280,46992,32912,Real Cheddar Baked Cheese Puffs,19,3.16
6283,12572,184628,6 OZ LA PANZANELLA CROSTINI ORIGINAL CRACKERS,19,1.78
6283,26736,184628,Red Wax Gouda,3,4.14
6283,7185,184628,Rosemary Mini Croccantini,19,4.79
6287,41019,54847,Cajun Turkey,20,10.41
6288,45007,49522,Organic Zucchini,4,5.08
6290,48812,19686,Variety Pack,17,7.23
6290,10258,19686,Pistachios,19,9.49
6291,30353,191410,Curate Cherry Lime Sparkling Water,7,1.86
6296,13627,175523,English Breakfast Tea Bags,7,6.27
6297,3464,112554,"Organic Butterhead (Boston, Butter, Bibb) Lettuce",4,9.0
6299,43772,51338,Cherubs Heavenly Salad Tomatoes,4,1.15
6299,31342,51338,Organic SprouTofu Extra Firm Tofu,20,9.28
6300,12276,135945,Chocolate Chip Cookie Dough Ice Cream,1,8.4
6300,6224,135945,Simply Clean Fragrance Free Wipes,18,10.15
6303,5258,178465,Sparkling Water,7,10.95
6304,39459,11047,Multi Surface Antibacterial,17,1.52
6304,24571,11047,Tomato and Basil Pasta Sauce,9,10.32
6308,42475,183663,Unsalted Butter Quarters,16,2.61
6311,16145,179685,Organic Cannellini Beans,15,5.1
6316,45356,132942,Gluten Free Dream Cookies Chocolate Vanilla Creme,19,8.13
6317,20463,151375,Organic Fat-Free Milk,16,1.48
6317,26209,151375,Limes,4,4.37
6317,18603,151375,Olive & Garlic Tapenade,20,1.36
6318,28413,189565,Bunny-Luv Organic Carrots,4,7.3
6319,890,10397,Organic Diced Tomatoes,15,1.35
6320,2962,84985,"Milk, Reduced Fat, 2% Milkfat",16,8.89
6320,4329,84985,Yellowfin Tuna in Pure Olive Oil,15,6.66
6320,37940,84985,Original Strawberry Low Fat Yogurt,16,12.55
6322,7249,114316,Crunchy Rice Rollers,19,11.04
6326,27796,40437,Real Mayonnaise,13,0.97
6326,36086,40437,Philadelphia Original Cream Cheese,16,2.08
6326,29577,40437,Prepared Cheese Product Slices,16,3.57
6326,26209,40437,Limes,4,4.37
6330,46025,163644,Pineapple Slices in 100% Pineapple Juice,15,10.22
6330,4289,163644,15 Calories Light Lemonade,7,8.58
6337,4809,68275,Greek Whole Milk Blended Blueberry Yogurt,16,6.38
6337,41806,68275,Organic Greek Whole Milk Blended Strawberry Yogurt,16,7.97
6337,5450,68275,Small Hass Avocado,4,5.77
6338,26209,104141,Limes,4,4.37
6340,45051,48042,Pub Mix,19,8.23
6342,1194,184382,Natural Artisan Water,7,7.42
6342,36070,184382,"Super Spinach! Baby Spinach, Baby Bok Choy, Sweet Baby Kale",4,4.34
6343,6020,44593,Organic Crushed Red Pepper,13,8.11
6344,15693,109967,Organic Peach Oo La Long Tea,7,9.36
6345,7963,90096,Gluten Free Whole Grain Bread,1,4.53
6347,37067,135190,Organic Banana,4,10.85
6350,43875,87925,Baby Food Stage 2 Blueberry Pear & Purple Carrot,18,6.11
6350,46584,87925,YoKids Blueberry & Strawberry/Vanilla Yogurt,16,8.82
6350,48878,87925,Kale & Sea Salt Popcorn,19,8.59
6350,43733,87925,Sweet Onion And Red Pepper Chard Ravioli In Red Pepper Sauce,20,2.52
6350,40659,87925,"Fries, Broccoli",19,11.89
6350,37067,87925,Organic Banana,4,10.85
6350,45007,87925,Organic Zucchini,4,5.08
6353,6104,77205,Whole Milk Plain Yogurt,16,1.76
6353,5450,77205,Small Hass Avocado,4,5.77
6353,41437,77205,Hearty Minestrone with Vegetables Soup,15,11.43
6353,26629,77205,Cherry Pie Fruit & Nut Bar,19,1.38
6353,36906,77205,Sweet Potato Hash Browns,1,11.84
6353,39504,77205,Vanilla Shake Packet,11,9.76
6354,26209,11176,Limes,4,4.37
6354,34969,11176,Red Vine Tomato,4,9.25
6358,10603,73705,93% Ground Beef,12,3.6
6359,5258,130599,Sparkling Water,7,10.95
6360,40198,84997,Blueberry Yoghurt,16,8.81
6360,35939,84997,Organic Jalapeno Pepper,4,9.93
6362,22124,53967,Total 0% Raspberry Yogurt,16,9.08
6363,7898,166836,Ginger Beer,7,2.12
6365,33120,100101,Organic Egg Whites,16,5.33
6368,8428,118770,Fresh Squeezed IPA,5,4.61
6373,39024,145588,Edamame In Pod,1,5.6
6375,30658,167611,Dark Chocolate Almond & Coconut Fruit & Nut Bar,19,8.85
6376,34248,166603,Lemon Scent Automatic Dishwasher Detergent Gel,17,5.38
6377,594,166381,Gluten Free Peanut Butter Berry  Chewy With A Crunch Granola Bars,19,11.11
6379,46802,66120,Pineapple Chunks,1,6.76
6385,2962,200577,"Milk, Reduced Fat, 2% Milkfat",16,8.89
6387,10299,2658,Congestion Non-Drowsy Maximum Strength Phenylephrin HCl Tablets,11,0.94
6388,7533,177513,Low-Fat Strawberry Banana on the Bottom Greek Yogurt,16,6.64
6388,16754,177513,Flip PB&J Low-Fat Greek Yogurt,16,4.76
6389,19055,53600,"Spring Mix & Baby Spinach, 50/50!, Family Size",4,5.62
6389,44752,53600,Organic Portobello Mushroom Caps,4,3.65
6390,31020,58599,Organic Honey Grade A,13,6.18
6396,43645,195683,"Eggs, Hard-Boiled",16,10.16
6396,46820,195683,Vanilla Pure Almond Milk,16,11.94
6403,4960,88317,Three Cheese Mini Pizza Bagels Frozen Snacks,1,5.28
6405,9963,157650,Ultra Thin Pepper Jack Cheese Slices,16,6.1
6406,15276,7913,Strawberry Kiwi Juice,7,2.64
6406,35034,7913,Peppermint Sugar Free Gum,19,6.12
6407,32463,35409,Olive Oil & Aloe Vera Hand Soap,11,4.26
6407,48527,35409,Avocado,4,12.54
6408,49621,191934,Challah Bread,3,5.17
6408,12276,191934,Chocolate Chip Cookie Dough Ice Cream,1,8.4
6408,38274,191934,Ice Cream Sandwiches Vanilla,1,7.17
6410,14437,35864,Total Greek Yogurt With Honey,16,6.44
6413,10874,29370,Zero Calorie Lemon Lime Twist Soda,7,0.91
6413,20842,29370,Total 0% Greek Yogurt,16,9.2
6415,40268,24301,Organic Wheat-Free & Gluten-Free Original Crackers,19,3.71
6415,12572,24301,6 OZ LA PANZANELLA CROSTINI ORIGINAL CRACKERS,19,1.78
6420,32134,84095,Lactose Free Plain Kefir,16,3.11
6420,260,84095,Cantaloupe,4,3.01
6424,15366,69733,Blueberry Soy Yogurt,16,7.71
6426,41259,69413,Poblano Pepper,4,10.56
6427,12118,78519,Organic Whole Grain Spanish Rice,9,4.97
6429,26177,101255,Organic Honey Nut O's Cereal,14,3.76
6431,42500,162967,Orange & Lemon Flavor Variety Pack Sparkling Fruit Beverage,7,6.51
6435,23257,115553,Pineapples,4,5.67
6435,42404,115553,Multi Grain Waffles,1,12.48
6435,14870,115553,Icelandic Style Fat Free Plain Yogurt,16,4.27
6438,15860,93455,Natural Apple Sauce Cups,15,8.98
6438,32211,93455,Whole Grains Oatnut Bread,3,8.78
6440,7116,94894,Large Enriched Bread,3,2.99
6440,7751,94894,Tomato Ketchup,13,1.99
6441,12276,41126,Chocolate Chip Cookie Dough Ice Cream,1,8.4
6442,12314,52473,Organic Celery Salt,13,8.0
6444,5090,7831,Marketplace Sweet Sriracha Braised Beef,1,11.49
6448,31801,97508,9 Inch Plates,17,4.1
6450,18027,136017,Ezekiel 4:9 Bread Organic Sprouted Whole Grain,3,11.3
6450,35176,136017,Cream Cheese Cream Cheese Spread,16,3.27
6451,5450,80601,Small Hass Avocado,4,5.77
6453,32100,33039,Chop Sweet Kale Kit,4,8.05
6453,33466,33039,Heat & Serve Sweet Potato,4,4.2
6455,44570,166715,Kale Greens,4,4.15
6459,10603,48249,93% Ground Beef,12,3.6
6459,20034,48249,Potted Basil,4,6.24
6460,39844,36137,Mini Sweet Peppers,4,11.24
6460,30353,36137,Curate Cherry Lime Sparkling Water,7,1.86
6461,10193,106032,Shredded Carrots,4,11.21
6461,26209,106032,Limes,4,4.37
6461,2668,106032,Whips! Strawberry Mist Yogurt Mousse,16,11.64
6463,28745,196271,Oven Roasted Turkey,20,7.99
6463,45866,196271,Fig Newmans Fruit Filled Cookies,19,2.46
6463,260,196271,Cantaloupe,4,3.01
6463,40013,196271,Chicken Caesar Wrap,20,3.43
6464,43320,187932,Garlic & Wine Sopressata Salami,20,8.18
6464,27509,187932,Organic Seasoned Yukon Select Potatoes Hashed Browns,1,5.21
6465,44371,66079,Alaskan Salmon Burgers,1,11.21
6470,45007,145239,Organic Zucchini,4,5.08
6471,32387,178511,Roasted Garlic & Sweet Basil Sauce,9,4.13
6471,4329,178511,Yellowfin Tuna in Pure Olive Oil,15,6.66
6474,7751,77896,Tomato Ketchup,13,1.99
6474,31958,77896,Spinach and Arugula Salad,4,9.62
6476,26629,202896,Cherry Pie Fruit & Nut Bar,19,1.38
6479,26209,57229,Limes,4,4.37
6480,1700,55700,White Cheddar Popcorn,19,5.86
6480,39408,55700,Gala Apples,4,4.03
6480,18656,55700,Organic Red Potato,4,1.93
6483,28413,87126,Bunny-Luv Organic Carrots,4,7.3
6484,22290,183181,Organic Chai Tea Bags,7,5.1
6488,189,137681,Healthfull Nuts & Seeds Bread,3,2.01
6488,15221,137681,2% Milk,16,11.05
6488,46163,137681,Toll House Real Semi-Sweet Chocolate Chunks,13,5.3
6491,22124,167957,Total 0% Raspberry Yogurt,16,9.08
6491,32429,167957,Red Mango,4,3.5
6494,43409,144397,Frosted Mini-Wheats Original Cereal,14,12.46
6494,11323,144397,Medium Roast Extra Bold K-Cup Packs Coffee,7,1.24
6494,39046,144397,Smok Cured Turkey Bacon,12,6.84
6496,35939,7966,Organic Jalapeno Pepper,4,9.93
6497,35150,140460,Organic Salted Caramel Chocolate Truffles,19,12.23
6499,3464,15733,"Organic Butterhead (Boston, Butter, Bibb) Lettuce",4,9.0
6503,28745,22664,Oven Roasted Turkey,20,7.99
6507,1202,31182,Organic Whole Grain Oatmeal Cereal Baby Food,18,9.64
6507,43875,31182,Baby Food Stage 2 Blueberry Pear & Purple Carrot,18,6.11
6507,42105,31182,Compostable Basket Coffee Filters,7,1.83
6507,27464,31182,Direct Trade House Blend Medium Roast Ground Coffee,7,11.02
6509,26604,45495,Organic Blackberries,4,8.08
6513,18963,55756,Apple Cider Vinegar,13,9.67
6513,33575,55756,Dairy Free French Vanilla Coconut Milk Creamer,16,8.48
6513,15842,55756,Dairy Free Coconut Milk Yogurt Alternative,16,7.67
6514,30696,179762,Eggo Homestyle Waffles,1,6.45
6515,43659,54895,Gluten Free Linguini,9,4.01
6516,21506,193876,Organic Raisin Bran Cereal,14,2.69
6516,26604,193876,Organic Blackberries,4,8.08
6519,28465,2797,Icelandic Style Skyr Blueberry Non-fat Yogurt,16,8.32
6521,11068,148482,Medium Cheddar Cheese Block,16,1.9
6523,7230,132863,"Ramen Noodle Soup, Beef Flavor, Family Pack",9,7.74
6524,26209,214,Limes,4,4.37
6524,45007,214,Organic Zucchini,4,5.08
6526,38456,109120,Large Grapefruit,4,3.38
6527,42404,134465,Multi Grain Waffles,1,12.48
6527,36485,134465,Organic Stage 2 Winter Squash Baby Food Puree,18,0.97
6527,7751,134465,Tomato Ketchup,13,1.99
6527,46802,134465,Pineapple Chunks,1,6.76
6527,2664,134465,First Prunes,18,3.44
6527,26209,134465,Limes,4,4.37
6527,25542,134465,"Orzo, No. 65",9,0.92
6529,38456,165380,Large Grapefruit,4,3.38
6531,5450,175732,Small Hass Avocado,4,5.77
6531,47141,175732,Cola,7,5.77
6532,45007,200193,Organic Zucchini,4,5.08
6532,6473,200193,Bag of Lemons,4,6.98
6532,24535,200193,Plain Whole Milk Yogurt,16,6.17
6534,26592,110558,Wasabi Seaweed Chips,19,6.88
6536,48370,185677,Sensitive Toilet Paper,17,9.33
6537,44371,1503,Alaskan Salmon Burgers,1,11.21
6538,38349,140014,Simply Smart Gluten Free Breaded Chicken Breast Tenders,1,8.48
6538,7751,140014,Tomato Ketchup,13,1.99
6539,41408,203779,Goat's Milk Cheese,16,6.12
6540,46990,150759,Ground Buffalo,12,10.44
6542,42736,22995,Unsalted Butter,16,9.28
6543,5450,128200,Small Hass Avocado,4,5.77
6543,5258,128200,Sparkling Water,7,10.95
6543,19677,128200,Original Pure Creamy Almond Milk,16,6.4
6543,42736,128200,Unsalted Butter,16,9.28
6543,39024,128200,Edamame In Pod,1,5.6
6544,26209,196038,Limes,4,4.37
6545,10110,127784,Organic Sumac,13,10.57
6546,13113,97233,Organic Apple Juice Boxes,7,9.79
6546,45302,97233,Mini Falafel With Tahini Sauce,20,1.89
6547,7898,174195,Ginger Beer,7,2.12
6553,46820,138259,Vanilla Pure Almond Milk,16,11.94
6555,30742,186379,Veggie Pepperoni Pizza,20,2.76
6556,5183,143788,Sesame Chicken,1,8.44
6557,7751,72668,Tomato Ketchup,13,1.99
6557,13113,72668,Organic Apple Juice Boxes,7,9.79
6557,18740,72668,"Mayonnaise, Chipotle",13,2.09
6557,28465,72668,Icelandic Style Skyr Blueberry Non-fat Yogurt,16,8.32
6558,49519,117426,Raspberry Essence Water,7,10.84
6558,45007,117426,Organic Zucchini,4,5.08
6558,42110,117426,Organic Macaroni Shells & Real Aged Cheddar,9,12.09
6559,26736,10114,Red Wax Gouda,3,4.14
6560,33810,138537,Citrus Dish Soap,17,9.69
6561,39404,24792,G2 Low Calorie Raspberry Lemonade,7,8.58
6561,19003,24792,Celery,4,5.68
6564,45007,13598,Organic Zucchini,4,5.08
6565,19677,132941,Original Pure Creamy Almond Milk,16,6.4
6565,13997,132941,Braeburn Apple,4,1.48
6566,594,140809,Gluten Free Peanut Butter Berry  Chewy With A Crunch Granola Bars,19,11.11
6567,43192,126887,Dark with 70% Cacao Content Organic Chocolate Bar,19,5.04
6571,24497,108207,Organic Cauliflower Florets,4,7.52
6571,45007,108207,Organic Zucchini,4,5.08
6572,38164,92910,Almonds & Sea Salt in Dark Chocolate,19,9.32
6574,7249,147065,Crunchy Rice Rollers,19,11.04
6576,28465,56345,Icelandic Style Skyr Blueberry Non-fat Yogurt,16,8.32
6577,42110,83486,Organic Macaroni Shells & Real Aged Cheddar,9,12.09
6578,48116,103769,Lowfat Kefir Plain Unsweetened,16,1.44
6579,10761,145917,Organic Yokids Lemonade/Blueberry Variety Pack Yogurt Squeezers Tubes,16,4.56
6581,7751,56677,Tomato Ketchup,13,1.99
6583,30702,43767,Hampshire 100% Natural Grade A Pasteurized Sour Cream,16,1.63
6584,9557,149134,Chicken Breast Fillet,1,4.53
6584,48144,149134,Tater Tots,1,1.22
6584,22105,149134,Ultra Thin Sliced Provolone Cheese,16,2.41
6587,8138,74377,Traditional Hummus,20,2.75
6589,34969,106973,Red Vine Tomato,4,9.25
6589,29334,106973,Leek,4,6.09
6589,16759,106973,Organic Carrot Bunch,4,4.17
6592,49185,138801,Enriched Vanilla Rice Drink,16,10.01
6593,35336,104720,Naked Green Machine Boosted Juice Smoothie,7,1.11
6595,46990,9829,Ground Buffalo,12,10.44
6598,38456,31384,Large Grapefruit,4,3.38
6599,10863,202292,Grain Free Turkey & Salmon Formula Cat Food,8,10.33
6602,18689,109882,Dairy-Free Chive Cream Cheese,16,10.12
6603,10369,91049,Organic Genoa Salami,20,2.35
6603,18677,91049,"Minis, Coconut Milk, Non-Dairy Frozen Dessert, no sugar added Vanilla Bar",1,11.94
6604,38439,67728,Mara Natha Organic Peanut Butter Creamy,13,12.09
6608,26209,191302,Limes,4,4.37
6610,35034,30952,Peppermint Sugar Free Gum,19,6.12
6611,43012,136534,Hot To Trot Red Blend,5,3.17
6612,6647,78734,Navel Orange,4,4.34
6612,1940,78734,Organic 2% Reduced Fat Milk,16,1.23
6613,16490,65897,Old Fashioned Whole Wheat Bread,3,1.52
6613,28745,65897,Oven Roasted Turkey,20,7.99
6614,38562,163217,Pomegranate Arils,4,2.59
6614,26209,163217,Limes,4,4.37
6614,41388,163217,Pure Almond Paste,11,11.6
6614,28745,163217,Oven Roasted Turkey,20,7.99
6615,890,3422,Organic Diced Tomatoes,15,1.35
6615,45007,3422,Organic Zucchini,4,5.08
6615,28465,3422,Icelandic Style Skyr Blueberry Non-fat Yogurt,16,8.32
6616,43768,34571,Organic Bell Pepper,4,2.4
6617,23765,57494,Organic Smoked Turkey Breast,20,10.28
6617,7041,57494,Pecorino Romano,16,5.02
6617,26629,57494,Cherry Pie Fruit & Nut Bar,19,1.38
6617,47573,57494,Ginger Snap Sprouted Cookies,19,1.63
6618,43662,37057,"Yogurt, Strained Low-Fat, Coconut",16,11.87
6618,45007,37057,Organic Zucchini,4,5.08
6618,49273,37057,Light and Lean Quinoa Black Beans with Butternut Squash and Chard,1,1.34
6618,18027,37057,Ezekiel 4:9 Bread Organic Sprouted Whole Grain,3,11.3
6618,1035,37057,Chamomile Citrus Caffeine Free Herbal Tea Artisan Whole Leaf Pouches,7,9.97
6618,28465,37057,Icelandic Style Skyr Blueberry Non-fat Yogurt,16,8.32
6618,12276,37057,Chocolate Chip Cookie Dough Ice Cream,1,8.4
6618,36961,37057,Pink Cripps Apple,4,2.89
6619,28745,136229,Oven Roasted Turkey,20,7.99
6620,28465,143434,Icelandic Style Skyr Blueberry Non-fat Yogurt,16,8.32
6620,39844,143434,Mini Sweet Peppers,4,11.24
6621,17183,3417,Peach Yoghurt,16,6.75
6623,14371,56265,Organic Nonfat Milk,16,10.79
6623,37619,56265,Light Vegetable Oil Spread,16,8.59
6624,47965,86228,TLC Cherry Dark Chocolate Chewy Granola,19,7.49
6624,30494,86228,Organic Mango Slices,19,7.63
6626,39781,28662,Original 7 Grain Crackers,19,6.08
6626,13249,28662,Skim Milk,16,9.33
6627,38122,153738,24oz Heat & Eat Container,17,9.14
6627,37052,153738,Natural Bliss Cinnamon Cream Coffee Creamer,16,10.83
6629,15693,83262,Organic Peach Oo La Long Tea,7,9.36
6629,21469,83262,Honest T Mango White Tea,7,4.63
6631,7606,38035,Greek 100 Protein Vanilla Fat Free Yogurt,16,4.2
6631,35042,38035,Black Beans,15,5.95
6631,34969,38035,Red Vine Tomato,4,9.25
6634,4940,66937,Organic Plain Greek Yogurt,16,5.0
6634,12124,66937,Organic Strawberry Greek Yogurt,16,2.35
6635,26209,79511,Limes,4,4.37
6635,38274,79511,Ice Cream Sandwiches Vanilla,1,7.17
6636,23296,205650,Blueberry on the Bottom Nonfat Greek Yogurt,16,2.27
6636,7533,205650,Low-Fat Strawberry Banana on the Bottom Greek Yogurt,16,6.64
6636,35042,205650,Black Beans,15,5.95
6636,18435,205650,50% Less Sodium Garbanzo Beans,15,10.51
6637,15693,9036,Organic Peach Oo La Long Tea,7,9.36
6637,17273,9036,Fire Roasted Red Pepper Hummus,20,4.95
6637,13603,9036,Tarragon Chicken Salad,20,11.45
6637,30461,9036,Organic Multigrain Mild Green Mojo Tortilla Chips,19,7.11
6637,2677,9036,Yerba Mate Sparkling Classic Gold,7,2.49
6637,40198,9036,Blueberry Yoghurt,16,8.81
6637,17183,9036,Peach Yoghurt,16,6.75
6638,29015,176117,Honey Bunches of Oats Roasted Oats,14,10.54
6640,39089,60349,Natural Puffed Wheat Cereal,14,1.74
6640,46106,60349,Organic Sriracha Hummus,20,3.17
6642,44022,151935,Original Bite Size Candies,19,8.05
6644,42736,121351,Unsalted Butter,16,9.28
6644,22524,121351,Cream Cheese Bar,16,1.12
6644,20220,121351,Sugar Free Low Calorie Gelatin Dessert Strawberry,13,5.04
6644,37247,121351,Instant Vanilla Pudding & Pie Filling,13,3.69
6644,39479,121351,Ground Paprika,13,12.34
6644,3358,121351,"Rising Crust Supreme (Sausage, Pepperoni, Red Peppers, Green Peppers, Onions, Black Olives) Frozen Pizza",1,5.69
6649,36086,40864,Philadelphia Original Cream Cheese,16,2.08
6649,7963,40864,Gluten Free Whole Grain Bread,1,4.53
6651,28698,168134,Asian Noodle Salad,20,1.65
6652,26209,160502,Limes,4,4.37
6652,45081,160502,Gluten-Free Pancake Mix,14,11.26
6654,19938,48998,Extra Wide Egg Noodles,9,2.68
6654,26168,48998,Newman O's Creme Filled Mint Chocolate Cookies,19,5.37
6655,19173,71641,Orange Calcium & Vitamin D Pulp Free,7,11.11
6655,43768,71641,Organic Bell Pepper,4,2.4
6657,31727,141434,"Organic Tomato Paste, No Salt Added",15,10.09
6659,10369,146234,Organic Genoa Salami,20,2.35
6660,8138,118868,Traditional Hummus,20,2.75
6662,21495,20879,Extra Extra Dry Ultra Fresh,11,8.83
6664,35939,163993,Organic Jalapeno Pepper,4,9.93
6665,41363,174923,Tofu Spring Roll,20,2.74
6666,30827,79163,Seedless Cucumbers,4,5.22
6670,29270,105939,Beet Apple Carrot Lemon Ginger Organic Cold Pressed Juice Beverage,7,5.56
6672,26209,79415,Limes,4,4.37
6673,40310,166231,Oven Roasted Turkey Breast,20,8.23
6675,45007,188156,Organic Zucchini,4,5.08
6675,33120,188156,Organic Egg Whites,16,5.33
6675,26209,188156,Limes,4,4.37
6675,46584,188156,YoKids Blueberry & Strawberry/Vanilla Yogurt,16,8.82
6676,14486,148050,One Bun Multigrain Whole Grain Pita,3,6.73
6676,46932,148050,All Natural Coconut Water,7,4.34
6676,31342,148050,Organic SprouTofu Extra Firm Tofu,20,9.28
6677,1560,190321,Bag Of Ice,1,11.41
6680,32016,160776,Fresh Fussilli,9,1.28
6682,26209,32339,Limes,4,4.37
6684,7963,102918,Gluten Free Whole Grain Bread,1,4.53
6684,12475,102918,Deadman's Reach Organic Dark Roast Whole Bean Coffee,7,7.57
6686,26209,95548,Limes,4,4.37
6687,40310,124829,Oven Roasted Turkey Breast,20,8.23
6689,27662,59632,Large Grade AA Cage Free Eggs,16,11.86
6689,1025,59632,Organic Fresh Basil,4,11.34
6689,7041,59632,Pecorino Romano,16,5.02
6691,29015,39703,Honey Bunches of Oats Roasted Oats,14,10.54
6692,30827,143036,Seedless Cucumbers,4,5.22
6694,32134,46382,Lactose Free Plain Kefir,16,3.11
6694,26209,46382,Limes,4,4.37
6694,38439,46382,Mara Natha Organic Peanut Butter Creamy,13,12.09
6694,34214,46382,Pesto Pizza,1,5.46
6694,1025,46382,Organic Fresh Basil,4,11.34
6696,20842,54869,Total 0% Greek Yogurt,16,9.2
6697,363,112723,Water Crackers Original All Natural,19,6.67
6699,12779,40444,Spaghetti Squash,4,5.49
6699,15011,40444,"Pita Chips, Simply Naked",19,11.46
6700,35939,103916,Organic Jalapeno Pepper,4,9.93
6701,16782,112844,Confectioners Powdered Sugar,13,3.35
6701,47966,112844,Old Fashioned Rolled Oats,14,2.74
6701,46802,112844,Pineapple Chunks,1,6.76
6704,13249,133159,Skim Milk,16,9.33
6705,10025,102815,Freeze Dried Strawberry Slices,1,8.24
6705,16759,102815,Organic Carrot Bunch,4,4.17
6705,20890,102815,Baked Grilled Cheese Corn Puffs,19,6.34
6706,7533,119458,Low-Fat Strawberry Banana on the Bottom Greek Yogurt,16,6.64
6706,34969,119458,Red Vine Tomato,4,9.25
6708,3318,37142,Cinnamon Swirl Raisin Bread,3,4.94
6709,10819,79730,Original Craisins,19,8.5
6709,20842,79730,Total 0% Greek Yogurt,16,9.2
6710,1025,189401,Organic Fresh Basil,4,11.34
6711,25647,46079,Heirloom Tomato,4,4.3
6711,43768,46079,Organic Bell Pepper,4,2.4
6715,6999,76725,Organic Fresh Pressed Pure Lemon Juice,7,7.32
6715,35042,76725,Black Beans,15,5.95
6715,28785,76725,Organic Tahini,13,8.89
6716,17143,113992,Fire Kombucha,7,6.74
6716,35939,113992,Organic Jalapeno Pepper,4,9.93
6717,47966,194026,Old Fashioned Rolled Oats,14,2.74
6719,10603,171358,93% Ground Beef,12,3.6
6719,16145,171358,Organic Cannellini Beans,15,5.1
6719,890,171358,Organic Diced Tomatoes,15,1.35
6719,26604,171358,Organic Blackberries,4,8.08
6719,45210,171358,Organic Greek Lowfat Yogurt With Blueberries,16,5.69
6721,44570,189302,Kale Greens,4,4.15
6723,33316,186009,Lemongrass & Clementine Zest Natural Dish Liquid,17,0.96
6724,17924,58075,Seltzer Water,7,3.66
6724,18435,58075,50% Less Sodium Garbanzo Beans,15,10.51
6725,36070,145642,"Super Spinach! Baby Spinach, Baby Bok Choy, Sweet Baby Kale",4,4.34
6728,30910,204863,Double Stuf Golden Sandwich Cookies,19,5.49
6730,36735,162992,Organic Roasted Sliced Chicken Breast,20,10.42
6730,45007,162992,Organic Zucchini,4,5.08
6730,260,162992,Cantaloupe,4,3.01
6732,1000,161517,Apricots,10,1.27
6733,23554,119138,Organic Vanilla Bean Ice Cream,1,6.65
6733,40826,119138,Manhattan Style Whole Kosher Pickles,13,1.78
6734,20842,12514,Total 0% Greek Yogurt,16,9.2
6734,46990,12514,Ground Buffalo,12,10.44
6735,48335,181153,Chocolate Brownie Energy Bar,19,11.61
6736,9955,80390,Unsweetened Organic Coconut Milk,16,6.48
6737,5085,94589,Organic Stage 1 First Peas Baby Food,18,4.64
6737,30148,94589,Organic Stage 2 Chicken Brown Rice Baby Food,18,1.11
6738,19003,33437,Celery,4,5.68
6738,39408,33437,Gala Apples,4,4.03
6738,46542,33437,100% Cotton 16 Ply Strength 25 ft Cooking Twine,17,7.85
6739,22124,175232,Total 0% Raspberry Yogurt,16,9.08
6739,12397,175232,Earl Grey Tea Bags,7,6.93
6739,41785,175232,Organic Nine Mixed Grain Bread,1,4.1
6740,41259,66516,Poblano Pepper,4,10.56
6740,35939,66516,Organic Jalapeno Pepper,4,9.93
6740,5450,66516,Small Hass Avocado,4,5.77
6745,47141,143735,Cola,7,5.77
6746,4289,13999,15 Calories Light Lemonade,7,8.58
6747,38274,178030,Ice Cream Sandwiches Vanilla,1,7.17
6748,41259,170100,Poblano Pepper,4,10.56
6749,10662,181935,Cheese Pizza In A Pocket Sandwich,1,12.55
6749,31533,181935,Spinach Feta in a Pocket Sandwich,1,2.06
6749,38772,181935,Provolone,16,1.84
6749,26209,181935,Limes,4,4.37
6754,40310,146018,Oven Roasted Turkey Breast,20,8.23
6754,45007,146018,Organic Zucchini,4,5.08
6756,26209,200793,Limes,4,4.37
6761,33655,15380,Strawberry Jelly,13,4.13
6762,28465,184296,Icelandic Style Skyr Blueberry Non-fat Yogurt,16,8.32
6762,23765,184296,Organic Smoked Turkey Breast,20,10.28
6762,34969,184296,Red Vine Tomato,4,9.25
6762,45007,184296,Organic Zucchini,4,5.08
6765,5183,148230,Sesame Chicken,1,8.44
6765,14140,148230,Ultra Soft & Strong,17,1.65
6766,45866,22983,Fig Newmans Fruit Filled Cookies,19,2.46
6769,20708,4201,Traditional New England Clam Chowder Soup,15,8.29
6769,14154,4201,Reduced Fat Sharp Cheddar Cheese,16,1.34
6770,26604,150747,Organic Blackberries,4,8.08
6771,18963,123799,Apple Cider Vinegar,13,9.67
6772,26209,161477,Limes,4,4.37
6772,15693,161477,Organic Peach Oo La Long Tea,7,9.36
6772,49621,161477,Challah Bread,3,5.17
6772,25647,161477,Heirloom Tomato,4,4.3
6775,39408,46374,Gala Apples,4,4.03
6776,42736,199688,Unsalted Butter,16,9.28
6776,26604,199688,Organic Blackberries,4,8.08
6780,26209,68440,Limes,4,4.37
6781,18689,130967,Dairy-Free Chive Cream Cheese,16,10.12
6781,27690,130967,Apple Cinnamon GoGo Squeez,19,6.29
6781,46802,130967,Pineapple Chunks,1,6.76
6781,16630,130967,Cough & Chest Congestion Chestal Honey Cough Syrup,11,2.93
6782,2151,103259,Classic Vanilla Ice Cream Sandwiches,1,4.9
6782,38318,103259,Original Flavor Instant Oatmeal,14,8.98
6783,48099,29218,Truffle Parmesan Macaroni & Cheese Bowl,1,9.05
6784,14371,181681,Organic Nonfat Milk,16,10.79
6785,2298,99831,"Muffins, Mini, Flax, Chocolate Brownie",3,8.0
6786,44035,172327,Organic Chickpeas Ready To Eat,19,1.28
6787,24535,53052,Plain Whole Milk Yogurt,16,6.17
6787,38772,53052,Provolone,16,1.84
6787,42736,53052,Unsalted Butter,16,9.28
6787,18027,53052,Ezekiel 4:9 Bread Organic Sprouted Whole Grain,3,11.3
6789,48739,126472,Limited Edition Mini Trix Cereal,14,0.95
6789,7116,126472,Large Enriched Bread,3,2.99
6791,22089,10344,Vitamin D Milk,16,12.21
6792,14005,43987,Ultimate Caesar Salad Kit,4,1.9
6794,26094,60751,Krave Cereal Chocolate,14,5.73
6794,10819,60751,Original Craisins,19,8.5
6794,30696,60751,Eggo Homestyle Waffles,1,6.45
6794,3285,60751,Strawberry Squeeze Fruit Spread,13,9.07
6796,5258,183918,Sparkling Water,7,10.95
6797,42736,161912,Unsalted Butter,16,9.28
6798,26209,144638,Limes,4,4.37
6800,45007,71154,Organic Zucchini,4,5.08
6801,38439,136419,Mara Natha Organic Peanut Butter Creamy,13,12.09
6802,37067,168731,Organic Banana,4,10.85
6803,4006,187387,Hazelnut Spread With Skim Milk & Cocoa,13,4.62
6803,12312,187387,Lavender Hand Soap,11,11.33
6805,39359,87706,Goji & Acai Green Superfood Drink Powder,11,12.36
6806,34969,149645,Red Vine Tomato,4,9.25
6806,32757,149645,Quiche Lorraine,20,3.08
6808,36086,199004,Philadelphia Original Cream Cheese,16,2.08
6809,8057,65749,Organic Chicken & Mozzarella Ravioli,9,8.71
6810,22242,152409,Swirl Bread Cinnamon,3,1.7
6811,8910,19741,Smooth Almond Butter,13,2.04
6812,20842,143423,Total 0% Greek Yogurt,16,9.2
6812,26604,143423,Organic Blackberries,4,8.08
6815,21506,33780,Organic Raisin Bran Cereal,14,2.69
6816,41999,68981,Cut Tulips (Choose Color),4,1.99
6816,781,68981,Organic Shredded Mild Cheddar,16,2.78
6816,1025,68981,Organic Fresh Basil,4,11.34
6818,45064,74295,Honey Wheat Bread,3,1.52
6822,10603,175453,93% Ground Beef,12,3.6
6822,48682,175453,Sauerkraut,13,6.08
6822,33602,175453,Sweet White Miso,6,4.46
6824,18027,170829,Ezekiel 4:9 Bread Organic Sprouted Whole Grain,3,11.3
6824,39509,170829,Organic Sunny Citrus Bunny Fruit Snacks,19,8.41
6826,36968,183176,Organics Big Bird's Apple 100% Juice,7,4.85
6829,45007,34875,Organic Zucchini,4,5.08
6829,23015,34875,Breaded Chicken Nuggets Family Pack,1,3.17
6830,33624,49211,Splash Tropical Blend Juice,7,10.7
6830,38318,49211,Original Flavor Instant Oatmeal,14,8.98
6831,11212,74165,Apple Blueberry Fruit Yogurt Smoothie,18,11.52
6831,35176,74165,Cream Cheese Cream Cheese Spread,16,3.27
6832,30928,199027,Organic Gluten Free Yellow Cornmeal,13,2.92
6834,5013,61115,Nutty for 'Nana Low-Fat Greek Yogurt,16,9.29
6834,16754,61115,Flip PB&J Low-Fat Greek Yogurt,16,4.76
6834,2968,61115,Honey Thats Nuts,21,6.18
6834,33466,61115,Heat & Serve Sweet Potato,4,4.2
6834,3614,61115,Foldit 5 Grain Flax Flatbread,3,6.19
6835,36070,95767,"Super Spinach! Baby Spinach, Baby Bok Choy, Sweet Baby Kale",4,4.34
6835,39977,95767,Pumpkin & Spinach Stage 2 Baby Food,18,9.44
6835,27061,95767,Sweet Potato Apple Stage 2 Baby Food,18,2.61
6836,7854,203194,Freeze Dried Mango Slices,19,9.01
6838,3960,132066,Quietude Quick Dissolving Tablets,2,6.29
6838,49026,132066,Plain Almond Milk Yogurt,16,12.26
6838,33537,132066,Fig And Olive Spread,20,6.35
6839,4006,65310,Hazelnut Spread With Skim Milk & Cocoa,13,4.62
6839,26209,65310,Limes,4,4.37
6843,5450,33785,Small Hass Avocado,4,5.77
6843,46802,33785,Pineapple Chunks,1,6.76
6843,26629,33785,Cherry Pie Fruit & Nut Bar,19,1.38
6844,260,76470,Cantaloupe,4,3.01
6844,13115,76470,Natural Squeeze Grape Spread,13,0.96
6844,10919,76470,Original Meatballs,1,9.14
6846,16490,165292,Old Fashioned Whole Wheat Bread,3,1.52
6846,38274,165292,Ice Cream Sandwiches Vanilla,1,7.17
6846,40310,165292,Oven Roasted Turkey Breast,20,8.23
6846,22504,165292,Organic Mountain Forest Amber Honey,13,2.16
6847,26209,149844,Limes,4,4.37
6847,43768,149844,Organic Bell Pepper,4,2.4
6850,16647,174041,Double Duty Advanced Odor Control Clumping Cat Litter,8,12.15
6852,39024,143009,Edamame In Pod,1,5.6
6855,41870,27414,Mexican Chocolate Yogurt,21,5.55
6856,37067,189993,Organic Banana,4,10.85
6856,49332,189993,Split Chicken Breast,12,9.35
6856,427,189993,Italian Style Panko Breadcrumbs,13,10.71
6856,39509,189993,Organic Sunny Citrus Bunny Fruit Snacks,19,8.41
6857,34321,129992,Original Pepperoni,20,2.51
6857,31564,129992,Crackers,19,1.11
6859,39408,170248,Gala Apples,4,4.03
6859,35939,170248,Organic Jalapeno Pepper,4,9.93
6859,26209,170248,Limes,4,4.37
6860,936,169912,Butterfinger Smooth & Crunchy Peanut Butter Cups,19,1.43
6860,3318,169912,Cinnamon Swirl Raisin Bread,3,4.94
6864,34568,42208,Bourbon Kentucky Frontier Whiskey,5,8.27
6866,31890,200008,Healthy Dark Chocolate,19,9.41
6866,26209,200008,Limes,4,4.37
6867,26604,202713,Organic Blackberries,4,8.08
6867,28745,202713,Oven Roasted Turkey,20,7.99
6867,5600,202713,Fig Bar,19,7.33
6868,10603,195916,93% Ground Beef,12,3.6
6868,46802,195916,Pineapple Chunks,1,6.76
6868,47893,195916,Steel Cut Irish Oatmeal,14,4.81
6874,41597,40092,Organic Jumbo Eggs,16,10.21
6874,33120,40092,Organic Egg Whites,16,5.33
6875,28465,178852,Icelandic Style Skyr Blueberry Non-fat Yogurt,16,8.32
6875,45566,178852,Clean Up Cleaner with Bleach Fresh Scent,17,12.39
6877,48595,198873,Organic Wheat Square Crackers,19,9.0
6877,35383,198873,Classic White Bread,3,6.03
6881,8348,77269,Organic Red Seedless Grapes,4,2.35
6887,28745,192831,Oven Roasted Turkey,20,7.99
6887,46802,192831,Pineapple Chunks,1,6.76
6887,26209,192831,Limes,4,4.37
6887,44570,192831,Kale Greens,4,4.15
6887,890,192831,Organic Diced Tomatoes,15,1.35
6888,16759,186161,Organic Carrot Bunch,4,4.17
6889,34969,93465,Red Vine Tomato,4,9.25
6891,18881,61176,Coconut Milk Vanilla Frozen Dessert,1,2.62
6893,45007,79005,Organic Zucchini,4,5.08
6895,41999,22674,Cut Tulips (Choose Color),4,1.99
6895,26209,22674,Limes,4,4.37
6896,7963,102296,Gluten Free Whole Grain Bread,1,4.53
6901,260,144744,Cantaloupe,4,3.01
6901,36315,144744,Low Fat Split Pea Soup,15,12.38
6901,20670,144744,Organic Lentil Vegetable Soup,15,10.83
6901,46820,144744,Vanilla Pure Almond Milk,16,11.94
6901,45007,144744,Organic Zucchini,4,5.08
6902,41602,50435,Deli Select Ultra Thin Honey Ham,20,4.95
6902,33956,50435,Mighty Mango Juice Smoothie,7,7.47
6903,14140,162714,Ultra Soft & Strong,17,1.65
6908,3260,149326,Chips Ahoy!/Nutter Butter/Oreo Cookies,19,8.29
6908,31394,149326,100 Calorie Pretzels Packs,19,2.57
6910,38556,35169,Shreds Finely Shredded Monterey Jack Cheese,16,3.68
6910,14394,35169,"Hello Morning Blueberry, Banana & Quinoa Oatmeal",18,5.91
6911,38405,92354,Organix Grain Free Chicken Paté Cat Food,8,12.29
6911,14371,92354,Organic Nonfat Milk,16,10.79
6911,19938,92354,Extra Wide Egg Noodles,9,2.68
6918,36735,165317,Organic Roasted Sliced Chicken Breast,20,10.42
6919,13511,111299,Low Fat Strawberry Yogurt Bars,1,1.31
6919,37630,111299,Boneless & Skinless Wild Alaskan Sockeye Salmon,15,2.83
6919,35607,111299,Light in Sodium Country Cheddar Bowl,1,4.17
6919,37355,111299,Organic Extra Virgin Coconut Oil,13,1.06
6919,40310,111299,Oven Roasted Turkey Breast,20,8.23
6922,7898,177718,Ginger Beer,7,2.12
6922,1117,177718,Turkey Bacon,12,11.85
6922,4006,177718,Hazelnut Spread With Skim Milk & Cocoa,13,4.62
6924,41716,70312,Jalapeno,19,11.83
6925,38456,128624,Large Grapefruit,4,3.38
6925,26209,128624,Limes,4,4.37
6925,45007,128624,Organic Zucchini,4,5.08
6926,35042,108805,Black Beans,15,5.95
6926,8725,108805,Pure Granulated Sugar,13,8.67
6928,46802,78627,Pineapple Chunks,1,6.76
6930,48595,104853,Organic Wheat Square Crackers,19,9.0
6930,45866,104853,Fig Newmans Fruit Filled Cookies,19,2.46
6931,1000,176290,Apricots,10,1.27
6933,25552,195268,Organic Steel Cut Oats,14,4.64
6934,25648,183051,Chipotle Lime Mayo,13,1.09
6934,45139,183051,Honey Mustard Avocado Oil Dressing,13,2.05
6934,17526,183051,70% Dark Chocolate Salted Almond Bar,19,7.64
6934,8138,183051,Traditional Hummus,20,2.75
6934,22290,183051,Organic Chai Tea Bags,7,5.1
6937,33120,84096,Organic Egg Whites,16,5.33
6939,10369,12132,Organic Genoa Salami,20,2.35
6939,13431,12132,Flaky Biscuits,13,1.83
6939,26604,12132,Organic Blackberries,4,8.08
6939,26209,12132,Limes,4,4.37
6939,27044,12132,Maple Almond Butter,13,8.9
6939,31912,12132,Avocado Oil,13,1.61
6940,3081,42935,"Organic Creamies Strawberry, Raspberry & Carrot Freeze-Dried Fruit Snacks",18,1.21
6940,2452,42935,Naturals Chicken Nuggets,1,1.24
6941,45007,116061,Organic Zucchini,4,5.08
6942,45007,41739,Organic Zucchini,4,5.08
6943,34969,118815,Red Vine Tomato,4,9.25
6946,37538,161579,Organic Sweet Pea,4,3.61
6952,37055,110698,Organic Cheesy Ravioli,15,10.77
6959,47966,127427,Old Fashioned Rolled Oats,14,2.74
6959,45815,127427,Organic Florets Broccoli,1,12.12
6959,37067,127427,Organic Banana,4,10.85
6959,5072,127427,Dark Chocolate Raspberry Ice Cream Bars,1,3.54
6960,1940,3830,Organic 2% Reduced Fat Milk,16,1.23
6960,33021,3830,Reserve Cheddar Cheese,16,4.15
6961,9383,7415,Viva Big Roll White Paper Towels,17,12.26
6961,42972,7415,Natural Pure Sparkling Water,7,4.77
6962,13733,194089,Red Potatoes,4,4.73
6963,47966,189134,Old Fashioned Rolled Oats,14,2.74
6966,42669,142521,Frosted Strawberry Toaster Pastries,3,11.94
6969,7751,80445,Tomato Ketchup,13,1.99
6969,34969,80445,Red Vine Tomato,4,9.25
6970,43768,29561,Organic Bell Pepper,4,2.4
6970,14553,29561,Oats & Honey Granola,14,2.32
6972,12290,121607,Brie,16,10.11
6972,12312,121607,Lavender Hand Soap,11,11.33
6974,22504,160667,Organic Mountain Forest Amber Honey,13,2.16
6975,10603,43107,93% Ground Beef,12,3.6
6976,18721,85454,"Baked Rice and Corn Puffs, Aged White Cheddar",19,2.22
6978,1940,117595,Organic 2% Reduced Fat Milk,16,1.23
6978,32888,117595,Simply Clean Baby Wipes,18,11.78
6981,890,113670,Organic Diced Tomatoes,15,1.35
6981,25199,113670,Classic Chicken Salad,20,4.26
6984,13249,132069,Skim Milk,16,9.33
6984,45566,132069,Clean Up Cleaner with Bleach Fresh Scent,17,12.39
6984,38996,132069,Grape Tomatoes,4,4.64
6984,26665,132069,Tandoor Baked Naan,3,8.66
6984,24578,132069,Seasoned Rice Vinegar,6,2.04
6984,5436,132069,Diced Green Chiles,15,4.12
6984,26172,132069,Light Sour Cream,16,7.26
6984,48527,132069,Avocado,4,12.54
6985,3318,97899,Cinnamon Swirl Raisin Bread,3,4.94
6985,19246,97899,Cranberry Juice Drink,7,4.38
6985,6178,97899,Apple Pie,3,8.28
6985,6473,97899,Bag of Lemons,4,6.98
6985,35948,97899,Tonic Water,7,7.7
6986,7598,163515,Organic Unsweetened Creamy Cashewmilk,16,8.56
6986,29894,163515,Organic Dark Brown Sugar,13,7.64
6988,7963,89672,Gluten Free Whole Grain Bread,1,4.53
6989,21683,185581,Organic Multigrain English Muffins,3,7.64
6989,42736,185581,Unsalted Butter,16,9.28
6994,10258,165930,Pistachios,19,9.49
6995,13249,78526,Skim Milk,16,9.33
6996,18963,57654,Apple Cider Vinegar,13,9.67
6998,34969,41117,Red Vine Tomato,4,9.25
6998,45007,41117,Organic Zucchini,4,5.08
6998,37003,41117,"Organic Apples, Carrots and Parsnips Puree",18,5.87
6998,46807,41117,"Bananas, Raspberries & Oats Organic Baby Food",18,8.95
6999,35425,115758,Gluten Free Brown Rice English Muffins 6 ct,3,11.37
7002,6020,122352,Organic Crushed Red Pepper,13,8.11
7003,4518,90652,Organic Pomegranate,4,0.94
7003,35939,90652,Organic Jalapeno Pepper,4,9.93
7004,26209,88119,Limes,4,4.37
7004,45007,88119,Organic Zucchini,4,5.08
7004,34969,88119,Red Vine Tomato,4,9.25
7005,33385,114204,"Preserves, Strawberry",13,5.53
7008,890,197956,Organic Diced Tomatoes,15,1.35
7009,11673,120694,Mild Diced Green Chiles Fire Roasted,15,12.52
7009,36315,120694,Low Fat Split Pea Soup,15,12.38
7010,26604,102403,Organic Blackberries,4,8.08
7011,28785,122437,Organic Tahini,13,8.89
7011,16145,122437,Organic Cannellini Beans,15,5.1
7011,26209,122437,Limes,4,4.37
7011,22828,122437,Sea Salt Caramel Ice Cream,1,5.04
7011,43304,122437,Chipotle Chicken Burrito,1,10.38
7012,44375,141094,Canned Aranciata Orange,7,3.21
7013,26209,197686,Limes,4,4.37
7013,17804,197686,"Pure, All-Natural Clam Juice",15,10.47
7013,42736,197686,Unsalted Butter,16,9.28
7014,12290,7934,Brie,16,10.11
7014,40310,7934,Oven Roasted Turkey Breast,20,8.23
7018,7364,166366,Red Mild Enchilada Sauce,6,9.87
7018,29752,166366,Gluten Free Foods Granola,14,8.74
7020,12276,51894,Chocolate Chip Cookie Dough Ice Cream,1,8.4
7020,38164,51894,Almonds & Sea Salt in Dark Chocolate,19,9.32
7020,39408,51894,Gala Apples,4,4.03
7021,39046,68364,Smok Cured Turkey Bacon,12,6.84
7022,14870,90815,Icelandic Style Fat Free Plain Yogurt,16,4.27
7022,46584,90815,YoKids Blueberry & Strawberry/Vanilla Yogurt,16,8.82
7022,47866,90815,Jalapeno Potato Chips,19,12.02
7024,10603,149854,93% Ground Beef,12,3.6
7026,30696,156511,Eggo Homestyle Waffles,1,6.45
7026,22290,156511,Organic Chai Tea Bags,7,5.1
7028,43875,194620,Baby Food Stage 2 Blueberry Pear & Purple Carrot,18,6.11
7029,48739,55168,Limited Edition Mini Trix Cereal,14,0.95
7030,38558,134651,Organic Low Fat Cottage Cheese,16,9.47
7030,17694,134651,Chocolate Pu Erh Tea 16 ct,7,0.85
7030,6980,134651,Toma,16,10.85
7031,47630,195941,Medium Navel Orange,4,5.6
7031,5450,195941,Small Hass Avocado,4,5.77
7033,43192,22927,Dark with 70% Cacao Content Organic Chocolate Bar,19,5.04
7035,2664,89930,First Prunes,18,3.44
7037,43772,94413,Cherubs Heavenly Salad Tomatoes,4,1.15
7037,40310,94413,Oven Roasted Turkey Breast,20,8.23
7038,43183,54500,Deli Fresh Shaved Smoked Turkey Breast,20,12.45
7038,29020,54500,Whiskey,5,10.04
7039,16759,169857,Organic Carrot Bunch,4,4.17
7043,926,65654,Crispy Thin Crust White Pizza,1,7.03
7045,16647,119312,Double Duty Advanced Odor Control Clumping Cat Litter,8,12.15
7045,18127,119312,Sweeper Wet Mopping Pad Refills Open Window Fresh Scent Surface Care,17,10.39
7046,13851,61638,Organic Classic Sea Salt  Oven Crinkles Fries,1,4.93
7046,37720,61638,Quilted Napkins,17,6.42
7050,26209,66846,Limes,4,4.37
7053,6069,51197,Maple Pumpkin Seeds with Sea Salt Chewy with a Crunch Granola Bars,19,7.32
7054,41860,63271,Sea Salt Baked Potato Chips,19,5.7
7055,10388,114551,Classic Mixed Vegetables,1,11.96
7055,37940,114551,Original Strawberry Low Fat Yogurt,16,12.55
7056,45081,20029,Gluten-Free Pancake Mix,14,11.26
7057,30018,94572,Prime Filets Turkey Dinner In Gravy,8,6.97
7058,781,90221,Organic Shredded Mild Cheddar,16,2.78
7058,17789,90221,Soy Free Buttery Spread,16,11.19
7059,26209,150840,Limes,4,4.37
7062,5258,30883,Sparkling Water,7,10.95
7063,10603,163637,93% Ground Beef,12,3.6
7064,20899,25466,Goo Berry Pie Probugs Kefir,16,6.29
7064,26604,25466,Organic Blackberries,4,8.08
7064,24830,25466,Organic Romaine,4,10.27
7065,46820,54624,Vanilla Pure Almond Milk,16,11.94
7068,46562,157556,Sweet & Salty Nut Granola Bars Peanut,19,3.56
7068,45051,157556,Pub Mix,19,8.23
7069,47802,82086,Organic Chicken Breast,12,1.16
7070,1940,180489,Organic 2% Reduced Fat Milk,16,1.23
7070,31608,180489,Minis Candy,19,5.84
7071,30415,129127,"Truffle, Sea Salt",19,6.37
7071,22658,129127,Organic Curry Powder,13,9.64
7071,17694,129127,Chocolate Pu Erh Tea 16 ct,7,0.85
7072,25542,36138,"Orzo, No. 65",9,0.92
7076,42736,62408,Unsalted Butter,16,9.28
7079,44570,147397,Kale Greens,4,4.15
7080,26177,179912,Organic Honey Nut O's Cereal,14,3.76
7081,35134,66628,Epsom Salt Soaking Solution Soothe & Sleep,11,8.33
7083,1940,22274,Organic 2% Reduced Fat Milk,16,1.23
7084,13431,88325,Flaky Biscuits,13,1.83
7085,260,32248,Cantaloupe,4,3.01
7085,12515,32248,Lychee,4,11.97
7086,10849,51439,Hickory Smoked Ham,20,8.93
7086,43768,51439,Organic Bell Pepper,4,2.4
7087,33624,167193,Splash Tropical Blend Juice,7,10.7
7087,24425,167193,"Freshly made pasta, rich meat sauce and Real Mozzarella cheese Lasagna with Meat & Sauce",1,8.56
7087,7786,167193,Marketplace  Asparagus & Cheese Ravioli,1,9.43
7091,30353,141736,Curate Cherry Lime Sparkling Water,7,1.86
7092,16908,186630,Jacob's Wonderbar Dark Roast,7,11.01
7094,45007,170768,Organic Zucchini,4,5.08
7094,36070,170768,"Super Spinach! Baby Spinach, Baby Bok Choy, Sweet Baby Kale",4,4.34
7095,1194,175294,Natural Artisan Water,7,7.42
7095,33911,175294,Zero Calorie Cream Soda,7,7.55
7095,6999,175294,Organic Fresh Pressed Pure Lemon Juice,7,7.32
7095,26209,175294,Limes,4,4.37
7097,34969,63864,Red Vine Tomato,4,9.25
7098,12974,141936,Organic Horseradish Mustard,13,5.38
7099,22124,27,Total 0% Raspberry Yogurt,16,9.08
7099,30908,27,Teriyaki Turkey Jerky,19,11.95
7101,28990,197905,Curly Parsley Bunch,4,6.7
7102,5115,70687,Organic Medium Brown Eggs,16,11.44
7108,43409,172083,Frosted Mini-Wheats Original Cereal,14,12.46
7109,28946,27754,Yogurt Tubes Blueberry,16,0.9
7112,26604,17994,Organic Blackberries,4,8.08
7113,5450,25834,Small Hass Avocado,4,5.77
7113,47630,25834,Medium Navel Orange,4,5.6
7113,16759,25834,Organic Carrot Bunch,4,4.17
7113,45007,25834,Organic Zucchini,4,5.08
7113,11432,25834,Chopped Kale,4,9.06
7113,27796,25834,Real Mayonnaise,13,0.97
7113,19176,25834,Chocolate Chip Mini Cookies,19,7.12
7114,26209,187900,Limes,4,4.37
7116,31727,114527,"Organic Tomato Paste, No Salt Added",15,10.09
7116,49519,114527,Raspberry Essence Water,7,10.84
7118,15273,142254,Organic Jumbo Grade A Pastured Eggs,16,5.15
7119,16630,150289,Cough & Chest Congestion Chestal Honey Cough Syrup,11,2.93
7120,18721,149828,"Baked Rice and Corn Puffs, Aged White Cheddar",19,2.22
7121,46807,77450,"Bananas, Raspberries & Oats Organic Baby Food",18,8.95
7124,23783,193879,"Almond Coconut Bar, Organic",19,2.09
7126,5013,34680,Nutty for 'Nana Low-Fat Greek Yogurt,16,9.29
7126,27415,34680,Great Northern Beans,15,7.65
7126,36810,34680,Original Pancake and Baking Mix,14,5.95
7129,18094,72805,Organic Creamy Deluxe Macaroni Dinner Rotini & White Cheddar Sauce,9,3.66
7129,35383,72805,Classic White Bread,3,6.03
7130,3836,126043,Spinach And Artichoke Hummus,20,6.73
7133,22124,63353,Total 0% Raspberry Yogurt,16,9.08
7133,1199,63353,YoTot Organic Raspberry Pear Yogurt,16,7.17
7133,12276,63353,Chocolate Chip Cookie Dough Ice Cream,1,8.4
7133,38456,63353,Large Grapefruit,4,3.38
7133,46992,63353,Real Cheddar Baked Cheese Puffs,19,3.16
7135,38274,192029,Ice Cream Sandwiches Vanilla,1,7.17
7136,7116,158326,Large Enriched Bread,3,2.99
7138,42404,38756,Multi Grain Waffles,1,12.48
7138,26604,38756,Organic Blackberries,4,8.08
7140,3318,117330,Cinnamon Swirl Raisin Bread,3,4.94
7140,4006,117330,Hazelnut Spread With Skim Milk & Cocoa,13,4.62
7140,32259,117330,Red Globe Grapes,4,9.24
7140,31564,117330,Crackers,19,1.11
7141,39127,80946,Classic Crust Pepperoni Pizza,1,6.67
7141,13249,80946,Skim Milk,16,9.33
7141,20910,80946,Goldfish Dory,19,11.5
7145,41363,205471,Tofu Spring Roll,20,2.74
7146,14371,60932,Organic Nonfat Milk,16,10.79
7147,890,60067,Organic Diced Tomatoes,15,1.35
7148,1940,111550,Organic 2% Reduced Fat Milk,16,1.23
7148,26604,111550,Organic Blackberries,4,8.08
7148,34969,111550,Red Vine Tomato,4,9.25
7150,40198,145874,Blueberry Yoghurt,16,8.81
7151,31517,116578,"A Zesty Tomato Sauce Combined with Garlic, Onion and Basil Marinara Sauce",9,8.25
7151,20915,116578,Mozzarella Light Low Moisture Part Skim String Cheese,16,3.56
7151,28438,116578,Pork Jerky Grilled Sweet Teriyaki,19,7.87
7151,12333,116578,Milk Chocolate Minatures,19,5.41
7152,18027,136393,Ezekiel 4:9 Bread Organic Sprouted Whole Grain,3,11.3
7152,32463,136393,Olive Oil & Aloe Vera Hand Soap,11,4.26
7153,22972,71714,Carpet and Room Freshener Clean Linen Scent,17,3.43
7153,47866,71714,Jalapeno Potato Chips,19,12.02
7154,30928,196761,Organic Gluten Free Yellow Cornmeal,13,2.92
7154,34974,196761,Baby Mum-Mum Banana  Rice Rusks,18,5.26
7154,42345,196761,Baby Food Pouch - Roasted Carrot Spinach & Beans,18,4.39
7156,43044,176886,Shirataki Rice,9,1.8
7158,30827,119435,Seedless Cucumbers,4,5.22
7159,39408,80483,Gala Apples,4,4.03
7160,48595,49240,Organic Wheat Square Crackers,19,9.0
7160,27662,49240,Large Grade AA Cage Free Eggs,16,11.86
7161,40268,173603,Organic Wheat-Free & Gluten-Free Original Crackers,19,3.71
7161,46820,173603,Vanilla Pure Almond Milk,16,11.94
7165,32115,77541,93/7 Ground Beef,2,12.26
7165,35042,77541,Black Beans,15,5.95
7165,5450,77541,Small Hass Avocado,4,5.77
7165,26209,77541,Limes,4,4.37
7165,8460,77541,Hearty Thick Cut Bacon,12,5.7
7170,47630,5285,Medium Navel Orange,4,5.6
7170,46584,5285,YoKids Blueberry & Strawberry/Vanilla Yogurt,16,8.82
7170,41488,5285,Chocolate Milk,16,4.77
7170,42110,5285,Organic Macaroni Shells & Real Aged Cheddar,9,12.09
7174,45674,86837,Antioxidant Infusions Molokai Coconut,7,11.19
7174,7854,86837,Freeze Dried Mango Slices,19,9.01
7174,25,86837,Salted Caramel Lean Protein & Fiber Bar,19,5.44
7175,32727,50929,Reduced Fat 4 Cheese Mexican Shredded Cheese,16,5.27
7175,45007,50929,Organic Zucchini,4,5.08
7175,260,50929,Cantaloupe,4,3.01
7176,35383,181206,Classic White Bread,3,6.03
7179,3464,112229,"Organic Butterhead (Boston, Butter, Bibb) Lettuce",4,9.0
7180,8638,149713,Vanilla Milk Chocolate Almond Ice Cream Bars,1,8.33
7182,5450,203595,Small Hass Avocado,4,5.77
7182,46656,203595,Butter Microwave Popcorn,19,2.35
7184,3913,177418,Original Unfiltered Ginger Ale,7,2.84
7184,26209,177418,Limes,4,4.37
7184,6980,177418,Toma,16,10.85
7184,37067,177418,Organic Banana,4,10.85
7185,260,46245,Cantaloupe,4,3.01
7186,48527,163506,Avocado,4,12.54
7186,29397,163506,Chickpeas! Penne Pasta,9,4.64
7186,32727,163506,Reduced Fat 4 Cheese Mexican Shredded Cheese,16,5.27
7186,45607,163506,Butter Cooking Spray,13,3.56
7186,31387,163506,Natural Almonds 100 Calorie Packs,19,12.4
7186,42388,163506,Essentials Organic Mighty Greens Juice,7,8.34
7186,20842,163506,Total 0% Greek Yogurt,16,9.2
7188,45007,139768,Organic Zucchini,4,5.08
7190,42796,158965,Broccoli Pot Pie With Cheddar Cheese Sauce,1,6.75
7193,6104,163409,Whole Milk Plain Yogurt,16,1.76
7193,45007,163409,Organic Zucchini,4,5.08
7194,43875,110487,Baby Food Stage 2 Blueberry Pear & Purple Carrot,18,6.11
7196,1940,126625,Organic 2% Reduced Fat Milk,16,1.23
7196,8143,126625,Baker's Pure Cane Ultrafine Sugar,13,6.42
7196,49397,126625,CopperTop AAA Alkaline,17,11.62
7196,21240,126625,Orange Sports Drink,7,6.71
7196,18077,126625,Maximum Strength 150mg Tablets Acid Reducer,11,3.17
7197,41602,88697,Deli Select Ultra Thin Honey Ham,20,4.95
7197,2535,88697,Shaved Parmesan,16,9.81
7197,37066,88697,Original Cherry Orchard Yogurt,16,9.7
7198,30727,169567,Vanilla Almond Fit Granola,14,7.19
7201,5115,74411,Organic Medium Brown Eggs,16,11.44
7203,10369,55441,Organic Genoa Salami,20,2.35
7204,10603,104119,93% Ground Beef,12,3.6
7209,43768,103509,Organic Bell Pepper,4,2.4
7209,13733,103509,Red Potatoes,4,4.73
7210,1397,165813,Wellness Formula Herbal Defense Complex,11,6.37
7210,14267,165813,Organic Refried Black Beans,15,9.37
7216,35948,74290,Tonic Water,7,7.7
7218,30727,152365,Vanilla Almond Fit Granola,14,7.19
7218,25937,152365,Semi Soft Part-Skim Slices,16,9.92
7218,40268,152365,Organic Wheat-Free & Gluten-Free Original Crackers,19,3.71
7218,45007,152365,Organic Zucchini,4,5.08
7220,6729,14453,Cookie Tray,3,9.56
7223,35470,201648,Water Mineral,7,11.28
7226,37460,14160,No Sugar Added Variety Fruit Bars,1,5.99
7226,19171,14160,100% Lactose Free Organic 2% Reduced Fat Milk,16,9.21
7226,1940,14160,Organic 2% Reduced Fat Milk,16,1.23
7227,26209,39068,Limes,4,4.37
7229,22920,19464,Roasted & Salted Shelled Pistachios,19,7.88
7229,20463,19464,Organic Fat-Free Milk,16,1.48
7230,40268,62508,Organic Wheat-Free & Gluten-Free Original Crackers,19,3.71
7232,5258,153481,Sparkling Water,7,10.95
7234,40310,205369,Oven Roasted Turkey Breast,20,8.23
7237,47631,80988,Original Vegetable Oil Spread,16,10.49
7237,23874,80988,Kosher Recipe Secrets Soup & Dip Mix Onion,15,5.42
7238,1219,23566,Grapes,4,9.7
7238,37067,23566,Organic Banana,4,10.85
7238,12126,23566,Chopped Baby Spinach,1,2.99
7239,23554,83934,Organic Vanilla Bean Ice Cream,1,6.65
7239,46958,83934,Org Romaine Hearts 3 Pk,4,2.81
7241,35065,103419,Orange Strawberry Banana Juice,7,2.03
7243,16145,61105,Organic Cannellini Beans,15,5.1
7243,41806,61105,Organic Greek Whole Milk Blended Strawberry Yogurt,16,7.97
7243,6104,61105,Whole Milk Plain Yogurt,16,1.76
7243,4809,61105,Greek Whole Milk Blended Blueberry Yogurt,16,6.38
7243,14267,61105,Organic Refried Black Beans,15,9.37
7243,49248,61105,Organic Farro,9,10.26
7243,38558,61105,Organic Low Fat Cottage Cheese,16,9.47
7243,26168,61105,Newman O's Creme Filled Mint Chocolate Cookies,19,5.37
7246,16759,31219,Organic Carrot Bunch,4,4.17
7247,40268,18683,Organic Wheat-Free & Gluten-Free Original Crackers,19,3.71
7247,20899,18683,Goo Berry Pie Probugs Kefir,16,6.29
7249,49247,163192,Coconut Yoghurt,16,4.8
7251,24830,20215,Organic Romaine,4,10.27
7251,10849,20215,Hickory Smoked Ham,20,8.93
7252,24830,168706,Organic Romaine,4,10.27
7255,7751,36176,Tomato Ketchup,13,1.99
7257,12955,130762,"Super Foods/Organic Apples, Spinach, Peas & Broccoli + Super Chia Snack Pouch",18,3.05
7258,45064,90578,Honey Wheat Bread,3,1.52
7258,41488,90578,Chocolate Milk,16,4.77
7258,18721,90578,"Baked Rice and Corn Puffs, Aged White Cheddar",19,2.22
7258,43875,90578,Baby Food Stage 2 Blueberry Pear & Purple Carrot,18,6.11
7259,40836,201359,Anaheim Pepper,4,2.23
7260,36070,127100,"Super Spinach! Baby Spinach, Baby Bok Choy, Sweet Baby Kale",4,4.34
7261,18027,175980,Ezekiel 4:9 Bread Organic Sprouted Whole Grain,3,11.3
7263,45866,162860,Fig Newmans Fruit Filled Cookies,19,2.46
7263,43875,162860,Baby Food Stage 2 Blueberry Pear & Purple Carrot,18,6.11
7263,18656,162860,Organic Red Potato,4,1.93
7267,33120,113565,Organic Egg Whites,16,5.33
7267,42796,113565,Broccoli Pot Pie With Cheddar Cheese Sauce,1,6.75
7268,1335,145217,Stage 1 Just Butternut Squash Baby Food,18,5.8
7269,25705,5758,Butterhead Lettuce,4,0.98
7270,3213,151083,Spicy Black Bean & Kale Organic Soup,15,1.63
7271,28990,12123,Curly Parsley Bunch,4,6.7
7272,42796,110467,Broccoli Pot Pie With Cheddar Cheese Sauce,1,6.75
7272,2962,110467,"Milk, Reduced Fat, 2% Milkfat",16,8.89
7272,46252,110467,Original Thin Rye Crispbread,19,7.26
7273,26209,167156,Limes,4,4.37
7273,42736,167156,Unsalted Butter,16,9.28
7273,29270,167156,Beet Apple Carrot Lemon Ginger Organic Cold Pressed Juice Beverage,7,5.56
7277,15842,114576,Dairy Free Coconut Milk Yogurt Alternative,16,7.67
7278,38164,60181,Almonds & Sea Salt in Dark Chocolate,19,9.32
7278,33741,60181,Gluten Free Classic Hamburger Buns,3,10.9
7279,37460,174445,No Sugar Added Variety Fruit Bars,1,5.99
7280,43772,24609,Cherubs Heavenly Salad Tomatoes,4,1.15
7282,13249,189175,Skim Milk,16,9.33
7283,47211,186129,Kettle Cooked Potato Chips Original,19,3.65
7284,26209,75745,Limes,4,4.37
7286,26209,79785,Limes,4,4.37
7286,47380,79785,New York Style Nova Lox,12,8.72
7287,13249,144386,Skim Milk,16,9.33
7287,14372,144386,Original 5-Cheese Pizza,1,2.88
7287,27796,144386,Real Mayonnaise,13,0.97
7287,19003,144386,Celery,4,5.68
7293,42736,174785,Unsalted Butter,16,9.28
7293,45007,174785,Organic Zucchini,4,5.08
7293,20869,174785,Yellow Potato,4,4.45
7295,34969,158482,Red Vine Tomato,4,9.25
7295,14486,158482,One Bun Multigrain Whole Grain Pita,3,6.73
7296,20842,64227,Total 0% Greek Yogurt,16,9.2
7300,7751,108228,Tomato Ketchup,13,1.99
7300,20708,108228,Traditional New England Clam Chowder Soup,15,8.29
7302,39408,181773,Gala Apples,4,4.03
7303,7751,45591,Tomato Ketchup,13,1.99
7303,33231,45591,Mild Lean Turkey Breakfast Sausage,12,5.38
7304,43772,160060,Cherubs Heavenly Salad Tomatoes,4,1.15
7305,38996,152310,Grape Tomatoes,4,4.64
7305,20463,152310,Organic Fat-Free Milk,16,1.48
7305,5450,152310,Small Hass Avocado,4,5.77
7306,36961,145244,Pink Cripps Apple,4,2.89
7306,26209,145244,Limes,4,4.37
7309,20842,125212,Total 0% Greek Yogurt,16,9.2
7309,38164,125212,Almonds & Sea Salt in Dark Chocolate,19,9.32
7309,30353,125212,Curate Cherry Lime Sparkling Water,7,1.86
7310,31215,99925,Lemon Yogurt,16,10.41
7310,43740,99925,Sparkling Probiotic Drink Coconut,7,10.33
7310,26209,99925,Limes,4,4.37
7313,45007,82896,Organic Zucchini,4,5.08
7314,38164,115089,Almonds & Sea Salt in Dark Chocolate,19,9.32
7315,13603,92963,Tarragon Chicken Salad,20,11.45
7319,42500,31241,Orange & Lemon Flavor Variety Pack Sparkling Fruit Beverage,7,6.51
7321,43772,49131,Cherubs Heavenly Salad Tomatoes,4,1.15
7322,5450,158655,Small Hass Avocado,4,5.77
7322,11766,158655,Organic Wheat-Free & Gluten-Free Onion Crackers,19,6.05
7322,26209,158655,Limes,4,4.37
7322,43192,158655,Dark with 70% Cacao Content Organic Chocolate Bar,19,5.04
7324,40171,183436,Organic Sweet Vanilla Bean Nutrition Complete Protein Shake,11,4.83
7325,35315,27900,Premium Green Tea,7,9.63
7325,5450,27900,Small Hass Avocado,4,5.77
7325,26604,27900,Organic Blackberries,4,8.08
7325,21206,27900,English Breakfast Black Tea,7,3.44
7329,34969,50791,Red Vine Tomato,4,9.25
7330,5450,81477,Small Hass Avocado,4,5.77
7330,44371,81477,Alaskan Salmon Burgers,1,11.21
7330,11233,81477,100% Whole Wheat Pre-Sliced Sandwich Thins,3,5.2
7331,7350,197610,Natural Lime Flavor Sparkling Mineral Water,7,1.88
7333,7963,53250,Gluten Free Whole Grain Bread,1,4.53
7333,13249,53250,Skim Milk,16,9.33
7335,17080,28483,Clementina Sparkling Beverage,7,5.69
7339,22089,11729,Vitamin D Milk,16,12.21
7339,20899,11729,Goo Berry Pie Probugs Kefir,16,6.29
7339,38772,11729,Provolone,16,1.84
7339,49424,11729,Cereal Honey Bears,13,8.25
7340,45007,42085,Organic Zucchini,4,5.08
7340,10603,42085,93% Ground Beef,12,3.6
7340,39462,42085,Long Grain White Rice,9,6.92
7340,26209,42085,Limes,4,4.37
7341,5258,78910,Sparkling Water,7,10.95
7345,1194,34514,Natural Artisan Water,7,7.42
7345,18027,34514,Ezekiel 4:9 Bread Organic Sprouted Whole Grain,3,11.3
7345,26209,34514,Limes,4,4.37
7346,36070,88090,"Super Spinach! Baby Spinach, Baby Bok Choy, Sweet Baby Kale",4,4.34
7348,20899,154107,Goo Berry Pie Probugs Kefir,16,6.29
7350,31801,16022,9 Inch Plates,17,4.1
7351,46820,14489,Vanilla Pure Almond Milk,16,11.94
7352,10603,49355,93% Ground Beef,12,3.6
7354,7533,142150,Low-Fat Strawberry Banana on the Bottom Greek Yogurt,16,6.64
7355,45007,179942,Organic Zucchini,4,5.08
7355,24830,179942,Organic Romaine,4,10.27
7356,24830,83253,Organic Romaine,4,10.27
7360,46584,99075,YoKids Blueberry & Strawberry/Vanilla Yogurt,16,8.82
7362,890,154014,Organic Diced Tomatoes,15,1.35
7362,49026,154014,Plain Almond Milk Yogurt,16,12.26
7368,12614,61396,Yellow Grape Tomatoes,4,1.39
7368,31394,61396,100 Calorie Pretzels Packs,19,2.57
7369,20842,83311,Total 0% Greek Yogurt,16,9.2
7369,16759,83311,Organic Carrot Bunch,4,4.17
7371,34969,52370,Red Vine Tomato,4,9.25
7371,7751,52370,Tomato Ketchup,13,1.99
7372,13249,95136,Skim Milk,16,9.33
7372,35176,95136,Cream Cheese Cream Cheese Spread,16,3.27
7372,38772,95136,Provolone,16,1.84
7375,36618,46177,"12\"" Aluminium Foil",17,6.84
7376,47141,35611,Cola,7,5.77
7378,46820,88988,Vanilla Pure Almond Milk,16,11.94
7381,45007,149706,Organic Zucchini,4,5.08
7382,27796,77364,Real Mayonnaise,13,0.97
7383,45007,182265,Organic Zucchini,4,5.08
7383,16759,182265,Organic Carrot Bunch,4,4.17
7384,26209,7911,Limes,4,4.37
7388,24830,203412,Organic Romaine,4,10.27
7389,27796,191070,Real Mayonnaise,13,0.97
7389,18963,191070,Apple Cider Vinegar,13,9.67
7390,8523,20463,Scoops,19,8.31
7390,48278,20463,Tonic Water Contains Quinine,7,4.49
7390,42240,20463,Ultra Soft Facial Tissues,17,12.0
7391,37067,41388,Organic Banana,4,10.85
7392,36735,33525,Organic Roasted Sliced Chicken Breast,20,10.42
7392,39509,33525,Organic Sunny Citrus Bunny Fruit Snacks,19,8.41
7392,26209,33525,Limes,4,4.37
7394,42110,159243,Organic Macaroni Shells & Real Aged Cheddar,9,12.09
7401,30461,63298,Organic Multigrain Mild Green Mojo Tortilla Chips,19,7.11
7404,39408,188112,Gala Apples,4,4.03
7404,44570,188112,Kale Greens,4,4.15
7405,26604,197533,Organic Blackberries,4,8.08
7408,5115,180826,Organic Medium Brown Eggs,16,11.44
7408,37538,180826,Organic Sweet Pea,4,3.61
7409,41602,134476,Deli Select Ultra Thin Honey Ham,20,4.95
7409,31564,134476,Crackers,19,1.11
7411,19173,167208,Orange Calcium & Vitamin D Pulp Free,7,11.11
7415,15732,163831,Fresh Cut French Style Green Beans,15,10.56
7419,35042,169654,Black Beans,15,5.95
7422,44570,4281,Kale Greens,4,4.15
7423,30353,202290,Curate Cherry Lime Sparkling Water,7,1.86
7424,9346,188741,"Organic Apple Cider Vinegar Drink, Concord Grape-Acai",7,5.67
7424,38456,188741,Large Grapefruit,4,3.38
7425,6729,128073,Cookie Tray,3,9.56
7428,37754,119842,Organic Blended Raspberry Whole Milk Greek Yogurt,16,4.34
7428,34079,119842,Oatmeal Blueberry & Hazelnut Cup,14,5.77
7428,30962,119842,Vanilla Greek Yogurt 0% Fat,16,12.25
7428,14870,119842,Icelandic Style Fat Free Plain Yogurt,16,4.27
7430,3318,80753,Cinnamon Swirl Raisin Bread,3,4.94
7432,48812,202229,Variety Pack,17,7.23
7433,35948,116739,Tonic Water,7,7.7
7434,10603,39786,93% Ground Beef,12,3.6
7434,260,39786,Cantaloupe,4,3.01
7434,46584,39786,YoKids Blueberry & Strawberry/Vanilla Yogurt,16,8.82
7435,2962,179569,"Milk, Reduced Fat, 2% Milkfat",16,8.89
7435,16647,179569,Double Duty Advanced Odor Control Clumping Cat Litter,8,12.15
7436,43772,60865,Cherubs Heavenly Salad Tomatoes,4,1.15
7436,1462,60865,Gallon Freezer Reclosable Bags,17,2.84
7436,16881,60865,Recaito,6,7.35
7439,45051,130803,Pub Mix,19,8.23
7445,43772,62191,Cherubs Heavenly Salad Tomatoes,4,1.15
7445,10849,62191,Hickory Smoked Ham,20,8.93
7446,34969,176640,Red Vine Tomato,4,9.25
7448,47141,176040,Cola,7,5.77
7448,40310,176040,Oven Roasted Turkey Breast,20,8.23
7450,13431,171125,Flaky Biscuits,13,1.83
7450,42105,171125,Compostable Basket Coffee Filters,7,1.83
7453,5068,55237,Cauliflower Florets,4,5.04
7454,12427,113066,Original Beef Jerky,19,3.08
7455,33741,44888,Gluten Free Classic Hamburger Buns,3,10.9
7458,35124,168231,Southwest Chopped Salad Kit with Dressing,4,6.97
7458,37536,168231,Taquitos Steak & Cheese,1,10.84
7458,14951,168231,Steamers Antioxidant Vegetable Blend,1,5.06
7460,46802,196421,Pineapple Chunks,1,6.76
7460,781,196421,Organic Shredded Mild Cheddar,16,2.78
7463,41363,36159,Tofu Spring Roll,20,2.74
7463,26209,36159,Limes,4,4.37
7465,16145,90170,Organic Cannellini Beans,15,5.1
7465,10369,90170,Organic Genoa Salami,20,2.35
7466,7163,127757,Grape Sports Drink,7,6.23
7466,32502,127757,Belgian Style Wheat Ale,5,1.66
7467,26209,29231,Limes,4,4.37
7468,33575,155371,Dairy Free French Vanilla Coconut Milk Creamer,16,8.48
7468,43772,155371,Cherubs Heavenly Salad Tomatoes,4,1.15
7470,20518,22728,"Club Delight Sausage, Egg, & Cheese Sandwiches",12,0.91
7471,18963,121684,Apple Cider Vinegar,13,9.67
7472,20518,185813,"Club Delight Sausage, Egg, & Cheese Sandwiches",12,0.91
7476,26209,151061,Limes,4,4.37
7476,19677,151061,Original Pure Creamy Almond Milk,16,6.4
7477,6567,128623,Chocolate Peanut Butter Protein Bar,19,4.83
7477,45007,128623,Organic Zucchini,4,5.08
7477,46584,128623,YoKids Blueberry & Strawberry/Vanilla Yogurt,16,8.82
7477,34974,128623,Baby Mum-Mum Banana  Rice Rusks,18,5.26
7480,39225,46163,Golden Fishless Filet,1,3.02
7480,12614,46163,Yellow Grape Tomatoes,4,1.39
7481,26209,195500,Limes,4,4.37
7481,35948,195500,Tonic Water,7,7.7
7481,4232,195500,"Ambrosia, Medium Roast",7,7.31
7481,27464,195500,Direct Trade House Blend Medium Roast Ground Coffee,7,11.02
7482,37355,202322,Organic Extra Virgin Coconut Oil,13,1.06
7483,36735,156292,Organic Roasted Sliced Chicken Breast,20,10.42
7484,34969,4216,Red Vine Tomato,4,9.25
7486,22242,184851,Swirl Bread Cinnamon,3,1.7
7486,44570,184851,Kale Greens,4,4.15
7488,18721,42831,"Baked Rice and Corn Puffs, Aged White Cheddar",19,2.22
7490,32781,149567,Gluten Free Sunrise Crunchy Maple Cereal,14,8.64
7490,2002,149567,"The \""World's Best\"" Veggie Burger",1,0.89
7492,12565,90699,Family Pack Beef & Bean Chimichangas,1,6.9
7492,37536,90699,Taquitos Steak & Cheese,1,10.84
7492,21562,90699,Naturally Rising Crust Canadian Style Bacon & Pineapple Pizza,1,11.99
7492,30910,90699,Double Stuf Golden Sandwich Cookies,19,5.49
7492,2151,90699,Classic Vanilla Ice Cream Sandwiches,1,4.9
7492,47391,90699,13 Gallon Tall Drawstring Garbage Bags,17,4.17
7492,40310,90699,Oven Roasted Turkey Breast,20,8.23
7493,9172,127687,Crepes,3,8.8
7493,34166,127687,Organic Shredded Parmesan,16,8.84
7496,17080,155638,Clementina Sparkling Beverage,7,5.69
7496,26604,155638,Organic Blackberries,4,8.08
7496,3090,155638,Very Berry Flavor Sparkling Mineral Water,7,3.56
7496,46847,155638,Quick Cooking Rolled Oats Irish Oatmeal,14,6.01
7496,33503,155638,Zucchini Banana & Amaranth Organic Baby Food,18,3.23
7498,33527,87026,Organic Classic Rich Crackers,19,7.46
7498,9807,87026,Organic Shells & White Cheddar Macaroni and Cheese,9,1.5
7500,43183,94707,Deli Fresh Shaved Smoked Turkey Breast,20,12.45
7500,7606,94707,Greek 100 Protein Vanilla Fat Free Yogurt,16,4.2
7501,34969,48123,Red Vine Tomato,4,9.25
7503,24830,49896,Organic Romaine,4,10.27
7503,260,49896,Cantaloupe,4,3.01
7503,26209,49896,Limes,4,4.37
7503,44375,49896,Canned Aranciata Orange,7,3.21
7504,45007,854,Organic Zucchini,4,5.08
7505,38266,26546,Fresh Basil,4,10.07
7505,12614,26546,Yellow Grape Tomatoes,4,1.39
7506,19677,149240,Original Pure Creamy Almond Milk,16,6.4
7506,24092,149240,Happy Cola Gummi Candy,19,10.59
7507,2493,197673,Wild Cherry Drink,7,6.21
7507,20281,197673,Scoops! Corn Snacks,19,3.94
7507,16389,197673,Café Domingo Medium Roast K Cups,7,11.71
7510,26604,111623,Organic Blackberries,4,8.08
7512,38456,101348,Large Grapefruit,4,3.38
7513,20842,76436,Total 0% Greek Yogurt,16,9.2
7515,28465,83061,Icelandic Style Skyr Blueberry Non-fat Yogurt,16,8.32
7515,28745,83061,Oven Roasted Turkey,20,7.99
7515,5450,83061,Small Hass Avocado,4,5.77
7516,12312,144179,Lavender Hand Soap,11,11.33
7517,890,182455,Organic Diced Tomatoes,15,1.35
7517,16145,182455,Organic Cannellini Beans,15,5.1
7518,33120,74197,Organic Egg Whites,16,5.33
7520,28745,197994,Oven Roasted Turkey,20,7.99
7520,1202,197994,Organic Whole Grain Oatmeal Cereal Baby Food,18,9.64
7520,5450,197994,Small Hass Avocado,4,5.77
7521,3631,90169,Organic Whole Milk French Vanilla Yogurt,16,1.49
7523,16145,96068,Organic Cannellini Beans,15,5.1
7524,43768,50246,Organic Bell Pepper,4,2.4
7524,1940,50246,Organic 2% Reduced Fat Milk,16,1.23
7524,38456,50246,Large Grapefruit,4,3.38
7524,33810,50246,Citrus Dish Soap,17,9.69
7533,10863,45311,Grain Free Turkey & Salmon Formula Cat Food,8,10.33
7534,39457,194934,Lotzza Motzza Pepperoni Pizza,1,9.18
7534,12159,194934,Light Red Raspberry Yogurt,16,3.56
7538,26209,96062,Limes,4,4.37
7540,48907,138499,Garden Salad Mix,4,4.02
7540,29648,138499,Buttermilk Ranch Dressing,13,10.99
7541,16759,166959,Organic Carrot Bunch,4,4.17
7543,12846,60595,Pomegranate Blackberry Probiotics Juice Drink,7,10.26
7543,10603,60595,93% Ground Beef,12,3.6
7543,12614,60595,Yellow Grape Tomatoes,4,1.39
7544,12955,72901,"Super Foods/Organic Apples, Spinach, Peas & Broccoli + Super Chia Snack Pouch",18,3.05
7545,11231,116923,Chicken Sesame Bbq Bar,19,5.94
7548,37068,157719,24/7 Performance Clumping Litter,8,4.35
7548,42003,157719,Tasty Treasures with Turkey & Cheese in Gravy Cat Food,8,7.32
7548,26209,157719,Limes,4,4.37
7549,2962,91045,"Milk, Reduced Fat, 2% Milkfat",16,8.89
7549,18027,91045,Ezekiel 4:9 Bread Organic Sprouted Whole Grain,3,11.3
7550,20385,76563,Raw Manuka Honey,13,8.39
7551,45007,184879,Organic Zucchini,4,5.08
7553,19173,77589,Orange Calcium & Vitamin D Pulp Free,7,11.11
7553,27275,77589,Pineapple Strawberry Sparkling Water,7,7.09
7553,30353,77589,Curate Cherry Lime Sparkling Water,7,1.86
7553,30696,77589,Eggo Homestyle Waffles,1,6.45
7553,8460,77589,Hearty Thick Cut Bacon,12,5.7
7554,38274,93770,Ice Cream Sandwiches Vanilla,1,7.17
7555,16759,133414,Organic Carrot Bunch,4,4.17
7555,45007,133414,Organic Zucchini,4,5.08
7555,48186,133414,Lactose Free Half & Half,16,9.32
7558,45619,10585,G Series Blueberry Pomegranate,7,10.08
7558,4006,10585,Hazelnut Spread With Skim Milk & Cocoa,13,4.62
7558,36086,10585,Philadelphia Original Cream Cheese,16,2.08
7558,16927,10585,Instant Rice Vermicelli Noodles,6,7.24
7562,45007,16866,Organic Zucchini,4,5.08
7565,26209,161290,Limes,4,4.37
7567,5450,162518,Small Hass Avocado,4,5.77
7567,45007,162518,Organic Zucchini,4,5.08
7568,43192,141627,Dark with 70% Cacao Content Organic Chocolate Bar,19,5.04
7569,14371,143368,Organic Nonfat Milk,16,10.79
7570,19677,87877,Original Pure Creamy Almond Milk,16,6.4
7570,20899,87877,Goo Berry Pie Probugs Kefir,16,6.29
7570,2664,87877,First Prunes,18,3.44
7570,3631,87877,Organic Whole Milk French Vanilla Yogurt,16,1.49
7570,26209,87877,Limes,4,4.37
7570,42110,87877,Organic Macaroni Shells & Real Aged Cheddar,9,12.09
7571,41124,111642,Ranch Potato Crisps,19,6.21
7571,26831,111642,Frosted Chocolate Fudge Pop-Tarts,14,6.3
7572,38456,43758,Large Grapefruit,4,3.38
7572,5068,43758,Cauliflower Florets,4,5.04
7573,43768,142185,Organic Bell Pepper,4,2.4
7573,45007,142185,Organic Zucchini,4,5.08
7574,36070,54957,"Super Spinach! Baby Spinach, Baby Bok Choy, Sweet Baby Kale",4,4.34
7574,1194,54957,Natural Artisan Water,7,7.42
7577,4962,151022,Yotoddler Organic Pear Spinach Mango Yogurt,16,10.68
7579,17021,92896,Baked Mini Beef Meatballs,1,9.94
7582,32387,50299,Roasted Garlic & Sweet Basil Sauce,9,4.13
7583,26604,144845,Organic Blackberries,4,8.08
7584,45007,163798,Organic Zucchini,4,5.08
7585,5013,2059,Nutty for 'Nana Low-Fat Greek Yogurt,16,9.29
7586,45007,4111,Organic Zucchini,4,5.08
7591,43029,204446,Egg Bagels,3,7.36
7591,39408,204446,Gala Apples,4,4.03
7591,3631,204446,Organic Whole Milk French Vanilla Yogurt,16,1.49
7591,1509,204446,"Nibblers, Mini-Ears of Extra Sweet Corn-on-the-Cob",1,2.82
7591,29153,204446,Classic Pizza Crust,13,8.07
7592,43768,169638,Organic Bell Pepper,4,2.4
7592,42736,169638,Unsalted Butter,16,9.28
7593,42110,85644,Organic Macaroni Shells & Real Aged Cheddar,9,12.09
7593,32211,85644,Whole Grains Oatnut Bread,3,8.78
7597,15354,150928,Goldfish Cheddar,19,9.39
7601,14371,93418,Organic Nonfat Milk,16,10.79
7608,42736,200434,Unsalted Butter,16,9.28
7608,45607,200434,Butter Cooking Spray,13,3.56
7608,28313,200434,Oatmeal Cookies,19,3.98
7608,44439,200434,Organic Supersweet Cut Corn,1,9.28
7608,17025,200434,Country Dijon Mustard,13,8.15
7609,6104,172855,Whole Milk Plain Yogurt,16,1.76
7609,34969,172855,Red Vine Tomato,4,9.25
7611,32211,160966,Whole Grains Oatnut Bread,3,8.78
7611,45886,160966,Tahini,13,1.78
7611,18653,160966,Super Shreds Superfood Brussels Sprouts,4,12.12
7611,13402,160966,Rich & Sassy Barbeque Sauce,13,3.19
7620,43772,159136,Cherubs Heavenly Salad Tomatoes,4,1.15
7621,14870,101294,Icelandic Style Fat Free Plain Yogurt,16,4.27
7621,43662,101294,"Yogurt, Strained Low-Fat, Coconut",16,11.87
7624,16113,75584,Organic Roots Veggie Chips,19,7.37
7631,39408,137121,Gala Apples,4,4.03
7631,34214,137121,Pesto Pizza,1,5.46
7632,1940,35198,Organic 2% Reduced Fat Milk,16,1.23
7632,30353,35198,Curate Cherry Lime Sparkling Water,7,1.86
7632,42972,35198,Natural Pure Sparkling Water,7,4.77
7634,260,77819,Cantaloupe,4,3.01
7635,6104,190103,Whole Milk Plain Yogurt,16,1.76
7636,35284,179211,Dark Chocolate Sugar Free Pudding Snacks,16,10.5
7636,31564,179211,Crackers,19,1.11
7637,17526,195142,70% Dark Chocolate Salted Almond Bar,19,7.64
7637,39661,195142,Authentic Pizza Sauce,9,7.95
7638,47965,104839,TLC Cherry Dark Chocolate Chewy Granola,19,7.49
7638,31334,104839,Chocolate Almond & Sea Salt with Chia Granola Bars,19,2.94
7638,34766,104839,Crunchy Oats 'n Dark Chocolate Granola Bars,19,8.88
7639,26209,171542,Limes,4,4.37
7642,24830,59577,Organic Romaine,4,10.27
7644,21278,70164,All Purpose Crushed Tomatoes,15,1.47
7644,39046,70164,Smok Cured Turkey Bacon,12,6.84
7644,9597,70164,Sweet Kale Chopped Salad,4,3.58
7645,14870,35073,Icelandic Style Fat Free Plain Yogurt,16,4.27
7645,34969,35073,Red Vine Tomato,4,9.25
7647,26604,118339,Organic Blackberries,4,8.08
7647,38456,118339,Large Grapefruit,4,3.38
7647,26209,118339,Limes,4,4.37
7648,2962,86954,"Milk, Reduced Fat, 2% Milkfat",16,8.89
7649,42736,134430,Unsalted Butter,16,9.28
7650,38558,39878,Organic Low Fat Cottage Cheese,16,9.47
7650,26604,39878,Organic Blackberries,4,8.08
7650,31461,39878,Cheese Tamale Verde,1,11.15
7650,42404,39878,Multi Grain Waffles,1,12.48
7651,4006,96854,Hazelnut Spread With Skim Milk & Cocoa,13,4.62
7652,41729,103983,Sweet Grape Tomatoes,4,10.48
7661,24535,158626,Plain Whole Milk Yogurt,16,6.17
7661,44570,158626,Kale Greens,4,4.15
7662,77,137927,Coconut Chocolate Chip Energy Bar,19,12.13
7663,22504,140950,Organic Mountain Forest Amber Honey,13,2.16
7664,42735,69947,Tomato Basil Soup,20,9.47
7667,42972,82150,Natural Pure Sparkling Water,7,4.77
7670,43223,95534,Spreadable Butter With Canola Oil,16,11.39
7672,20842,102455,Total 0% Greek Yogurt,16,9.2
7674,32757,159761,Quiche Lorraine,20,3.08
7675,14867,82483,Honey Bunny Grahams,19,3.63
7676,37067,114787,Organic Banana,4,10.85
7677,43183,75576,Deli Fresh Shaved Smoked Turkey Breast,20,12.45
7677,1117,75576,Turkey Bacon,12,11.85
7677,26209,75576,Limes,4,4.37
7678,10499,109052,"Jalapeno Nacho Slices, Mild",6,9.8
7678,5450,109052,Small Hass Avocado,4,5.77
7680,39814,55368,Hawaiian Style Teriyaki Chicken Bowl,1,4.39
7680,27796,55368,Real Mayonnaise,13,0.97
7681,19102,137393,White Albacore In Water Tuna,15,4.98
7681,43361,137393,Teriyaki Baste & Glaze,6,7.95
7682,25167,12711,All-Natural Harvest Grape Fruit Strip,19,8.25
7682,27690,12711,Apple Cinnamon GoGo Squeez,19,6.29
7682,48953,12711,Lettuce Medley,4,4.64
7684,26209,94503,Limes,4,4.37
7688,34969,77287,Red Vine Tomato,4,9.25
7688,26209,77287,Limes,4,4.37
7690,31608,105319,Minis Candy,19,5.84
7695,16291,34200,Organic Extra Large Brown Omega 3 Eggs,16,8.98
7695,5450,34200,Small Hass Avocado,4,5.77
7695,18027,34200,Ezekiel 4:9 Bread Organic Sprouted Whole Grain,3,11.3
7695,47630,34200,Medium Navel Orange,4,5.6
7695,38274,34200,Ice Cream Sandwiches Vanilla,1,7.17
7695,36070,34200,"Super Spinach! Baby Spinach, Baby Bok Choy, Sweet Baby Kale",4,4.34
7696,5258,157658,Sparkling Water,7,10.95
7696,32923,157658,Organic Triple Berry Blend,1,11.94
7698,47111,39264,Spicy Black Bean Burger,1,8.55
7701,30827,172909,Seedless Cucumbers,4,5.22
7703,45007,45059,Organic Zucchini,4,5.08
7703,18656,45059,Organic Red Potato,4,1.93
7703,37067,45059,Organic Banana,4,10.85
7704,36070,188447,"Super Spinach! Baby Spinach, Baby Bok Choy, Sweet Baby Kale",4,4.34
7706,46802,193446,Pineapple Chunks,1,6.76
7706,18027,193446,Ezekiel 4:9 Bread Organic Sprouted Whole Grain,3,11.3
7706,45007,193446,Organic Zucchini,4,5.08
7708,38164,39187,Almonds & Sea Salt in Dark Chocolate,19,9.32
7708,39868,39187,Sea Salt Slow Roasted Pumpkin Seeds,19,2.14
7710,39046,112102,Smok Cured Turkey Bacon,12,6.84
7710,3318,112102,Cinnamon Swirl Raisin Bread,3,4.94
7711,26209,76669,Limes,4,4.37
7712,41716,167028,Jalapeno,19,11.83
7713,260,112327,Cantaloupe,4,3.01
7713,2962,112327,"Milk, Reduced Fat, 2% Milkfat",16,8.89
7715,4924,162584,Homestyle Baked Beans,15,0.99
7716,25226,84777,Smarty Kat Pet Toy Frisky Flyer,8,2.73
7717,10258,108495,Pistachios,19,9.49
7718,3469,198614,Organic Vegetarian Mild Refried Beans With Green Chiles,15,5.89
7718,7079,198614,Organic Alfalfa Sprouts,4,7.88
7719,19677,174019,Original Pure Creamy Almond Milk,16,6.4
7720,20842,9365,Total 0% Greek Yogurt,16,9.2
7720,35469,9365,Enchilada Black Bean Vegetable,1,3.44
7721,5450,205729,Small Hass Avocado,4,5.77
7722,36078,72012,Pate With Real Tuna Wet Cat Food,8,5.71
7726,1194,80878,Natural Artisan Water,7,7.42
7726,23765,80878,Organic Smoked Turkey Breast,20,10.28
7727,16494,30564,Double Zipper Gallon Freezer Bags,17,0.98
7729,260,76939,Cantaloupe,4,3.01
7732,40712,16656,Black Figs,4,4.26
7733,44375,33627,Canned Aranciata Orange,7,3.21
7733,21469,33627,Honest T Mango White Tea,7,4.63
7733,28698,33627,Asian Noodle Salad,20,1.65
7734,27690,57576,Apple Cinnamon GoGo Squeez,19,6.29
7734,42736,57576,Unsalted Butter,16,9.28
7734,13733,57576,Red Potatoes,4,4.73
7734,260,57576,Cantaloupe,4,3.01
7734,13431,57576,Flaky Biscuits,13,1.83
7735,21614,186065,Crackers Harvest Whole Wheat,19,2.38
7737,25,47035,Salted Caramel Lean Protein & Fiber Bar,19,5.44
7737,19906,47035,Fresh Whole White Mushrooms,4,2.73
7737,44570,47035,Kale Greens,4,4.15
7740,26209,102083,Limes,4,4.37
7740,4962,102083,Yotoddler Organic Pear Spinach Mango Yogurt,16,10.68
7740,21614,102083,Crackers Harvest Whole Wheat,19,2.38
7742,10193,114294,Shredded Carrots,4,11.21
7748,42736,146037,Unsalted Butter,16,9.28
7749,9346,189858,"Organic Apple Cider Vinegar Drink, Concord Grape-Acai",7,5.67
7750,14870,46248,Icelandic Style Fat Free Plain Yogurt,16,4.27
7750,30727,46248,Vanilla Almond Fit Granola,14,7.19
7751,890,42520,Organic Diced Tomatoes,15,1.35
7752,26209,134391,Limes,4,4.37
7753,25425,17742,Organic Petite Diced Tomatoes,15,7.63
7754,19638,1629,Simply Jif Creamy Peanut Butter,13,8.98
7754,40310,1629,Oven Roasted Turkey Breast,20,8.23
7754,38318,1629,Original Flavor Instant Oatmeal,14,8.98
7756,45051,121332,Pub Mix,19,8.23
7757,32700,181687,Original Whipped Cream,16,0.94
7760,17789,44402,Soy Free Buttery Spread,16,11.19
7761,26209,2075,Limes,4,4.37
7762,26604,162350,Organic Blackberries,4,8.08
7764,4574,160743,Organic Fat Free French Vanilla Yogurt,16,5.66
7764,890,160743,Organic Diced Tomatoes,15,1.35
7766,28745,48424,Oven Roasted Turkey,20,7.99
7766,14267,48424,Organic Refried Black Beans,15,9.37
7768,24830,151745,Organic Romaine,4,10.27
7769,25705,83466,Butterhead Lettuce,4,0.98
7769,43421,83466,"Little Yums Spinach, Apple, and Kale Teething Wafers",18,5.55
7769,39977,83466,Pumpkin & Spinach Stage 2 Baby Food,18,9.44
7769,36070,83466,"Super Spinach! Baby Spinach, Baby Bok Choy, Sweet Baby Kale",4,4.34
7771,43037,15479,Garden Minestrone Soup,20,3.05
7772,38164,136632,Almonds & Sea Salt in Dark Chocolate,19,9.32
7774,5115,160699,Organic Medium Brown Eggs,16,11.44
7775,13249,140186,Skim Milk,16,9.33
7778,45064,112235,Honey Wheat Bread,3,1.52
7779,781,67493,Organic Shredded Mild Cheddar,16,2.78
7781,11068,169275,Medium Cheddar Cheese Block,16,1.9
7781,20842,169275,Total 0% Greek Yogurt,16,9.2
7781,890,169275,Organic Diced Tomatoes,15,1.35
7782,20842,88628,Total 0% Greek Yogurt,16,9.2
7783,781,11650,Organic Shredded Mild Cheddar,16,2.78
7784,20670,55436,Organic Lentil Vegetable Soup,15,10.83
7785,18159,141098,Organic Biologique Limes,4,5.06
7787,42345,75689,Baby Food Pouch - Roasted Carrot Spinach & Beans,18,4.39
7787,14267,75689,Organic Refried Black Beans,15,9.37
7790,33897,80963,Chicken Wings,12,5.64
7790,33785,80963,Chicken Leg Quarters,12,6.96
7791,26209,194031,Limes,4,4.37
7791,32757,194031,Quiche Lorraine,20,3.08
7792,26604,167649,Organic Blackberries,4,8.08
7795,26604,130571,Organic Blackberries,4,8.08
7796,47866,169487,Jalapeno Potato Chips,19,12.02
7800,16518,38874,Tropicals Sugar Free 1.65 fl oz Ice Pops,1,5.45
7803,2429,173344,"Seriously Sharp Cheddar Cheese Cracker Cut Slices,",16,8.44
7808,1940,82208,Organic 2% Reduced Fat Milk,16,1.23
7809,17726,31900,Holiday Nog,7,1.61
7809,33120,31900,Organic Egg Whites,16,5.33
7809,6985,31900,Alfredo Sauce,9,11.07
7809,22504,31900,Organic Mountain Forest Amber Honey,13,2.16
7810,24830,174934,Organic Romaine,4,10.27
7810,42110,174934,Organic Macaroni Shells & Real Aged Cheddar,9,12.09
7811,31127,100296,Sweet Batard,3,5.64
7812,27554,56193,Gluten Free Blueberry Muffins,3,0.94
7812,42959,56193,Jet-Dry Original Rinse Aid,17,3.45
7813,43662,2676,"Yogurt, Strained Low-Fat, Coconut",16,11.87
7813,10369,2676,Organic Genoa Salami,20,2.35
7813,7120,2676,Organic Whole Wheat Sourdough Bread,3,7.86
7814,23765,97181,Organic Smoked Turkey Breast,20,10.28
7814,25,97181,Salted Caramel Lean Protein & Fiber Bar,19,5.44
7815,45007,91668,Organic Zucchini,4,5.08
7816,43183,194864,Deli Fresh Shaved Smoked Turkey Breast,20,12.45
7816,39408,194864,Gala Apples,4,4.03
7816,26209,194864,Limes,4,4.37
7816,42240,194864,Ultra Soft Facial Tissues,17,12.0
7817,38817,137629,Sugarfree,7,2.12
7817,22124,137629,Total 0% Raspberry Yogurt,16,9.08
7817,14437,137629,Total Greek Yogurt With Honey,16,6.44
7817,42972,137629,Natural Pure Sparkling Water,7,4.77
7817,12919,137629,Coconut Sparkling Water,7,12.1
7817,43409,137629,Frosted Mini-Wheats Original Cereal,14,12.46
7817,39057,137629,Hazelnut Light Roast K-Cup Packs,7,2.05
7819,34969,102635,Red Vine Tomato,4,9.25
7819,32429,102635,Red Mango,4,3.5
7820,28745,111726,Oven Roasted Turkey,20,7.99
7821,23765,49537,Organic Smoked Turkey Breast,20,10.28
7822,26209,117680,Limes,4,4.37
7822,18881,117680,Coconut Milk Vanilla Frozen Dessert,1,2.62
7822,21614,117680,Crackers Harvest Whole Wheat,19,2.38
7822,24062,117680,Flourless  Sprouted Whole Grain 7-Sprouted Grains English Muffins,3,4.68
7822,36526,117680,Long Grain American Basmati White Rice,9,10.96
7822,1025,117680,Organic Fresh Basil,4,11.34
7823,37460,51366,No Sugar Added Variety Fruit Bars,1,5.99
7823,29515,51366,Dry Lentils,15,5.98
7826,6581,192971,Cucumber,4,4.09
7828,12332,143537,Liquid Water Enhancer Orange Tangerine,7,1.38
7828,42404,143537,Multi Grain Waffles,1,12.48
7828,20943,143537,Gluten Free Apple Cinnamon Waffles,1,6.83
7831,14744,42945,Organic Steak Sauce,13,4.83
7835,40310,97593,Oven Roasted Turkey Breast,20,8.23
7835,16759,97593,Organic Carrot Bunch,4,4.17
7835,33120,97593,Organic Egg Whites,16,5.33
7835,40268,97593,Organic Wheat-Free & Gluten-Free Original Crackers,19,3.71
7836,37067,78979,Organic Banana,4,10.85
7836,48335,78979,Chocolate Brownie Energy Bar,19,11.61
7838,16145,60976,Organic Cannellini Beans,15,5.1
7838,5115,60976,Organic Medium Brown Eggs,16,11.44
7838,41259,60976,Poblano Pepper,4,10.56
7839,39055,118468,Mild Salsa Roja,20,12.54
7845,37940,113327,Original Strawberry Low Fat Yogurt,16,12.55
7846,20899,86802,Goo Berry Pie Probugs Kefir,16,6.29
7846,19677,86802,Original Pure Creamy Almond Milk,16,6.4
7846,20555,86802,Snickerdoodle Cookies,3,5.89
7848,44212,178785,Chili Mix,13,0.99
7848,6224,178785,Simply Clean Fragrance Free Wipes,18,10.15
7848,26172,178785,Light Sour Cream,16,7.26
7849,38266,2013,Fresh Basil,4,10.07
7851,45007,16866,Organic Zucchini,4,5.08
7851,34969,16866,Red Vine Tomato,4,9.25
7852,46541,14709,Corn Flakes,14,2.21
7856,33120,114300,Organic Egg Whites,16,5.33
7856,10369,114300,Organic Genoa Salami,20,2.35
7856,23630,114300,Multi-Seed Original Crackers,19,4.37
7856,47893,114300,Steel Cut Irish Oatmeal,14,4.81
7860,34969,178273,Red Vine Tomato,4,9.25
7861,7606,125514,Greek 100 Protein Vanilla Fat Free Yogurt,16,4.2
7864,32277,101752,Cashew Milk Dark Chocolate Truffle Ice Cream,1,7.77
7866,46820,201623,Vanilla Pure Almond Milk,16,11.94
7866,36961,201623,Pink Cripps Apple,4,2.89
7867,28465,78360,Icelandic Style Skyr Blueberry Non-fat Yogurt,16,8.32
7869,45007,55626,Organic Zucchini,4,5.08
7869,6104,55626,Whole Milk Plain Yogurt,16,1.76
7869,37067,55626,Organic Banana,4,10.85
7870,28369,169480,Lite Italian Dry Salame,20,6.2
7870,45007,169480,Organic Zucchini,4,5.08
7871,43772,78592,Cherubs Heavenly Salad Tomatoes,4,1.15
7871,4675,78592,Boniato Sweet Potato,4,9.16
7874,260,12889,Cantaloupe,4,3.01
7874,45007,12889,Organic Zucchini,4,5.08
7875,26604,52101,Organic Blackberries,4,8.08
7877,36961,167504,Pink Cripps Apple,4,2.89
7877,44570,167504,Kale Greens,4,4.15
7877,45007,167504,Organic Zucchini,4,5.08
7877,11152,167504,Eggplant Large,4,9.3
7878,20221,124587,Rib Rub Seasoning,13,9.56
7878,15925,124587,Macaroni and Cheese,1,9.5
7879,44375,196877,Canned Aranciata Orange,7,3.21
7881,23630,154480,Multi-Seed Original Crackers,19,4.37
7882,17044,15392,French Baguette,3,6.85
7882,26209,15392,Limes,4,4.37
7883,33709,139973,All Natural Medium Fire-Roasted Tomato & Jalapeno Salsa,13,4.1
7884,13431,103545,Flaky Biscuits,13,1.83
7885,41999,67829,Cut Tulips (Choose Color),4,1.99
7885,38772,67829,Provolone,16,1.84
7885,20670,67829,Organic Lentil Vegetable Soup,15,10.83
7887,22242,137095,Swirl Bread Cinnamon,3,1.7
7890,30254,134550,"Wild Pink Salmon, No Salt Added",15,6.2
7892,25647,117349,Heirloom Tomato,4,4.3
7892,38164,117349,Almonds & Sea Salt in Dark Chocolate,19,9.32
7892,38274,117349,Ice Cream Sandwiches Vanilla,1,7.17
7894,25199,188982,Classic Chicken Salad,20,4.26
7894,10369,188982,Organic Genoa Salami,20,2.35
7895,35470,43385,Water Mineral,7,11.28
7895,5258,43385,Sparkling Water,7,10.95
7895,4100,43385,Organic Dark Roast,7,12.15
7899,16398,8677,Guava Goddess Organic Kambucha,7,1.59
7900,46673,190593,Ultra Original Scent Dishwashing Liquid,17,8.73
7902,36810,93673,Original Pancake and Baking Mix,14,5.95
7902,24830,93673,Organic Romaine,4,10.27
7902,23630,93673,Multi-Seed Original Crackers,19,4.37
7905,32204,26299,Nut & Oat Bread,3,6.49
7905,13431,26299,Flaky Biscuits,13,1.83
7905,20899,26299,Goo Berry Pie Probugs Kefir,16,6.29
7910,12779,47014,Spaghetti Squash,4,5.49
7912,6473,169598,Bag of Lemons,4,6.98
7912,12614,169598,Yellow Grape Tomatoes,4,1.39
7919,12779,162731,Spaghetti Squash,4,5.49
7921,25581,74706,Blueberry Lowfat Yogurt,16,6.37
7922,20899,60995,Goo Berry Pie Probugs Kefir,16,6.29
7926,48595,169621,Organic Wheat Square Crackers,19,9.0
7926,37067,169621,Organic Banana,4,10.85
7928,29334,10718,Leek,4,6.09
7930,37067,170527,Organic Banana,4,10.85
7930,8138,170527,Traditional Hummus,20,2.75
7932,18656,112830,Organic Red Potato,4,1.93
7932,35939,112830,Organic Jalapeno Pepper,4,9.93
7932,49248,112830,Organic Farro,9,10.26
7932,45866,112830,Fig Newmans Fruit Filled Cookies,19,2.46
7932,31645,112830,Confetti Bean Pasta,20,8.56
7933,6568,154197,Snacks Mango,19,8.66
7935,30696,198113,Eggo Homestyle Waffles,1,6.45
7935,18491,198113,Signature Egg Sausage & Cheese Burritos,1,10.29
7935,5450,198113,Small Hass Avocado,4,5.77
7935,46539,198113,Diet Tangerine Lime Natural Soda,7,8.54
7938,19677,120541,Original Pure Creamy Almond Milk,16,6.4
7940,43772,143367,Cherubs Heavenly Salad Tomatoes,4,1.15
7941,26209,55626,Limes,4,4.37
7942,46106,180342,Organic Sriracha Hummus,20,3.17
7942,16398,180342,Guava Goddess Organic Kambucha,7,1.59
7943,32211,133107,Whole Grains Oatnut Bread,3,8.78
7943,36070,133107,"Super Spinach! Baby Spinach, Baby Bok Choy, Sweet Baby Kale",4,4.34
7943,38318,133107,Original Flavor Instant Oatmeal,14,8.98
7943,10193,133107,Shredded Carrots,4,11.21
7945,28785,163254,Organic Tahini,13,8.89
7945,20869,163254,Yellow Potato,4,4.45
7945,34969,163254,Red Vine Tomato,4,9.25
7946,32134,84349,Lactose Free Plain Kefir,16,3.11
7948,35034,5588,Peppermint Sugar Free Gum,19,6.12
7948,39408,5588,Gala Apples,4,4.03
7949,45335,169329,Double Rolls Unscented Bath Tissue,17,3.03
7949,8523,169329,Scoops,19,8.31
7950,5918,101459,Single Serve Cheese Pizza,1,7.61
7950,26629,101459,Cherry Pie Fruit & Nut Bar,19,1.38
7951,12427,106934,Original Beef Jerky,19,3.08
7954,38349,195928,Simply Smart Gluten Free Breaded Chicken Breast Tenders,1,8.48
7954,36206,195928,Gluten Free Original Recipe Tapioca Pudding,16,2.79
7954,45413,195928,Hand Wash Lavander Flower & Mint,11,5.12
7954,26172,195928,Light Sour Cream,16,7.26
7956,46820,92040,Vanilla Pure Almond Milk,16,11.94
7957,13097,75525,Fresh Cut Butternut Squash,4,10.69
7958,13147,185432,GOLEAN Crisp! Toasted Berry Crumble Cereal,14,4.75
7958,23630,185432,Multi-Seed Original Crackers,19,4.37
7958,2002,185432,"The \""World's Best\"" Veggie Burger",1,0.89
7958,36792,185432,Gluten Free Omega Flax & Fiber Bread,3,3.98
7958,44035,185432,Organic Chickpeas Ready To Eat,19,1.28
7961,137,149085,Very Vanilla Soymilk,16,3.37
7962,25552,25582,Organic Steel Cut Oats,14,4.64
7962,43768,25582,Organic Bell Pepper,4,2.4
7966,28745,31189,Oven Roasted Turkey,20,7.99
7968,35939,167139,Organic Jalapeno Pepper,4,9.93
7968,26209,167139,Limes,4,4.37
7969,31564,74089,Crackers,19,1.11
7971,10193,65987,Shredded Carrots,4,11.21
7971,16951,65987,Deli Roast Beef,20,6.99
7971,47141,65987,Cola,7,5.77
7972,43409,114991,Frosted Mini-Wheats Original Cereal,14,12.46
7974,34969,1750,Red Vine Tomato,4,9.25
7974,46958,1750,Org Romaine Hearts 3 Pk,4,2.81
7976,7751,16357,Tomato Ketchup,13,1.99
7976,45099,16357,Steak Fries Thick-Cut French Fried Potatoes,1,3.87
7979,6568,89618,Snacks Mango,19,8.66
7983,20463,43123,Organic Fat-Free Milk,16,1.48
7983,1940,43123,Organic 2% Reduced Fat Milk,16,1.23
7984,18027,176509,Ezekiel 4:9 Bread Organic Sprouted Whole Grain,3,11.3
7987,3843,29138,Organic Brussels Sprouts,4,8.41
7988,46802,48417,Pineapple Chunks,1,6.76
7988,26604,48417,Organic Blackberries,4,8.08
7988,6933,48417,Strained Whole-Milk Yogurt Blueberry,16,11.85
7988,26209,48417,Limes,4,4.37
7988,34969,48417,Red Vine Tomato,4,9.25
7988,43768,48417,Organic Bell Pepper,4,2.4
7988,25647,48417,Heirloom Tomato,4,4.3
7991,39024,195901,Edamame In Pod,1,5.6
7991,1025,195901,Organic Fresh Basil,4,11.34
7991,20842,195901,Total 0% Greek Yogurt,16,9.2
7992,19638,199454,Simply Jif Creamy Peanut Butter,13,8.98
7992,16722,199454,All Natural Raspberry Sparkling Seltzer Water,7,5.49
7993,40310,127378,Oven Roasted Turkey Breast,20,8.23
7993,2452,127378,Naturals Chicken Nuggets,1,1.24
7994,44902,3905,Pineapple Coconut Sparkling Water,7,1.78
7995,35336,126209,Naked Green Machine Boosted Juice Smoothie,7,1.11
7998,5450,4336,Small Hass Avocado,4,5.77
7998,3699,4336,"Chard, Green, New England Grown",4,11.17
7999,26509,21089,Hot Taco Seasoning Mix,13,9.0
7999,11384,21089,Naturally Brewed Soy Sauce,6,9.97
7999,44368,21089,Fresh Mozzarella Cheese,16,11.12
8000,26209,89665,Limes,4,4.37
8000,33786,89665,Pepper Jack Cheese Crackers,19,6.56
8004,38817,195657,Sugarfree,7,2.12
8004,20463,195657,Organic Fat-Free Milk,16,1.48
8004,22124,195657,Total 0% Raspberry Yogurt,16,9.08
8004,28577,195657,No Pulp Orange Juice,7,4.27
8004,16246,195657,Dark Chocolate Salted Caramel Protein Nut Bar,19,10.61
8004,7882,195657,Chocolate Coconut Almond Protein Nut Bar,19,3.82
8004,31951,195657,Miniature Peanut Butter Cups,19,11.9
8007,37067,56843,Organic Banana,4,10.85
8010,46908,159269,Sugarfree Cinnamon Chewing Gum,11,0.91
8011,8138,106018,Traditional Hummus,20,2.75
8012,6069,97761,Maple Pumpkin Seeds with Sea Salt Chewy with a Crunch Granola Bars,19,7.32
8012,26209,97761,Limes,4,4.37
8012,20842,97761,Total 0% Greek Yogurt,16,9.2
8012,26604,97761,Organic Blackberries,4,8.08
8012,28990,97761,Curly Parsley Bunch,4,6.7
8015,42736,134385,Unsalted Butter,16,9.28
8015,35078,134385,Seriously Sharp Cheddar Cheese,16,4.43
8019,18027,148104,Ezekiel 4:9 Bread Organic Sprouted Whole Grain,3,11.3
8022,1025,199997,Organic Fresh Basil,4,11.34
8023,47630,100056,Medium Navel Orange,4,5.6
8026,41716,87058,Jalapeno,19,11.83
8026,48595,87058,Organic Wheat Square Crackers,19,9.0
8027,35616,102426,Fresh Frozen Mixed Berries,1,3.27
8028,42736,118649,Unsalted Butter,16,9.28
8032,12846,194628,Pomegranate Blackberry Probiotics Juice Drink,7,10.26
8032,4569,194628,Mini Crunchy Chocolate Chip Cookies,19,3.89
8032,30353,194628,Curate Cherry Lime Sparkling Water,7,1.86
8032,27509,194628,Organic Seasoned Yukon Select Potatoes Hashed Browns,1,5.21
8033,34969,147820,Red Vine Tomato,4,9.25
8033,45007,147820,Organic Zucchini,4,5.08
8034,6610,164674,Mild Hand Picked Miniature Extra Tender Imported Pepperoncini,13,12.31
8035,26209,95845,Limes,4,4.37
8035,2962,95845,"Milk, Reduced Fat, 2% Milkfat",16,8.89
8036,24425,136300,"Freshly made pasta, rich meat sauce and Real Mozzarella cheese Lasagna with Meat & Sauce",1,8.56
8036,37940,136300,Original Strawberry Low Fat Yogurt,16,12.55
8040,36315,22129,Low Fat Split Pea Soup,15,12.38
8042,45064,181137,Honey Wheat Bread,3,1.52
8043,36735,55007,Organic Roasted Sliced Chicken Breast,20,10.42
8046,39408,128799,Gala Apples,4,4.03
8047,38996,130588,Grape Tomatoes,4,4.64
8049,39729,37149,Organic Apple Cider,7,2.96
8050,42736,151880,Unsalted Butter,16,9.28
8051,43768,174921,Organic Bell Pepper,4,2.4
8053,10607,149886,Prosecco,5,6.0
8054,18667,82213,Unscented Multi-Pack Plastic Tampons,11,8.78
8058,26209,80875,Limes,4,4.37
8059,35467,87556,Semi Sweet Chocolate Mega Chunks Dairy Nut & Soy Free,13,6.61
8060,890,128366,Organic Diced Tomatoes,15,1.35
8062,781,42699,Organic Shredded Mild Cheddar,16,2.78
8063,45007,133942,Organic Zucchini,4,5.08
8067,34264,200041,Organic Sweet Italian Chicken Sausage,12,12.49
8067,13642,200041,Whole Grain Blends Wheat Couscous Roasted Garlic & Olive Oil,9,9.78
8070,19938,64247,Extra Wide Egg Noodles,9,2.68
8070,21678,64247,Fresh Chicken Thighs,12,10.14
8071,38164,34873,Almonds & Sea Salt in Dark Chocolate,19,9.32
8071,3081,34873,"Organic Creamies Strawberry, Raspberry & Carrot Freeze-Dried Fruit Snacks",18,1.21
8071,4962,34873,Yotoddler Organic Pear Spinach Mango Yogurt,16,10.68
8072,2962,7520,"Milk, Reduced Fat, 2% Milkfat",16,8.89
8074,1117,98750,Turkey Bacon,12,11.85
8074,21863,98750,Fire Roasted Red Peppers,15,3.44
8075,17924,54238,Seltzer Water,7,3.66
8076,35939,185301,Organic Jalapeno Pepper,4,9.93
8076,26209,185301,Limes,4,4.37
8077,45674,74293,Antioxidant Infusions Molokai Coconut,7,11.19
8078,21240,11378,Orange Sports Drink,7,6.71
8079,31461,146015,Cheese Tamale Verde,1,11.15
8079,39844,146015,Mini Sweet Peppers,4,11.24
8079,8743,146015,Fully Cooked Turkey Sausage Patties,12,6.96
8081,38266,50024,Fresh Basil,4,10.07
8081,26209,50024,Limes,4,4.37
8083,15601,72916,Heavy Duty Crisp Clean Air Refresher,17,1.52
8084,24571,64865,Tomato and Basil Pasta Sauce,9,10.32
8085,24830,89856,Organic Romaine,4,10.27
8086,39604,145518,Turkey Breakfast Sausage Links,12,2.75
8086,47141,145518,Cola,7,5.77
8087,41806,150570,Organic Greek Whole Milk Blended Strawberry Yogurt,16,7.97
8087,4809,150570,Greek Whole Milk Blended Blueberry Yogurt,16,6.38
8087,37754,150570,Organic Blended Raspberry Whole Milk Greek Yogurt,16,4.34
8087,21057,150570,Organic Brown Rice Spaghetti,9,6.56
8088,48116,21803,Lowfat Kefir Plain Unsweetened,16,1.44
8089,6473,41172,Bag of Lemons,4,6.98
8091,5918,187726,Single Serve Cheese Pizza,1,7.61
8091,40310,187726,Oven Roasted Turkey Breast,20,8.23
8092,27796,29699,Real Mayonnaise,13,0.97
8093,26604,85496,Organic Blackberries,4,8.08
8099,890,152819,Organic Diced Tomatoes,15,1.35
8099,24830,152819,Organic Romaine,4,10.27
8100,6568,29797,Snacks Mango,19,8.66
8101,4149,53355,Frozen Organic Blueberries,4,11.59
8102,32035,134040,Toasted Pine Nut Couscous Mix,9,8.57
8102,45351,134040,Sesame Ginger Low Fat Dressing,13,12.45
8103,37600,142843,Organic Kettle Corn,19,1.97
8105,26177,95714,Organic Honey Nut O's Cereal,14,3.76
8107,18027,184735,Ezekiel 4:9 Bread Organic Sprouted Whole Grain,3,11.3
8107,16759,184735,Organic Carrot Bunch,4,4.17
8108,10106,166292,Honey & Maple Turkey Breast,20,8.53
8110,13249,50174,Skim Milk,16,9.33
8112,18963,96100,Apple Cider Vinegar,13,9.67
8112,44570,96100,Kale Greens,4,4.15
8113,28527,171757,White Horseradish,13,12.12
8115,27830,4693,Baby Lima Beans,1,11.89
8115,39408,4693,Gala Apples,4,4.03
8117,21317,57524,Diet Trop-A-Rocka Tea,7,4.92
8117,16803,57524,Antiperspirant Deodorant Cool Essentials Fresh Scent,11,8.86
8120,25691,101695,Original Life Cereal,14,4.24
8122,32578,97072,Organic Fresh Squeezed Orange Juice,7,6.19
8124,16759,135258,Organic Carrot Bunch,4,4.17
8127,5258,175216,Sparkling Water,7,10.95
8128,8958,51658,Danish Variety Pack,3,9.24
8130,49640,37762,Sourdough Loaf,3,11.15
8131,28527,13443,White Horseradish,13,12.12
8134,23535,18094,Sea Salt Chickpeas,19,2.71
8134,12779,18094,Spaghetti Squash,4,5.49
8136,35042,177873,Black Beans,15,5.95
8140,20842,181873,Total 0% Greek Yogurt,16,9.2
8141,12276,50697,Chocolate Chip Cookie Dough Ice Cream,1,8.4
8142,28773,92796,"Goji Berries, Certified Organic",19,3.52
8143,5258,6131,Sparkling Water,7,10.95
8145,47141,119307,Cola,7,5.77
8146,14371,80644,Organic Nonfat Milk,16,10.79
8146,20423,80644,Unfiltered Original Ginger Ale,7,5.82
8146,31461,80644,Cheese Tamale Verde,1,11.15
8148,25397,94291,Blasts! Reese's Peanut Butter Cups Frozen Dairy Dessert,1,4.9
8148,28635,94291,0% Greek Yogurt Black Cherry on the Bottom,16,7.7
8148,1649,94291,Pretzel Snaps Bonus Bag,19,5.33
8148,17134,94291,Pepper Jack String Cheese,16,8.63
8148,26209,94291,Limes,4,4.37
8148,36086,94291,Philadelphia Original Cream Cheese,16,2.08
8149,23347,198557,Chessmen Cookies,19,1.22
8150,44292,59967,Premium Unsweetened Iced Tea,7,7.57
8151,6240,50403,Green Tea Pomegranate,7,4.07
8152,45866,142131,Fig Newmans Fruit Filled Cookies,19,2.46
8152,13113,142131,Organic Apple Juice Boxes,7,9.79
8152,38164,142131,Almonds & Sea Salt in Dark Chocolate,19,9.32
8153,49026,56820,Plain Almond Milk Yogurt,16,12.26
8153,48186,56820,Lactose Free Half & Half,16,9.32
8154,45815,127427,Organic Florets Broccoli,1,12.12
8154,38329,127427,Broccoli & Cheese Couscous,9,6.61
8154,5918,127427,Single Serve Cheese Pizza,1,7.61
8154,43875,127427,Baby Food Stage 2 Blueberry Pear & Purple Carrot,18,6.11
8154,47792,127427,Organic Beans & Rice Cheddar Cheese Burrito,1,8.35
8155,260,93101,Cantaloupe,4,3.01
8157,46009,99538,Sugar Free Mints,19,10.68
8159,6647,98397,Navel Orange,4,4.34
8162,9963,174955,Ultra Thin Pepper Jack Cheese Slices,16,6.1
8163,41806,173699,Organic Greek Whole Milk Blended Strawberry Yogurt,16,7.97
8163,37754,173699,Organic Blended Raspberry Whole Milk Greek Yogurt,16,4.34
8168,20842,125906,Total 0% Greek Yogurt,16,9.2
8169,41557,32283,Original Deli Style Pretzel Crackers,19,2.2
8170,33468,145067,White Pita,3,8.87
8173,35939,69217,Organic Jalapeno Pepper,4,9.93
8177,10369,37949,Organic Genoa Salami,20,2.35
8177,38164,37949,Almonds & Sea Salt in Dark Chocolate,19,9.32
8177,2822,37949,Organic Creamy Raw Almond Butter,13,4.11
8177,47380,37949,New York Style Nova Lox,12,8.72
8178,594,114576,Gluten Free Peanut Butter Berry  Chewy With A Crunch Granola Bars,19,11.11
8179,38318,1202,Original Flavor Instant Oatmeal,14,8.98
8180,43409,104921,Frosted Mini-Wheats Original Cereal,14,12.46
8180,28733,104921,Chicken Nuggets,1,11.03
8181,31426,114709,Classic Poultry & Beef Feast Variety Cat Food,8,11.67
8182,49352,80527,Natural Extra Sharp Cheddar Cheese,16,8.82
8182,24571,80527,Tomato and Basil Pasta Sauce,9,10.32
8182,4006,80527,Hazelnut Spread With Skim Milk & Cocoa,13,4.62
8182,7641,80527,Gluten Free Extra Crispy Fast Food French Fried Potatoes,1,3.81
8182,11362,80527,Whips! Raspberry Mousse Lowfat Yogurt Mousse,16,5.22
8182,2668,80527,Whips! Strawberry Mist Yogurt Mousse,16,11.64
8182,17151,80527,Honey Maid Cinnamon Grahams,19,9.77
8182,10446,80527,12 Grain Hearty Sliced Bread,3,12.48
8182,1498,80527,Creamy Chicken & Dumplings Soup,15,2.05
8186,37663,64574,Tropical Punch Soft Drink Mix,7,7.96
8187,39046,45077,Smok Cured Turkey Bacon,12,6.84
8189,41716,27754,Jalapeno,19,11.83
8190,13350,3671,Vine Ripened Golden Berries,19,2.45
8192,36206,90548,Gluten Free Original Recipe Tapioca Pudding,16,2.79
8198,46802,99618,Pineapple Chunks,1,6.76
8198,890,99618,Organic Diced Tomatoes,15,1.35
8199,1194,9124,Natural Artisan Water,7,7.42
8201,22419,38940,Jasmine Enriched Long Grain Rice,9,9.53
8201,42736,38940,Unsalted Butter,16,9.28
8201,1649,38940,Pretzel Snaps Bonus Bag,19,5.33
8202,1025,2022,Organic Fresh Basil,4,11.34
8202,7751,2022,Tomato Ketchup,13,1.99
8204,18696,134538,Mild Red Enchilada Sauce,6,4.38
8204,38772,134538,Provolone,16,1.84
8205,16759,53147,Organic Carrot Bunch,4,4.17
8207,18099,5647,Premium Cranberries,1,1.42
8207,3776,5647,Chocolate Chip Waffles,1,10.25
8208,19173,76438,Orange Calcium & Vitamin D Pulp Free,7,11.11
8211,38508,31977,Lightly Salted Kettle Potato Chips - Sea Salt,19,4.06
8211,39509,31977,Organic Sunny Citrus Bunny Fruit Snacks,19,8.41
8211,13113,31977,Organic Apple Juice Boxes,7,9.79
8212,39046,3358,Smok Cured Turkey Bacon,12,6.84
8214,26209,35449,Limes,4,4.37
8215,36842,19364,Organic Tulsi Ginger Tea,2,3.42
8218,34861,119206,Beets Bunch,4,1.06
8219,36070,93655,"Super Spinach! Baby Spinach, Baby Bok Choy, Sweet Baby Kale",4,4.34
8219,7371,93655,Chocolate Chip Cookie Dough Bar,19,5.25
8220,49248,202223,Organic Farro,9,10.26
8221,27941,12469,All-In-1,17,12.27
8222,2963,146850,Lemon Shortbread Cookies,19,10.7
8225,26209,67494,Limes,4,4.37
8227,42500,38380,Orange & Lemon Flavor Variety Pack Sparkling Fruit Beverage,7,6.51
8233,13249,52016,Skim Milk,16,9.33
8234,7598,49064,Organic Unsweetened Creamy Cashewmilk,16,8.56
8236,8771,151785,"Charcoal Lighter Fluid, Odorless",17,9.14
8238,46802,101427,Pineapple Chunks,1,6.76
8238,41921,101427,Frozen Mango Chunks,1,12.16
8238,760,101427,Cracker Trio Selected Favorites,19,12.04
8238,13939,101427,Organic Potato Quinoa & Spinach Soup,15,11.59
8239,41408,1164,Goat's Milk Cheese,16,6.12
8241,405,13288,100% Organic Diced Tomatoes,15,2.11
8242,40826,5824,Manhattan Style Whole Kosher Pickles,13,1.78
8243,6814,144387,Steamers Tuscan Seasoned Broccoli,1,7.06
8243,49505,144387,Hot Italian Sausage,12,8.46
8244,47966,16810,Old Fashioned Rolled Oats,14,2.74
8245,4962,25347,Yotoddler Organic Pear Spinach Mango Yogurt,16,10.68
8246,5450,33611,Small Hass Avocado,4,5.77
8252,30827,185032,Seedless Cucumbers,4,5.22
8254,5450,65687,Small Hass Avocado,4,5.77
8254,43772,65687,Cherubs Heavenly Salad Tomatoes,4,1.15
8254,30696,65687,Eggo Homestyle Waffles,1,6.45
8254,26604,65687,Organic Blackberries,4,8.08
8254,34878,65687,Stackers Kosher Dill Pickles,13,6.56
8254,19173,65687,Orange Calcium & Vitamin D Pulp Free,7,11.11
8254,39814,65687,Hawaiian Style Teriyaki Chicken Bowl,1,4.39
8254,46802,65687,Pineapple Chunks,1,6.76
8254,10902,65687,Kosher Reduced Fat Beef Franks,12,4.22
8259,39408,89800,Gala Apples,4,4.03
8260,21614,187764,Crackers Harvest Whole Wheat,19,2.38
8261,26209,45228,Limes,4,4.37
8262,20947,77234,Passionberry Bliss Kombucha Drink,7,11.87
8264,19625,84481,Organic Chicken & Vegetable Potstickers,1,11.18
8266,26209,157710,Limes,4,4.37
8266,43772,157710,Cherubs Heavenly Salad Tomatoes,4,1.15
8266,4620,157710,Ginger Root,4,9.03
8267,11384,128480,Naturally Brewed Soy Sauce,6,9.97
8269,18677,72785,"Minis, Coconut Milk, Non-Dairy Frozen Dessert, no sugar added Vanilla Bar",1,11.94
8270,38164,143447,Almonds & Sea Salt in Dark Chocolate,19,9.32
8270,23765,143447,Organic Smoked Turkey Breast,20,10.28
8270,18696,143447,Mild Red Enchilada Sauce,6,4.38
8272,15860,142803,Natural Apple Sauce Cups,15,8.98
8274,18689,67956,Dairy-Free Chive Cream Cheese,16,10.12
8276,34969,101625,Red Vine Tomato,4,9.25
8276,32429,101625,Red Mango,4,3.5
8276,26604,101625,Organic Blackberries,4,8.08
8279,8390,191672,Diet Ginger Ale,7,12.0
8280,33911,72380,Zero Calorie Cream Soda,7,7.55
8280,20324,72380,Lavender Harvest Aromatherapy Mist,17,11.04
8283,38164,96957,Almonds & Sea Salt in Dark Chocolate,19,9.32
8283,30630,96957,"Yogurt, Sheep Milk, Blackberry",16,7.92
8285,15484,145680,Outlast Xtend Secret Outlast Xtend Clear Gel Protecting Powder Antiperspirant/Deodorant 2.6 oz  AP/DO & Body Spray,11,2.62
8286,46584,35582,YoKids Blueberry & Strawberry/Vanilla Yogurt,16,8.82
8287,46932,174534,All Natural Coconut Water,7,4.34
8287,26209,174534,Limes,4,4.37
8287,29894,174534,Organic Dark Brown Sugar,13,7.64
8287,15455,174534,Organic Extra Virgin Oil Olive,13,8.12
8287,17526,174534,70% Dark Chocolate Salted Almond Bar,19,7.64
8288,24535,57576,Plain Whole Milk Yogurt,16,6.17
8289,5068,157575,Cauliflower Florets,4,5.04
8292,16561,136118,Spicy Red Pepper,9,2.69
8292,22175,136118,Cheddar Broccoli Pasta Sides,9,3.79
8294,38279,136571,Multi-Grain Soft Taco,3,3.33
8295,26209,29147,Limes,4,4.37
8295,25705,29147,Butterhead Lettuce,4,0.98
8295,7120,29147,Organic Whole Wheat Sourdough Bread,3,7.86
8297,41259,189640,Poblano Pepper,4,10.56
8297,26209,189640,Limes,4,4.37
8298,42500,3002,Orange & Lemon Flavor Variety Pack Sparkling Fruit Beverage,7,6.51
8299,46584,176576,YoKids Blueberry & Strawberry/Vanilla Yogurt,16,8.82
8302,1940,202448,Organic 2% Reduced Fat Milk,16,1.23
8303,5450,78316,Small Hass Avocado,4,5.77
8304,27690,33938,Apple Cinnamon GoGo Squeez,19,6.29
8304,10527,33938,Whipped Butter,16,3.95
8306,39448,16928,Cold Brew Coffee Mocha,16,11.23
8307,40310,181210,Oven Roasted Turkey Breast,20,8.23
8308,22124,136446,Total 0% Raspberry Yogurt,16,9.08
8309,35939,78677,Organic Jalapeno Pepper,4,9.93
8309,2452,78677,Naturals Chicken Nuggets,1,1.24
8309,32624,78677,Acorn Squash,4,11.22
8310,43999,6409,"Bucatini, No. 15",9,12.25
8310,45007,6409,Organic Zucchini,4,5.08
8310,8138,6409,Traditional Hummus,20,2.75
8310,18881,6409,Coconut Milk Vanilla Frozen Dessert,1,2.62
8310,31727,6409,"Organic Tomato Paste, No Salt Added",15,10.09
8313,890,122550,Organic Diced Tomatoes,15,1.35
8314,1700,48744,White Cheddar Popcorn,19,5.86
8315,47141,180724,Cola,7,5.77
8317,12207,94770,Organic Cheddar & Broccoli Quinoa Squares,19,3.89
8317,45007,94770,Organic Zucchini,4,5.08
8318,5450,145052,Small Hass Avocado,4,5.77
8320,19677,153387,Original Pure Creamy Almond Milk,16,6.4
8324,42972,198729,Natural Pure Sparkling Water,7,4.77
8325,16759,15411,Organic Carrot Bunch,4,4.17
8325,3464,15411,"Organic Butterhead (Boston, Butter, Bibb) Lettuce",4,9.0
8327,28465,203720,Icelandic Style Skyr Blueberry Non-fat Yogurt,16,8.32
8328,6104,106776,Whole Milk Plain Yogurt,16,1.76
8328,12932,106776,Super Greens Veggie Burgers,1,9.93
8328,26604,106776,Organic Blackberries,4,8.08
8328,7079,106776,Organic Alfalfa Sprouts,4,7.88
8330,42240,94111,Ultra Soft Facial Tissues,17,12.0
8330,43875,94111,Baby Food Stage 2 Blueberry Pear & Purple Carrot,18,6.11
8331,26604,68500,Organic Blackberries,4,8.08
8331,19677,68500,Original Pure Creamy Almond Milk,16,6.4
8336,890,93906,Organic Diced Tomatoes,15,1.35
8337,15925,81827,Macaroni and Cheese,1,9.5
8337,24425,81827,"Freshly made pasta, rich meat sauce and Real Mozzarella cheese Lasagna with Meat & Sauce",1,8.56
8338,28465,78360,Icelandic Style Skyr Blueberry Non-fat Yogurt,16,8.32
8339,41699,122860,Dark Chocolate & Oats Granola Cookies,19,2.17
8341,18027,127412,Ezekiel 4:9 Bread Organic Sprouted Whole Grain,3,11.3
8341,37067,127412,Organic Banana,4,10.85
8344,30999,185953,Layered Dark Chocolate Coconut Granola Bars,19,9.64
8345,1025,140200,Organic Fresh Basil,4,11.34
8345,26209,140200,Limes,4,4.37
8347,13249,105005,Skim Milk,16,9.33
8347,26209,105005,Limes,4,4.37
8348,26209,198626,Limes,4,4.37
8348,36070,198626,"Super Spinach! Baby Spinach, Baby Bok Choy, Sweet Baby Kale",4,4.34
8348,45007,198626,Organic Zucchini,4,5.08
8348,12955,198626,"Super Foods/Organic Apples, Spinach, Peas & Broccoli + Super Chia Snack Pouch",18,3.05
8350,34939,79717,Veggie Ground,20,10.9
8350,13219,79717,Organic Unsweetened Plain Soymilk,16,12.53
8350,12315,79717,Dairy Free Hazelnut Coconut Milk Creamer,16,12.03
8352,16759,148123,Organic Carrot Bunch,4,4.17
8354,38456,116846,Large Grapefruit,4,3.38
8356,1940,56755,Organic 2% Reduced Fat Milk,16,1.23
8357,4620,169600,Ginger Root,4,9.03
8357,31954,169600,Broccoli Slaw,4,9.4
8358,24124,44686,Green Vibrance,11,11.76
8360,35939,49372,Organic Jalapeno Pepper,4,9.93
8364,13249,78087,Skim Milk,16,9.33
8364,32578,78087,Organic Fresh Squeezed Orange Juice,7,6.19
8364,45007,78087,Organic Zucchini,4,5.08
8364,26604,78087,Organic Blackberries,4,8.08
8364,26209,78087,Limes,4,4.37
8365,28745,31003,Oven Roasted Turkey,20,7.99
8365,35939,31003,Organic Jalapeno Pepper,4,9.93
8365,26209,31003,Limes,4,4.37
8366,46820,21879,Vanilla Pure Almond Milk,16,11.94
8366,43768,21879,Organic Bell Pepper,4,2.4
8367,18027,169098,Ezekiel 4:9 Bread Organic Sprouted Whole Grain,3,11.3
8368,28745,127356,Oven Roasted Turkey,20,7.99
8368,1117,127356,Turkey Bacon,12,11.85
8368,32877,127356,Yellow Zucchini,4,11.75
8369,48108,123503,Broccoli & Spinach Frozen Pizza with 3 Cheeses,1,7.79
8369,47792,123503,Organic Beans & Rice Cheddar Cheese Burrito,1,8.35
8370,24830,168799,Organic Romaine,4,10.27
8370,30827,168799,Seedless Cucumbers,4,5.22
8373,26209,88239,Limes,4,4.37
8374,4076,112105,Chipotle Habanero Hot Sauce,13,1.69
8375,47141,199349,Cola,7,5.77
8378,40883,193535,New York Cheesecake,3,8.11
8378,46327,193535,Raspberry Light & Fit Greek Yogurt,16,7.5
8378,39046,193535,Smok Cured Turkey Bacon,12,6.84
8378,14005,193535,Ultimate Caesar Salad Kit,4,1.9
8380,18027,51476,Ezekiel 4:9 Bread Organic Sprouted Whole Grain,3,11.3
8380,30353,51476,Curate Cherry Lime Sparkling Water,7,1.86
8381,13113,114935,Organic Apple Juice Boxes,7,9.79
8382,42372,23,Pineapple on the Bottom Greek Yogurt,16,11.02
8382,42959,23,Jet-Dry Original Rinse Aid,17,3.45
8384,27275,22005,Pineapple Strawberry Sparkling Water,7,7.09
8384,9075,22005,Zero Rise Orange,7,1.6
8385,17789,116269,Soy Free Buttery Spread,16,11.19
8386,47141,106932,Cola,7,5.77
8387,13627,79624,English Breakfast Tea Bags,7,6.27
8389,21361,106607,Honey Manuka Raw Kfactor 16,13,9.97
8392,5488,48215,With Pineapple Pulp Free Orange Juice,7,9.04
8393,29094,150435,Flip Coffee Break Bliss Greek Yogurt,16,8.93
8393,17993,150435,Shredded Colby & Monterey Jack Cheeses,16,8.89
8393,17328,150435,Reduced Fat Feta Cheese,16,5.27
8395,890,166938,Organic Diced Tomatoes,15,1.35
8395,1025,166938,Organic Fresh Basil,4,11.34
8395,45356,166938,Gluten Free Dream Cookies Chocolate Vanilla Creme,19,8.13
8398,32762,135833,Nutri-Grain Soft Baked Mixed Berry Cereal Breakfast Bars,14,6.24
8399,27796,66210,Real Mayonnaise,13,0.97
8403,40268,106330,Organic Wheat-Free & Gluten-Free Original Crackers,19,3.71
8404,12276,62108,Chocolate Chip Cookie Dough Ice Cream,1,8.4
8404,449,62108,Chips Ahoy! Chewy Cookies,19,9.39
8404,4006,62108,Hazelnut Spread With Skim Milk & Cocoa,13,4.62
8404,43183,62108,Deli Fresh Shaved Smoked Turkey Breast,20,12.45
8405,39408,16578,Gala Apples,4,4.03
8406,4962,62007,Yotoddler Organic Pear Spinach Mango Yogurt,16,10.68
8406,49555,62007,Apple Apricot Sauce,15,5.12
8407,5234,8661,Herb Seasoned Restaurant Style Croutons,13,4.53
8409,38456,143986,Large Grapefruit,4,3.38
8409,45007,143986,Organic Zucchini,4,5.08
8410,39448,57851,Cold Brew Coffee Mocha,16,11.23
8412,38164,18474,Almonds & Sea Salt in Dark Chocolate,19,9.32
8413,38508,196227,Lightly Salted Kettle Potato Chips - Sea Salt,19,4.06
8413,13113,196227,Organic Apple Juice Boxes,7,9.79
8413,19625,196227,Organic Chicken & Vegetable Potstickers,1,11.18
8414,7041,58615,Pecorino Romano,16,5.02
8414,29195,58615,Wild Sardines in Extra Virgin Olive Oil,15,5.4
8414,18963,58615,Apple Cider Vinegar,13,9.67
8414,38772,58615,Provolone,16,1.84
8415,43772,187817,Cherubs Heavenly Salad Tomatoes,4,1.15
8416,10603,111922,93% Ground Beef,12,3.6
8419,21933,49468,Clover Honey Squeeze Bottle,13,4.48
8419,39408,49468,Gala Apples,4,4.03
8419,2962,49468,"Milk, Reduced Fat, 2% Milkfat",16,8.89
8422,27796,64776,Real Mayonnaise,13,0.97
8425,45007,139154,Organic Zucchini,4,5.08
8425,32277,139154,Cashew Milk Dark Chocolate Truffle Ice Cream,1,7.77
8426,14437,48178,Total Greek Yogurt With Honey,16,6.44
8430,1940,77898,Organic 2% Reduced Fat Milk,16,1.23
8430,37940,77898,Original Strawberry Low Fat Yogurt,16,12.55
8431,960,142827,Villager Ipa,5,6.31
8434,42475,26189,Unsalted Butter Quarters,16,2.61
8436,26209,124547,Limes,4,4.37
8436,33709,124547,All Natural Medium Fire-Roasted Tomato & Jalapeno Salsa,13,4.1
8437,6069,151403,Maple Pumpkin Seeds with Sea Salt Chewy with a Crunch Granola Bars,19,7.32
8437,49519,151403,Raspberry Essence Water,7,10.84
8437,22286,151403,Organic Super Beet Juice,7,11.88
8438,5258,58460,Sparkling Water,7,10.95
8438,47141,58460,Cola,7,5.77
8441,25350,120457,Super Premium Natural Brown Paper Basket Coffee Filters (8-12 Cups),7,6.49
8442,13772,48480,Cherry Garcia Frozen Yogurt,1,12.07
8442,40203,48480,Mint Chip Ice Cream,1,5.4
8442,21756,48480,NUTrition Wholesome Nut Mix,19,10.17
8443,33956,169084,Mighty Mango Juice Smoothie,7,7.47
8446,10603,14367,93% Ground Beef,12,3.6
8447,31386,104042,Peach Yogurt Protein Drink With a Crunchy Shot,16,4.57
8452,13457,149937,Pad Thai Brown Rice Noodles,6,5.81
8455,12118,11661,Organic Whole Grain Spanish Rice,9,4.97
8457,20670,148063,Organic Lentil Vegetable Soup,15,10.83
8457,16759,148063,Organic Carrot Bunch,4,4.17
8459,37067,151284,Organic Banana,4,10.85
8459,41408,151284,Goat's Milk Cheese,16,6.12
8462,14343,179588,Home Menu Meals for 2 Sweet & Sour Chicken,1,1.19
8462,24535,179588,Plain Whole Milk Yogurt,16,6.17
8462,30320,179588,Craveables Four Cheese Pizza,1,8.71
8462,31610,179588,Meatloaf and Mashed Potatoes,1,10.74
8463,26209,138404,Limes,4,4.37
8464,4972,81704,Mediterranean Fine Sea Salt,13,5.27
8465,13431,123837,Flaky Biscuits,13,1.83
8465,23737,123837,Organic 100% Grapefruit  Juice,7,8.02
8465,43662,123837,"Yogurt, Strained Low-Fat, Coconut",16,11.87
8472,8138,84587,Traditional Hummus,20,2.75
8474,6104,81547,Whole Milk Plain Yogurt,16,1.76
8474,45007,81547,Organic Zucchini,4,5.08
8475,890,188279,Organic Diced Tomatoes,15,1.35
8477,33956,38610,Mighty Mango Juice Smoothie,7,7.47
8480,39408,136112,Gala Apples,4,4.03
8481,12427,169542,Original Beef Jerky,19,3.08
8482,26604,130556,Organic Blackberries,4,8.08
8482,28785,130556,Organic Tahini,13,8.89
8483,39408,128799,Gala Apples,4,4.03
8484,29978,136503,Flushable Moist Wipes,11,3.3
8485,45866,129234,Fig Newmans Fruit Filled Cookies,19,2.46
8485,43192,129234,Dark with 70% Cacao Content Organic Chocolate Bar,19,5.04
8485,26209,129234,Limes,4,4.37
8485,12290,129234,Brie,16,10.11
8486,26209,175057,Limes,4,4.37
8487,6985,77924,Alfredo Sauce,9,11.07
8488,26209,4067,Limes,4,4.37
8488,260,4067,Cantaloupe,4,3.01
8490,42736,71189,Unsalted Butter,16,9.28
8490,1194,71189,Natural Artisan Water,7,7.42
8492,38610,40966,Vanilla Spice Perfect Energy,7,2.29
8494,24535,163222,Plain Whole Milk Yogurt,16,6.17
8495,32757,102332,Quiche Lorraine,20,3.08
8495,4343,102332,"Hot Cocoa Mix, Milk Chocolate Flavor",7,12.05
8499,10,74974,Sparkling Orange Juice & Prickly Pear Beverage,7,7.1
8499,39408,74974,Gala Apples,4,4.03
8499,5450,74974,Small Hass Avocado,4,5.77
8499,30755,74974,Smoked Mild Alaskan Sockeye Salmon,12,6.17
8501,26209,15579,Limes,4,4.37
8502,37630,150409,Boneless & Skinless Wild Alaskan Sockeye Salmon,15,2.83
8503,1919,83507,Diet Mountain Zevia Soda,7,5.14
8505,18656,95349,Organic Red Potato,4,1.93
8505,28465,95349,Icelandic Style Skyr Blueberry Non-fat Yogurt,16,8.32
8507,1025,113169,Organic Fresh Basil,4,11.34
8508,41035,172427,Fresh Bee Pollen Whole Granules,11,11.17
8508,11812,172427,XCT Oil,11,3.91
8510,24695,127529,Organic Nonfat Yogurt Plain,16,9.14
8511,34969,192725,Red Vine Tomato,4,9.25
8515,10603,177940,93% Ground Beef,12,3.6
8518,35939,102345,Organic Jalapeno Pepper,4,9.93
8518,26604,102345,Organic Blackberries,4,8.08
8519,37460,157941,No Sugar Added Variety Fruit Bars,1,5.99
8520,35467,201779,Semi Sweet Chocolate Mega Chunks Dairy Nut & Soy Free,13,6.61
8523,9597,175168,Sweet Kale Chopped Salad,4,3.58
8523,32211,175168,Whole Grains Oatnut Bread,3,8.78
8524,26209,1548,Limes,4,4.37
8524,43662,1548,"Yogurt, Strained Low-Fat, Coconut",16,11.87
8526,35383,44463,Classic White Bread,3,6.03
8526,23799,44463,Vanilla Pudding,16,8.67
8526,45566,44463,Clean Up Cleaner with Bleach Fresh Scent,17,12.39
8527,43662,170280,"Yogurt, Strained Low-Fat, Coconut",16,11.87
8527,31215,170280,Lemon Yogurt,16,10.41
8527,21614,170280,Crackers Harvest Whole Wheat,19,2.38
8531,22565,84275,"Disinfecting Wipes, Lemon Scent",17,6.39
8531,12312,84275,Lavender Hand Soap,11,11.33
8531,8224,84275,Chicken Bouillon Cubes,15,2.12
8533,6069,51571,Maple Pumpkin Seeds with Sea Salt Chewy with a Crunch Granola Bars,19,7.32
8537,1862,116937,Tuna Fillets in Olive Oil,15,7.05
8537,29397,116937,Chickpeas! Penne Pasta,9,4.64
8540,8390,8088,Diet Ginger Ale,7,12.0
8542,16145,65961,Organic Cannellini Beans,15,5.1
8542,17080,65961,Clementina Sparkling Beverage,7,5.69
8546,86,96295,"Camilia, Single Liquid Doses",2,2.03
8547,890,110469,Organic Diced Tomatoes,15,1.35
8552,8910,15896,Smooth Almond Butter,13,2.04
8552,43244,15896,"Seasoning, All-Purpose",13,4.36
8552,24830,15896,Organic Romaine,4,10.27
8554,15011,20225,"Pita Chips, Simply Naked",19,11.46
8554,47885,20225,Black Bean Salad,20,11.99
8554,23765,20225,Organic Smoked Turkey Breast,20,10.28
8555,22487,13739,Quick Tie Tall Kitchen Bags,17,12.17
8555,29886,13739,Key Lime Sparkling Water,7,10.88
8556,13457,160381,Pad Thai Brown Rice Noodles,6,5.81
8559,27796,140464,Real Mayonnaise,13,0.97
8559,40310,140464,Oven Roasted Turkey Breast,20,8.23
8560,26209,36667,Limes,4,4.37
8560,35939,36667,Organic Jalapeno Pepper,4,9.93
8561,28527,50761,White Horseradish,13,12.12
8561,24497,50761,Organic Cauliflower Florets,4,7.52
8565,30827,85394,Seedless Cucumbers,4,5.22
8567,6104,138661,Whole Milk Plain Yogurt,16,1.76
8567,35065,138661,Orange Strawberry Banana Juice,7,2.03
8570,20842,64852,Total 0% Greek Yogurt,16,9.2
8571,5875,55404,Roasted Garlic & Gruyere Cheese Smoked Chicken Sausage,12,8.44
8572,20842,31292,Total 0% Greek Yogurt,16,9.2
8573,22504,144019,Organic Mountain Forest Amber Honey,13,2.16
8573,26209,144019,Limes,4,4.37
8577,22703,120017,"Jack's Special, Medium Salsa",13,8.76
8581,28745,81835,Oven Roasted Turkey,20,7.99
8583,27275,107843,Pineapple Strawberry Sparkling Water,7,7.09
8584,11865,187671,Light & Lean Spaghetti Italiano with Meatless Meatballs,1,12.22
8584,49273,187671,Light and Lean Quinoa Black Beans with Butternut Squash and Chard,1,1.34
8588,7963,22104,Gluten Free Whole Grain Bread,1,4.53
8590,28413,102947,Bunny-Luv Organic Carrots,4,7.3
8596,21057,42037,Organic Brown Rice Spaghetti,9,6.56
8599,45007,160090,Organic Zucchini,4,5.08
8599,10874,160090,Zero Calorie Lemon Lime Twist Soda,7,0.91
8599,24830,160090,Organic Romaine,4,10.27
8599,46802,160090,Pineapple Chunks,1,6.76
8599,38562,160090,Pomegranate Arils,4,2.59
8602,47866,90673,Jalapeno Potato Chips,19,12.02
8602,41557,90673,Original Deli Style Pretzel Crackers,19,2.2
8602,21225,90673,Honey Bunches With Almonds Cereal,14,1.97
8602,25691,90673,Original Life Cereal,14,4.24
8603,7963,95296,Gluten Free Whole Grain Bread,1,4.53
8604,35939,162744,Organic Jalapeno Pepper,4,9.93
8605,45260,29207,Organic Virgin Coconut Oil,13,5.45
8610,17426,121219,Simply Sea Salted Thick Cut Potato Chips,19,9.75
8611,3651,199918,Dairy Pure Fresh Half & Half,16,5.99
8612,11068,53360,Medium Cheddar Cheese Block,16,1.9
8612,30727,53360,Vanilla Almond Fit Granola,14,7.19
8612,7120,53360,Organic Whole Wheat Sourdough Bread,3,7.86
8613,41643,30548,Super V Fruit Punch Fruit & Vegetable Juice Drink,7,7.07
8613,29140,30548,Coke Life,7,10.78
8613,41754,30548,Thins Original,21,1.09
8613,34321,30548,Original Pepperoni,20,2.51
8613,10888,30548,Organic Gummy Worms,19,11.12
8614,8954,70411,Premium Pepperoni Pizza in Garlic Buttery Crust Sandwiches,1,6.59
8615,7963,150651,Gluten Free Whole Grain Bread,1,4.53
8615,10761,150651,Organic Yokids Lemonade/Blueberry Variety Pack Yogurt Squeezers Tubes,16,4.56
8617,5450,118191,Small Hass Avocado,4,5.77
8618,22627,20712,Gluten Free Flour,13,7.99
8618,890,20712,Organic Diced Tomatoes,15,1.35
8620,46444,190584,"8\"" Cherry Pie",3,1.31
8621,41625,151371,Organic Half Spring Mix,4,5.93
8621,9933,151371,Maxi Regular Pads,11,1.75
8623,20674,169586,Golden Fries French Fried Potatoes,1,8.69
8624,18656,99904,Organic Red Potato,4,1.93
8624,27433,99904,Artisan French Rolls,1,4.71
8624,12464,99904,Muscat Grapes,4,2.5
8624,17789,99904,Soy Free Buttery Spread,16,11.19
8627,19677,165552,Original Pure Creamy Almond Milk,16,6.4
8627,19003,165552,Celery,4,5.68
8629,20221,161507,Rib Rub Seasoning,13,9.56
8629,7751,161507,Tomato Ketchup,13,1.99
8629,43183,161507,Deli Fresh Shaved Smoked Turkey Breast,20,12.45
8629,11233,161507,100% Whole Wheat Pre-Sliced Sandwich Thins,3,5.2
8630,2369,73457,Brownie Brittle Toffee Crunch,19,6.76
8631,8138,16247,Traditional Hummus,20,2.75
8636,12591,145637,Peach Mango Stage 2 Baby Food,18,11.86
8638,43772,57582,Cherubs Heavenly Salad Tomatoes,4,1.15
8638,18222,57582,Pro-Health Multi-Protection Alcohol Free Mouthwash,11,2.59
8639,11707,48936,Peanut Butter Chocolate Chip Macrobar,19,8.92
8639,46820,48936,Vanilla Pure Almond Milk,16,11.94
8640,47966,152857,Old Fashioned Rolled Oats,14,2.74
8642,24830,31468,Organic Romaine,4,10.27
8642,26209,31468,Limes,4,4.37
8642,13431,31468,Flaky Biscuits,13,1.83
8642,42736,31468,Unsalted Butter,16,9.28
8643,24419,170857,"Yogurt, Lowfat, Plain",16,4.78
8646,518,53491,Turkey Meatloaf & Mashed Potatoes,1,1.66
8647,45007,39147,Organic Zucchini,4,5.08
8648,35065,158482,Orange Strawberry Banana Juice,7,2.03
8648,34969,158482,Red Vine Tomato,4,9.25
8648,42736,158482,Unsalted Butter,16,9.28
8651,26897,170224,"Salsa, Medium",13,9.81
8653,26209,45787,Limes,4,4.37
8654,1940,109082,Organic 2% Reduced Fat Milk,16,1.23
8654,37067,109082,Organic Banana,4,10.85
8654,33135,109082,Organic Blueberry Kefir,16,8.24
8655,26604,11588,Organic Blackberries,4,8.08
8656,13249,43341,Skim Milk,16,9.33
8656,36735,43341,Organic Roasted Sliced Chicken Breast,20,10.42
8657,35948,52906,Tonic Water,7,7.7
8657,26209,52906,Limes,4,4.37
8658,18019,22507,Macaroni & Cheese Dinner Original Flavor,9,3.73
8661,45163,79948,Seaweed Rice Chips Sea Salt,19,8.17
8662,26209,129237,Limes,4,4.37
8662,39024,129237,Edamame In Pod,1,5.6
8663,41806,84156,Organic Greek Whole Milk Blended Strawberry Yogurt,16,7.97
8664,3464,75446,"Organic Butterhead (Boston, Butter, Bibb) Lettuce",4,9.0
8664,43421,75446,"Little Yums Spinach, Apple, and Kale Teething Wafers",18,5.55
8664,12779,75446,Spaghetti Squash,4,5.49
8665,43768,204312,Organic Bell Pepper,4,2.4
8666,43662,205101,"Yogurt, Strained Low-Fat, Coconut",16,11.87
8668,17678,15196,Large Pitted California Ripe Olives,13,4.03
8669,38558,102527,Organic Low Fat Cottage Cheese,16,9.47
8670,20842,194081,Total 0% Greek Yogurt,16,9.2
8670,30353,194081,Curate Cherry Lime Sparkling Water,7,1.86
8671,37066,178979,Original Cherry Orchard Yogurt,16,9.7
8674,26209,27682,Limes,4,4.37
8676,46820,145093,Vanilla Pure Almond Milk,16,11.94
8676,35176,145093,Cream Cheese Cream Cheese Spread,16,3.27
8676,9807,145093,Organic Shells & White Cheddar Macaroni and Cheese,9,1.5
8676,12240,145093,Vanilla Protein Almond Milk,16,3.4
8676,3464,145093,"Organic Butterhead (Boston, Butter, Bibb) Lettuce",4,9.0
8676,37067,145093,Organic Banana,4,10.85
8676,34969,145093,Red Vine Tomato,4,9.25
8677,5258,17356,Sparkling Water,7,10.95
8678,12614,48862,Yellow Grape Tomatoes,4,1.39
8678,24492,48862,All Natural Won Ton Wraps,6,5.98
8679,25199,177201,Classic Chicken Salad,20,4.26
8679,26209,177201,Limes,4,4.37
8680,43659,73735,Gluten Free Linguini,9,4.01
8682,43772,205388,Cherubs Heavenly Salad Tomatoes,4,1.15
8685,5450,112144,Small Hass Avocado,4,5.77
8688,10094,35293,Decaffeinated Tea,7,10.45
8690,16759,149082,Organic Carrot Bunch,4,4.17
8691,28990,35086,Curly Parsley Bunch,4,6.7
8691,3177,35086,Thick Spaghetti Pasta,9,1.79
8691,39408,35086,Gala Apples,4,4.03
8693,19221,113308,Buttery Sticks,16,7.62
8693,27607,113308,Sliced Peaches in 100% Juice,15,7.65
8693,23874,113308,Kosher Recipe Secrets Soup & Dip Mix Onion,15,5.42
8694,781,169550,Organic Shredded Mild Cheddar,16,2.78
8694,260,169550,Cantaloupe,4,3.01
8694,13221,169550,Toilet Bowl Cleaner - Emerald Cypress and Fir,17,5.31
8694,12572,169550,6 OZ LA PANZANELLA CROSTINI ORIGINAL CRACKERS,19,1.78
8694,4518,169550,Organic Pomegranate,4,0.94
8696,6069,140440,Maple Pumpkin Seeds with Sea Salt Chewy with a Crunch Granola Bars,19,7.32
8696,21949,140440,White Cheddar Semisoft Cheese,16,9.24
8696,23535,140440,Sea Salt Chickpeas,19,2.71
8696,14437,140440,Total Greek Yogurt With Honey,16,6.44
8697,10603,141346,93% Ground Beef,12,3.6
8697,29334,141346,Leek,4,6.09
8698,7963,89672,Gluten Free Whole Grain Bread,1,4.53
8698,26604,89672,Organic Blackberries,4,8.08
8700,17154,12090,Berry Veggie Juice Smoothie,7,6.39
8700,43821,12090,1 Apple + 1 Mango Fruit Bar,19,4.67
8705,22224,52385,Whole Milk Plain Greek Yogurt,16,2.08
8707,12846,204605,Pomegranate Blackberry Probiotics Juice Drink,7,10.26
8708,18689,192245,Dairy-Free Chive Cream Cheese,16,10.12
8709,19173,32208,Orange Calcium & Vitamin D Pulp Free,7,11.11
8710,26209,75566,Limes,4,4.37
8712,15820,24634,Cafe Cuisine Sesame Chicken,1,4.26
8712,38049,24634,Crispy Rounds Tortilla Chips,19,1.15
8714,45007,38460,Organic Zucchini,4,5.08
8714,41259,38460,Poblano Pepper,4,10.56
8715,18963,201561,Apple Cider Vinegar,13,9.67
8716,42736,164908,Unsalted Butter,16,9.28
8717,16908,171667,Jacob's Wonderbar Dark Roast,7,11.01
8717,34969,171667,Red Vine Tomato,4,9.25
8719,37067,50400,Organic Banana,4,10.85
8720,26209,177201,Limes,4,4.37
8720,46802,177201,Pineapple Chunks,1,6.76
8720,25199,177201,Classic Chicken Salad,20,4.26
8723,28990,153576,Curly Parsley Bunch,4,6.7
8723,18494,153576,Lychees In Heavy Syrup,6,4.04
8723,42693,153576,Talenti Banana Chocolate Swirl Gelato,1,11.63
8724,4149,63946,Frozen Organic Blueberries,4,11.59
8724,37067,63946,Organic Banana,4,10.85
8724,5068,63946,Cauliflower Florets,4,5.04
8726,38491,146619,Beef Quarter Pound 4 Ct Franks,12,3.65
8726,34969,146619,Red Vine Tomato,4,9.25
8727,37940,63643,Original Strawberry Low Fat Yogurt,16,12.55
8728,5450,7701,Small Hass Avocado,4,5.77
8729,1503,94243,Low Fat Cottage Cheese,16,1.45
8732,45866,70028,Fig Newmans Fruit Filled Cookies,19,2.46
8732,41291,70028,Nuts And Seeds Energy Bar,19,3.8
8733,39408,6820,Gala Apples,4,4.03
8733,26604,6820,Organic Blackberries,4,8.08
8736,4698,4851,Oscillo Oscillococcinum Quick-Dissolving Pellets,11,1.47
8736,26209,4851,Limes,4,4.37
8736,46820,4851,Vanilla Pure Almond Milk,16,11.94
8737,2452,136594,Naturals Chicken Nuggets,1,1.24
8737,45007,136594,Organic Zucchini,4,5.08
8739,12315,75555,Dairy Free Hazelnut Coconut Milk Creamer,16,12.03
8739,890,75555,Organic Diced Tomatoes,15,1.35
8739,26209,75555,Limes,4,4.37
8739,16759,75555,Organic Carrot Bunch,4,4.17
8740,26604,31535,Organic Blackberries,4,8.08
8744,12846,57757,Pomegranate Blackberry Probiotics Juice Drink,7,10.26
8744,37067,57757,Organic Banana,4,10.85
8746,22123,177810,1% Low Fat Chocolate Milk,16,7.67
8749,46788,157878,Moisture Rich Luxurious Shampoo with Pump,11,2.97
8750,6104,204548,Whole Milk Plain Yogurt,16,1.76
8750,42469,204548,Pacific Cod Fillet,12,5.47
8750,39787,204548,Smoked Wild Alaskan Coho Salmon,12,10.15
8750,11707,204548,Peanut Butter Chocolate Chip Macrobar,19,8.92
8753,26209,25873,Limes,4,4.37
8753,35948,25873,Tonic Water,7,7.7
8755,47866,155354,Jalapeno Potato Chips,19,12.02
8757,46584,108768,YoKids Blueberry & Strawberry/Vanilla Yogurt,16,8.82
8760,7116,12884,Large Enriched Bread,3,2.99
8762,33120,68183,Organic Egg Whites,16,5.33
8763,15382,179756,Organic Wild Berry Blend,7,1.13
8766,1700,68309,White Cheddar Popcorn,19,5.86
8766,3464,68309,"Organic Butterhead (Boston, Butter, Bibb) Lettuce",4,9.0
8769,7483,70742,Chive & Onion Cream Cheese Spread,16,11.48
8769,28748,70742,Nuggets Assortment,19,6.86
8770,15869,172070,Sweet Hot Dog Buns,3,6.31
8770,47504,172070,Blueberry Breakfast Biscuits,14,7.81
8773,40198,145761,Blueberry Yoghurt,16,8.81
8776,11865,79444,Light & Lean Spaghetti Italiano with Meatless Meatballs,1,12.22
8776,46990,79444,Ground Buffalo,12,10.44
8776,9955,79444,Unsweetened Organic Coconut Milk,16,6.48
8776,37355,79444,Organic Extra Virgin Coconut Oil,13,1.06
8777,13249,114754,Skim Milk,16,9.33
8777,37538,114754,Organic Sweet Pea,4,3.61
8781,2596,73487,Lemon Cake Ice Cream,1,2.8
8782,12427,190496,Original Beef Jerky,19,3.08
8786,33120,79460,Organic Egg Whites,16,5.33
8787,26604,133233,Organic Blackberries,4,8.08
8788,17403,156331,Caramel Almond & Sea Salt Fruit & Nut Bars,19,5.22
8789,33735,96531,Chick Peas Garbanzos,15,1.64
8790,28465,168274,Icelandic Style Skyr Blueberry Non-fat Yogurt,16,8.32
8793,38562,50338,Pomegranate Arils,4,2.59
8794,46820,164894,Vanilla Pure Almond Milk,16,11.94
8796,24830,42276,Organic Romaine,4,10.27
8797,13249,104701,Skim Milk,16,9.33
8798,41716,149498,Jalapeno,19,11.83
8798,17789,149498,Soy Free Buttery Spread,16,11.19
8799,38456,113831,Large Grapefruit,4,3.38
8799,27578,113831,Sweet Potato Skinny Stick Snacks,19,10.85
8799,37619,113831,Light Vegetable Oil Spread,16,8.59
8800,47380,89439,New York Style Nova Lox,12,8.72
8800,12312,89439,Lavender Hand Soap,11,11.33
8802,49247,129266,Coconut Yoghurt,16,4.8
8802,42972,129266,Natural Pure Sparkling Water,7,4.77
8802,26604,129266,Organic Blackberries,4,8.08
8806,26604,144267,Organic Blackberries,4,8.08
8808,37067,54323,Organic Banana,4,10.85
8813,48953,91150,Lettuce Medley,4,4.64
8814,33897,178819,Chicken Wings,12,5.64
8817,27690,24621,Apple Cinnamon GoGo Squeez,19,6.29
8817,39055,24621,Mild Salsa Roja,20,12.54
8817,16874,24621,Chocolate Fudge Brownie Ice Cream,1,4.04
8817,12276,24621,Chocolate Chip Cookie Dough Ice Cream,1,8.4
8819,7898,166748,Ginger Beer,7,2.12
8819,25283,166748,Lasagne Pasta,9,8.3
8820,22419,117967,Jasmine Enriched Long Grain Rice,9,9.53
8820,3358,117967,"Rising Crust Supreme (Sausage, Pepperoni, Red Peppers, Green Peppers, Onions, Black Olives) Frozen Pizza",1,5.69
8820,36086,117967,Philadelphia Original Cream Cheese,16,2.08
8821,10193,56415,Shredded Carrots,4,11.21
8821,44570,56415,Kale Greens,4,4.15
8821,38722,56415,3 Cheese Italian Freshly Shredded Cheese,16,12.34
8821,35042,56415,Black Beans,15,5.95
8821,46673,56415,Ultra Original Scent Dishwashing Liquid,17,8.73
8822,12779,160441,Spaghetti Squash,4,5.49
8823,48370,36627,Sensitive Toilet Paper,17,9.33
8823,30353,36627,Curate Cherry Lime Sparkling Water,7,1.86
8823,43409,36627,Frosted Mini-Wheats Original Cereal,14,12.46
8823,22920,36627,Roasted & Salted Shelled Pistachios,19,7.88
8824,17789,156500,Soy Free Buttery Spread,16,11.19
8826,26604,44639,Organic Blackberries,4,8.08
8828,33120,142813,Organic Egg Whites,16,5.33
8830,26209,63029,Limes,4,4.37
8831,17044,176866,French Baguette,3,6.85
8831,34214,176866,Pesto Pizza,1,5.46
8831,36315,176866,Low Fat Split Pea Soup,15,12.38
8831,26209,176866,Limes,4,4.37
8831,27796,176866,Real Mayonnaise,13,0.97
8831,30675,176866,Edamame Soybeans in Pods,1,8.2
8831,32923,176866,Organic Triple Berry Blend,1,11.94
8831,41304,176866,"Rice and Corn Puffs, Baked, Aged White Cheddar",21,2.04
8831,30151,176866,Burrito Size Flour Tortillas,3,4.53
8832,38426,100486,Organic Cotton Balls,11,7.36
8834,22090,145628,Corn De Maiz Blanco Tortillas,3,8.11
8834,26209,145628,Limes,4,4.37
8836,39408,48588,Gala Apples,4,4.03
8837,34969,68160,Red Vine Tomato,4,9.25
8838,41860,84783,Sea Salt Baked Potato Chips,19,5.7
8838,2535,84783,Shaved Parmesan,16,9.81
8840,5450,193972,Small Hass Avocado,4,5.77
8841,22828,179175,Sea Salt Caramel Ice Cream,1,5.04
8841,11494,179175,Cookie Dough Ice Cream Chocolate Chip,21,8.87
8841,4163,179175,Spanish Rice Pilaf Mix,9,7.87
8842,10527,69723,Whipped Butter,16,3.95
8842,36792,69723,Gluten Free Omega Flax & Fiber Bread,3,3.98
8844,20158,6573,Tofu Firm,20,2.42
8845,44787,49088,Stage 1 - Just Prunes,18,6.69
8845,14645,49088,De Mexico,7,11.72
8847,43772,63687,Cherubs Heavenly Salad Tomatoes,4,1.15
8847,31502,63687,Take & Bake French Dinner Rolls,3,3.75
8849,43192,32766,Dark with 70% Cacao Content Organic Chocolate Bar,19,5.04
8851,13249,148856,Skim Milk,16,9.33
8852,36070,87631,"Super Spinach! Baby Spinach, Baby Bok Choy, Sweet Baby Kale",4,4.34
8854,38558,37175,Organic Low Fat Cottage Cheese,16,9.47
8856,26209,94872,Limes,4,4.37
8857,11950,47667,Madagascar Vanilla Ice Cream,1,3.42
8857,31513,47667,Kefir Cultured Milk Smoothie Plain,16,1.1
8859,30675,193012,Edamame Soybeans in Pods,1,8.2
8860,48907,197129,Garden Salad Mix,4,4.02
8860,36783,197129,"Corn Meal, Yellow",13,8.64
8860,20534,197129,Whole Kernel Golden Corn,15,11.75
8861,6638,97865,Organic Brown Rice Crisps Cereal,14,1.39
8862,25930,170243,Pure Cane Confectioners 10-X Powdered Sugar,13,9.37
8866,14870,192596,Icelandic Style Fat Free Plain Yogurt,16,4.27
8866,28465,192596,Icelandic Style Skyr Blueberry Non-fat Yogurt,16,8.32
8868,21394,80276,Light Imported Beer From Mexico,17,8.47
8870,22658,49420,Organic Curry Powder,13,9.64
8873,6244,108309,Club Soda Lower Sodium,7,5.76
8873,26209,108309,Limes,4,4.37
8874,1117,37560,Turkey Bacon,12,11.85
8877,13733,153424,Red Potatoes,4,4.73
8879,5450,81144,Small Hass Avocado,4,5.77
8879,38508,81144,Lightly Salted Kettle Potato Chips - Sea Salt,19,4.06
8880,30827,12446,Seedless Cucumbers,4,5.22
8881,31334,204023,Chocolate Almond & Sea Salt with Chia Granola Bars,19,2.94
8882,30696,68418,Eggo Homestyle Waffles,1,6.45
8884,40310,1948,Oven Roasted Turkey Breast,20,8.23
8885,38824,20571,Deli Sliced Swiss Cheese,16,2.01
8885,39844,20571,Mini Sweet Peppers,4,11.24
8886,2664,117170,First Prunes,18,3.44
8886,28698,117170,Asian Noodle Salad,20,1.65
8888,5450,157481,Small Hass Avocado,4,5.77
8889,6647,85977,Navel Orange,4,4.34
8889,48907,85977,Garden Salad Mix,4,4.02
8889,31706,85977,Sugar Free Chocolate,16,2.26
8890,32442,148028,Organic Original Tofu Veggie Burger,20,11.35
8896,42372,32939,Pineapple on the Bottom Greek Yogurt,16,11.02
8896,28749,32939,Clasico Instant Coffee,7,5.59
8897,27514,31885,Maple Glazed Honey Ham,20,6.39
8897,22124,31885,Total 0% Raspberry Yogurt,16,9.08
8897,26209,31885,Limes,4,4.37
8898,26209,199688,Limes,4,4.37
8901,611,58965,Uncured Hard Salami,20,7.19
8901,48172,58965,Culture Club Kombucha Goji Ginger,7,7.83
8901,46584,58965,YoKids Blueberry & Strawberry/Vanilla Yogurt,16,8.82
8902,31608,162196,Minis Candy,19,5.84
8903,10819,87926,Original Craisins,19,8.5
8903,45592,87926,Unstopables Fresh In-Wash Scent Booster Fabric Enhancer,17,2.01
8903,15366,87926,Blueberry Soy Yogurt,16,7.71
8904,2962,172621,"Milk, Reduced Fat, 2% Milkfat",16,8.89
8904,575,172621,Organic Medium Yellow Thai Curry,13,7.07
8908,19901,21221,Pure Vanilla Protein Superfood Packet,11,4.19
8909,23671,45018,Organic Black Chia Seed Superfood,19,6.0
8909,4149,45018,Frozen Organic Blueberries,4,11.59
8911,48939,100937,Extra IPA Beer,5,11.66
8913,26209,933,Limes,4,4.37
8915,47866,188841,Jalapeno Potato Chips,19,12.02
8915,32757,188841,Quiche Lorraine,20,3.08
8916,26209,41151,Limes,4,4.37
8917,24535,157419,Plain Whole Milk Yogurt,16,6.17
8917,26604,157419,Organic Blackberries,4,8.08
8920,10,160869,Sparkling Orange Juice & Prickly Pear Beverage,7,7.1
8921,969,117336,Petite Green Peas,1,10.84
8921,11384,117336,Naturally Brewed Soy Sauce,6,9.97
8921,46025,117336,Pineapple Slices in 100% Pineapple Juice,15,10.22
8921,27796,117336,Real Mayonnaise,13,0.97
8922,45064,12114,Honey Wheat Bread,3,1.52
8923,14645,115412,De Mexico,7,11.72
8923,2820,115412,Francese Deli Rolls,3,7.97
8924,27315,189025,The Original Biscuits,19,7.86
8925,42240,180734,Ultra Soft Facial Tissues,17,12.0
8925,49397,180734,CopperTop AAA Alkaline,17,11.62
8925,1940,180734,Organic 2% Reduced Fat Milk,16,1.23
8926,37752,174706,Dinner Rolls,3,4.51
8933,26604,23618,Organic Blackberries,4,8.08
8933,27690,23618,Apple Cinnamon GoGo Squeez,19,6.29
8937,26209,46241,Limes,4,4.37
8937,20947,46241,Passionberry Bliss Kombucha Drink,7,11.87
8940,46584,115425,YoKids Blueberry & Strawberry/Vanilla Yogurt,16,8.82
8942,24830,186419,Organic Romaine,4,10.27
8943,13113,13120,Organic Apple Juice Boxes,7,9.79
8945,31441,112092,French Butter Cookies Coated In Milk Chocolate,19,12.43
8946,1233,10570,Baking Bar Ghirardelli 60% Cacao,13,5.48
8948,22504,200904,Organic Mountain Forest Amber Honey,13,2.16
8949,5450,94347,Small Hass Avocado,4,5.77
8950,260,77620,Cantaloupe,4,3.01
8950,3090,77620,Very Berry Flavor Sparkling Mineral Water,7,3.56
8950,17044,77620,French Baguette,3,6.85
8951,28745,11231,Oven Roasted Turkey,20,7.99
8951,890,11231,Organic Diced Tomatoes,15,1.35
8951,7598,11231,Organic Unsweetened Creamy Cashewmilk,16,8.56
8952,15830,199505,Unbleached Self Rising Flour,13,7.66
8953,12640,111139,Sport Bottle with Flip Cap Natural Spring Water,7,4.94
8953,45683,111139,Heavy Duty Scrub Sponge,17,9.11
8955,42110,166728,Organic Macaroni Shells & Real Aged Cheddar,9,12.09
8955,29978,166728,Flushable Moist Wipes,11,3.3
8955,30696,166728,Eggo Homestyle Waffles,1,6.45
8955,9641,166728,"Action Pacs, Fresh Scent with Dawn",17,2.31
8960,32069,43584,Organic Whole Grain Brown Rice Microwaveable Pouches,9,8.43
8963,260,102119,Cantaloupe,4,3.01
8963,5867,102119,Gluten Free Popped Apple Cinnamon Rice Crisps,19,7.15
8965,12614,149121,Yellow Grape Tomatoes,4,1.39
8967,26604,178899,Organic Blackberries,4,8.08
8969,15869,111623,Sweet Hot Dog Buns,3,6.31
8969,22565,111623,"Disinfecting Wipes, Lemon Scent",17,6.39
8972,22124,113914,Total 0% Raspberry Yogurt,16,9.08
8972,44375,113914,Canned Aranciata Orange,7,3.21
8974,45007,84436,Organic Zucchini,4,5.08
8975,46025,8420,Pineapple Slices in 100% Pineapple Juice,15,10.22
8975,5450,8420,Small Hass Avocado,4,5.77
8976,20842,150212,Total 0% Greek Yogurt,16,9.2
8978,1025,47640,Organic Fresh Basil,4,11.34
8979,15273,145694,Organic Jumbo Grade A Pastured Eggs,16,5.15
8979,44071,145694,Sticky Toffee Pudding,16,5.02
8981,3464,175560,"Organic Butterhead (Boston, Butter, Bibb) Lettuce",4,9.0
8982,49519,21119,Raspberry Essence Water,7,10.84
8982,35078,21119,Seriously Sharp Cheddar Cheese,16,4.43
8982,2452,21119,Naturals Chicken Nuggets,1,1.24
8984,32429,50123,Red Mango,4,3.5
8985,42110,105916,Organic Macaroni Shells & Real Aged Cheddar,9,12.09
8985,31517,105916,"A Zesty Tomato Sauce Combined with Garlic, Onion and Basil Marinara Sauce",9,8.25
8988,38269,146634,April Fresh Fabric Softener Sheets,17,8.62
8988,40310,146634,Oven Roasted Turkey Breast,20,8.23
8988,926,146634,Crispy Thin Crust White Pizza,1,7.03
8988,40350,146634,Goddess Dressing,13,11.39
8988,44368,146634,Fresh Mozzarella Cheese,16,11.12
8990,47630,54365,Medium Navel Orange,4,5.6
8991,27509,109631,Organic Seasoned Yukon Select Potatoes Hashed Browns,1,5.21
8991,28963,109631,Naked Sponges - 2 CT,17,1.05
8993,1700,96932,White Cheddar Popcorn,19,5.86
8994,5072,139436,Dark Chocolate Raspberry Ice Cream Bars,1,3.54
9000,20842,119811,Total 0% Greek Yogurt,16,9.2
9001,14267,111357,Organic Refried Black Beans,15,9.37
9002,6104,56081,Whole Milk Plain Yogurt,16,1.76
9005,48099,10548,Truffle Parmesan Macaroni & Cheese Bowl,1,9.05
9005,25331,10548,Chocolate Malt,1,3.53
9009,27796,95553,Real Mayonnaise,13,0.97
9009,28578,95553,Brown Ale,5,7.76
9010,44368,31324,Fresh Mozzarella Cheese,16,11.12
9011,1649,24106,Pretzel Snaps Bonus Bag,19,5.33
9011,40310,24106,Oven Roasted Turkey Breast,20,8.23
9014,47866,62006,Jalapeno Potato Chips,19,12.02
9015,20670,108369,Organic Lentil Vegetable Soup,15,10.83
9015,44570,108369,Kale Greens,4,4.15
9016,10500,76893,Cool Mint® Antiseptic Adult Mouthwash,11,12.18
9018,42736,41862,Unsalted Butter,16,9.28
9020,5450,205096,Small Hass Avocado,4,5.77
9020,8138,205096,Traditional Hummus,20,2.75
9023,46802,120902,Pineapple Chunks,1,6.76
9023,24830,120902,Organic Romaine,4,10.27
9024,2113,120511,Ultra Comfort Care Mega Roll Toilet Paper,17,12.47
9027,10761,85757,Organic Yokids Lemonade/Blueberry Variety Pack Yogurt Squeezers Tubes,16,4.56
9027,18963,85757,Apple Cider Vinegar,13,9.67
9027,2535,85757,Shaved Parmesan,16,9.81
9028,26209,182671,Limes,4,4.37
9029,1202,150348,Organic Whole Grain Oatmeal Cereal Baby Food,18,9.64
9031,20842,36928,Total 0% Greek Yogurt,16,9.2
9031,44570,36928,Kale Greens,4,4.15
9032,42736,74642,Unsalted Butter,16,9.28
9033,5068,7229,Cauliflower Florets,4,5.04
9035,12469,181819,Strawberry Flavor Fermented Dairy Probiotic Acidophilus+C,11,9.89
9044,15366,191715,Blueberry Soy Yogurt,16,7.71
9046,38966,6689,Unsalted Peanut Butter Filled Pretzels,19,5.5
9046,34969,6689,Red Vine Tomato,4,9.25
9046,24267,6689,Orange Seltzer Water,7,4.61
9046,39024,6689,Edamame In Pod,1,5.6
9047,26488,52778,Organic Strawberry Grassfed Whole Milk Yogurt,16,10.35
9047,49026,52778,Plain Almond Milk Yogurt,16,12.26
9048,42345,92636,Baby Food Pouch - Roasted Carrot Spinach & Beans,18,4.39
9048,12932,92636,Super Greens Veggie Burgers,1,9.93
9048,35939,92636,Organic Jalapeno Pepper,4,9.93
9048,30878,92636,Organic Chopped Ginger,13,1.6
9048,45007,92636,Organic Zucchini,4,5.08
9050,14371,20096,Organic Nonfat Milk,16,10.79
9056,32112,9160,Lemon Poppyseed Oat Bar,19,2.51
9057,45007,4789,Organic Zucchini,4,5.08
9058,27796,73139,Real Mayonnaise,13,0.97
9061,46802,108539,Pineapple Chunks,1,6.76
9062,45007,175304,Organic Zucchini,4,5.08
9062,43647,175304,Organic Asparagus Spears,1,11.18
9070,20842,101612,Total 0% Greek Yogurt,16,9.2
9070,32578,101612,Organic Fresh Squeezed Orange Juice,7,6.19
9072,890,137693,Organic Diced Tomatoes,15,1.35
9072,8896,137693,Southern Style White Corn Grits,14,10.63
9077,24830,38834,Organic Romaine,4,10.27
9079,1194,74265,Natural Artisan Water,7,7.42
9081,33120,124123,Organic Egg Whites,16,5.33
9081,12572,124123,6 OZ LA PANZANELLA CROSTINI ORIGINAL CRACKERS,19,1.78
9081,27690,124123,Apple Cinnamon GoGo Squeez,19,6.29
9081,44130,124123,Tea Tree Mint Treatment Shampoo,11,2.56
9085,43772,185050,Cherubs Heavenly Salad Tomatoes,4,1.15
9085,32429,185050,Red Mango,4,3.5
9085,7350,185050,Natural Lime Flavor Sparkling Mineral Water,7,1.88
9085,41602,185050,Deli Select Ultra Thin Honey Ham,20,4.95
9085,39055,185050,Mild Salsa Roja,20,12.54
9085,33326,185050,Cheese Finely Shredded Mexican Four Cheese Blend Reduced Fat 2%,16,6.55
9085,17877,185050,Original Petroleum Jelly,11,12.08
9086,1202,150569,Organic Whole Grain Oatmeal Cereal Baby Food,18,9.64
9087,13249,130696,Skim Milk,16,9.33
9087,13113,130696,Organic Apple Juice Boxes,7,9.79
9088,7185,79290,Rosemary Mini Croccantini,19,4.79
9089,12932,193817,Super Greens Veggie Burgers,1,9.93
9090,46584,13442,YoKids Blueberry & Strawberry/Vanilla Yogurt,16,8.82
9091,38456,180351,Large Grapefruit,4,3.38
9091,35939,180351,Organic Jalapeno Pepper,4,9.93
9092,1000,107436,Apricots,10,1.27
9093,28745,157855,Oven Roasted Turkey,20,7.99
9093,7963,157855,Gluten Free Whole Grain Bread,1,4.53
9093,38439,157855,Mara Natha Organic Peanut Butter Creamy,13,12.09
9096,36070,69483,"Super Spinach! Baby Spinach, Baby Bok Choy, Sweet Baby Kale",4,4.34
9096,35939,69483,Organic Jalapeno Pepper,4,9.93
9096,35883,69483,Solid White Albacore Tuna In Spring Water,15,11.69
9097,1940,47036,Organic 2% Reduced Fat Milk,16,1.23
9098,26604,88719,Organic Blackberries,4,8.08
9098,37355,88719,Organic Extra Virgin Coconut Oil,13,1.06
9098,890,88719,Organic Diced Tomatoes,15,1.35
9100,44787,134511,Stage 1 - Just Prunes,18,6.69
9100,12955,134511,"Super Foods/Organic Apples, Spinach, Peas & Broccoli + Super Chia Snack Pouch",18,3.05
9100,42345,134511,Baby Food Pouch - Roasted Carrot Spinach & Beans,18,4.39
9103,26604,177244,Organic Blackberries,4,8.08
9104,2452,153384,Naturals Chicken Nuggets,1,1.24
9106,1940,142767,Organic 2% Reduced Fat Milk,16,1.23
9107,49247,51625,Coconut Yoghurt,16,4.8
9110,18963,174948,Apple Cider Vinegar,13,9.67
9112,20463,37142,Organic Fat-Free Milk,16,1.48
9112,8390,37142,Diet Ginger Ale,7,12.0
9112,12919,37142,Coconut Sparkling Water,7,12.1
9114,1202,68184,Organic Whole Grain Oatmeal Cereal Baby Food,18,9.64
9116,16518,104686,Tropicals Sugar Free 1.65 fl oz Ice Pops,1,5.45
9117,38996,141775,Grape Tomatoes,4,4.64
9117,39046,141775,Smok Cured Turkey Bacon,12,6.84
9118,7963,48830,Gluten Free Whole Grain Bread,1,4.53
9118,41363,48830,Tofu Spring Roll,20,2.74
9119,47792,11457,Organic Beans & Rice Cheddar Cheese Burrito,1,8.35
9119,47630,11457,Medium Navel Orange,4,5.6
9119,14553,11457,Oats & Honey Granola,14,2.32
9121,20423,165547,Unfiltered Original Ginger Ale,7,5.82
9121,26177,165547,Organic Honey Nut O's Cereal,14,3.76
9122,45007,34350,Organic Zucchini,4,5.08
9122,21949,34350,White Cheddar Semisoft Cheese,16,9.24
9123,28246,166270,Sweet Vermouth,5,4.0
9124,33120,204271,Organic Egg Whites,16,5.33
9125,23765,155163,Organic Smoked Turkey Breast,20,10.28
9126,38558,158636,Organic Low Fat Cottage Cheese,16,9.47
9127,26209,156964,Limes,4,4.37
9127,26604,156964,Organic Blackberries,4,8.08
9131,45007,33055,Organic Zucchini,4,5.08
9132,47792,204868,Organic Beans & Rice Cheddar Cheese Burrito,1,8.35
9133,28465,26279,Icelandic Style Skyr Blueberry Non-fat Yogurt,16,8.32
9136,7854,23378,Freeze Dried Mango Slices,19,9.01
9136,26604,23378,Organic Blackberries,4,8.08
9136,6555,23378,Parmesan Beef Meatballs,12,9.19
9138,32569,48477,Peanut Butter Cracker Sandwiches,19,8.5
9138,23296,48477,Blueberry on the Bottom Nonfat Greek Yogurt,16,2.27
9138,10193,48477,Shredded Carrots,4,11.21
9140,2151,40754,Classic Vanilla Ice Cream Sandwiches,1,4.9
9140,24004,40754,Goldfish Parmesan Baked Snack Crackers,19,6.78
9142,36071,106215,Rigatoni No 50 Pasta,9,11.25
9143,48116,141557,Lowfat Kefir Plain Unsweetened,16,1.44
9144,1700,196065,White Cheddar Popcorn,19,5.86
9146,2298,195456,"Muffins, Mini, Flax, Chocolate Brownie",3,8.0
9148,27690,175742,Apple Cinnamon GoGo Squeez,19,6.29
9149,28745,160634,Oven Roasted Turkey,20,7.99
9152,26209,147095,Limes,4,4.37
9152,27413,147095,100% Mighty Mango Juice Smoothie,7,7.25
9154,13219,187296,Organic Unsweetened Plain Soymilk,16,12.53
9156,12427,142775,Original Beef Jerky,19,3.08
9157,43768,188677,Organic Bell Pepper,4,2.4
9157,45007,188677,Organic Zucchini,4,5.08
9157,27876,188677,Classic Spinach Ravioli,9,10.73
9157,44787,188677,Stage 1 - Just Prunes,18,6.69
9159,20842,4313,Total 0% Greek Yogurt,16,9.2
9159,10863,4313,Grain Free Turkey & Salmon Formula Cat Food,8,10.33
9159,26209,4313,Limes,4,4.37
9160,5013,95009,Nutty for 'Nana Low-Fat Greek Yogurt,16,9.29
9160,2639,95009,Lemon Blended Non-Fat Greek Yogurt,16,4.24
9161,28745,70247,Oven Roasted Turkey,20,7.99
9163,15693,55355,Organic Peach Oo La Long Tea,7,9.36
9163,47866,55355,Jalapeno Potato Chips,19,12.02
9169,10193,71092,Shredded Carrots,4,11.21
9172,26209,106672,Limes,4,4.37
9172,31958,106672,Spinach and Arugula Salad,4,9.62
9172,22487,106672,Quick Tie Tall Kitchen Bags,17,12.17
9172,45566,106672,Clean Up Cleaner with Bleach Fresh Scent,17,12.39
9173,28745,151673,Oven Roasted Turkey,20,7.99
9173,26604,151673,Organic Blackberries,4,8.08
9173,46584,151673,YoKids Blueberry & Strawberry/Vanilla Yogurt,16,8.82
9173,36070,151673,"Super Spinach! Baby Spinach, Baby Bok Choy, Sweet Baby Kale",4,4.34
9173,18337,151673,Classic Mild Cheddar Macaroni & Cheese,9,4.15
9173,12276,151673,Chocolate Chip Cookie Dough Ice Cream,1,8.4
9174,8638,66687,Vanilla Milk Chocolate Almond Ice Cream Bars,1,8.33
9174,39338,66687,Yuzu Ponzu Dressing,6,2.64
9177,46802,28455,Pineapple Chunks,1,6.76
9177,12118,28455,Organic Whole Grain Spanish Rice,9,4.97
9177,49284,28455,Fennel Seed,13,3.57
9177,20869,28455,Yellow Potato,4,4.45
9177,16145,28455,Organic Cannellini Beans,15,5.1
9177,33316,28455,Lemongrass & Clementine Zest Natural Dish Liquid,17,0.96
9177,38164,28455,Almonds & Sea Salt in Dark Chocolate,19,9.32
9178,5258,76947,Sparkling Water,7,10.95
9179,26604,10877,Organic Blackberries,4,8.08
9181,26209,169198,Limes,4,4.37
9181,19677,169198,Original Pure Creamy Almond Milk,16,6.4
9182,46992,43934,Real Cheddar Baked Cheese Puffs,19,3.16
9182,31215,43934,Lemon Yogurt,16,10.41
9182,17044,43934,French Baguette,3,6.85
9182,19173,43934,Orange Calcium & Vitamin D Pulp Free,7,11.11
9183,33120,107179,Organic Egg Whites,16,5.33
9185,24497,104130,Organic Cauliflower Florets,4,7.52
9186,6979,133886,S'mores,19,7.11
9189,49284,144611,Fennel Seed,13,3.57
9191,35042,7359,Black Beans,15,5.95
9191,25647,7359,Heirloom Tomato,4,4.3
9193,18027,108935,Ezekiel 4:9 Bread Organic Sprouted Whole Grain,3,11.3
9199,48812,86285,Variety Pack,17,7.23
9200,42404,63955,Multi Grain Waffles,1,12.48
9200,5450,63955,Small Hass Avocado,4,5.77
9201,837,145315,California Merlot,5,6.1
9202,48144,153422,Tater Tots,1,1.22
9202,1498,153422,Creamy Chicken & Dumplings Soup,15,2.05
9203,36170,67249,Reduced Fat Original Baked Snack Crackers,19,1.11
9204,38164,190854,Almonds & Sea Salt in Dark Chocolate,19,9.32
9204,33120,190854,Organic Egg Whites,16,5.33
9204,25199,190854,Classic Chicken Salad,20,4.26
9205,39055,175643,Mild Salsa Roja,20,12.54
9205,26209,175643,Limes,4,4.37
9205,25647,175643,Heirloom Tomato,4,4.3
9207,42736,79747,Unsalted Butter,16,9.28
9208,26604,159481,Organic Blackberries,4,8.08
9209,30353,963,Curate Cherry Lime Sparkling Water,7,1.86
9211,42736,93186,Unsalted Butter,16,9.28
9211,38456,93186,Large Grapefruit,4,3.38
9216,27061,5897,Sweet Potato Apple Stage 2 Baby Food,18,2.61
9216,37003,5897,"Organic Apples, Carrots and Parsnips Puree",18,5.87
9216,43875,5897,Baby Food Stage 2 Blueberry Pear & Purple Carrot,18,6.11
9216,39977,5897,Pumpkin & Spinach Stage 2 Baby Food,18,9.44
9217,38456,112179,Large Grapefruit,4,3.38
9217,36070,112179,"Super Spinach! Baby Spinach, Baby Bok Choy, Sweet Baby Kale",4,4.34
9217,926,112179,Crispy Thin Crust White Pizza,1,7.03
9219,30353,196122,Curate Cherry Lime Sparkling Water,7,1.86
9220,35616,127364,Fresh Frozen Mixed Berries,1,3.27
9221,37066,81389,Original Cherry Orchard Yogurt,16,9.7
9221,39404,81389,G2 Low Calorie Raspberry Lemonade,7,8.58
9223,43488,198106,Cheese Pizza Rolls,1,7.49
9223,49332,198106,Split Chicken Breast,12,9.35
9223,23002,198106,2X Protein Original Cream Cheese Spread,16,11.32
9225,36070,68253,"Super Spinach! Baby Spinach, Baby Bok Choy, Sweet Baby Kale",4,4.34
9225,34969,68253,Red Vine Tomato,4,9.25
9227,27509,108726,Organic Seasoned Yukon Select Potatoes Hashed Browns,1,5.21
9228,45260,79603,Organic Virgin Coconut Oil,13,5.45
9229,28465,205754,Icelandic Style Skyr Blueberry Non-fat Yogurt,16,8.32
9229,30494,205754,Organic Mango Slices,19,7.63
9229,28745,205754,Oven Roasted Turkey,20,7.99
9229,38164,205754,Almonds & Sea Salt in Dark Chocolate,19,9.32
9229,12312,205754,Lavender Hand Soap,11,11.33
9230,16759,30647,Organic Carrot Bunch,4,4.17
9231,32877,132007,Yellow Zucchini,4,11.75
9234,19677,32667,Original Pure Creamy Almond Milk,16,6.4
9234,37630,32667,Boneless & Skinless Wild Alaskan Sockeye Salmon,15,2.83
9235,47141,141822,Cola,7,5.77
9236,23039,167316,Fat Free Cream Cheese,16,1.3
9239,43183,144242,Deli Fresh Shaved Smoked Turkey Breast,20,12.45
9239,4006,144242,Hazelnut Spread With Skim Milk & Cocoa,13,4.62
9239,32569,144242,Peanut Butter Cracker Sandwiches,19,8.5
9239,6204,144242,Original Smoked Snack Stick Giant Slim,19,12.15
9239,12919,144242,Coconut Sparkling Water,7,12.1
9241,49317,81902,Baba Ghanoush,13,4.45
9241,10668,81902,Organic Mixed Herbs,4,4.24
9242,1616,77833,Simply Granola,14,10.8
9242,5445,77833,Protein Zone Protein Juice Smoothie,7,5.82
9242,1498,77833,Creamy Chicken & Dumplings Soup,15,2.05
9242,19003,77833,Celery,4,5.68
9242,7641,77833,Gluten Free Extra Crispy Fast Food French Fried Potatoes,1,3.81
9242,43459,77833,Puffs Cheese Flavored Snacks,19,10.09
9242,16494,77833,Double Zipper Gallon Freezer Bags,17,0.98
9243,43772,77489,Cherubs Heavenly Salad Tomatoes,4,1.15
9244,18656,153405,Organic Red Potato,4,1.93
9245,30675,203194,Edamame Soybeans in Pods,1,8.2
9245,46820,203194,Vanilla Pure Almond Milk,16,11.94
9245,30962,203194,Vanilla Greek Yogurt 0% Fat,16,12.25
9250,26209,142892,Limes,4,4.37
9252,852,154282,Light String Cheese,16,1.75
9252,45064,154282,Honey Wheat Bread,3,1.52
9254,9894,172904,Panko Crispy Bread Crumbs,13,10.35
9254,46541,172904,Corn Flakes,14,2.21
9258,33974,172890,Low Sodium Chicken Broth,15,12.35
9261,20842,146557,Total 0% Greek Yogurt,16,9.2
9262,12312,151277,Lavender Hand Soap,11,11.33
9262,49339,151277,Organic Unsweetened Applesauce,15,3.06
9262,40350,151277,Goddess Dressing,13,11.39
9266,35078,155154,Seriously Sharp Cheddar Cheese,16,4.43
9268,12427,32043,Original Beef Jerky,19,3.08
9271,26209,128388,Limes,4,4.37
9273,12427,50005,Original Beef Jerky,19,3.08
9273,45051,50005,Pub Mix,19,8.23
9274,32016,14868,Fresh Fussilli,9,1.28
9274,38558,14868,Organic Low Fat Cottage Cheese,16,9.47
9278,6104,33263,Whole Milk Plain Yogurt,16,1.76
9278,34969,33263,Red Vine Tomato,4,9.25
9278,25705,33263,Butterhead Lettuce,4,0.98
9278,45007,33263,Organic Zucchini,4,5.08
9280,34969,145674,Red Vine Tomato,4,9.25
9281,26604,34310,Organic Blackberries,4,8.08
9283,22069,92521,Sea Salt Caramel Frozen Greek Yogurt Bars,1,11.21
9284,44331,135894,Grow & Gain Chocolate Shake Nutritional Drink,18,7.44
9288,6919,69455,California Balsamic Oak Aged Olive Oil,13,7.13
9288,34969,69455,Red Vine Tomato,4,9.25
9289,26604,151822,Organic Blackberries,4,8.08
9289,18963,151822,Apple Cider Vinegar,13,9.67
9289,30878,151822,Organic Chopped Ginger,13,1.6
9290,1940,128106,Organic 2% Reduced Fat Milk,16,1.23
9290,41608,128106,Marketplace Bean and Cheese Enchilada Verde,1,7.17
9292,28745,1241,Oven Roasted Turkey,20,7.99
9293,1940,29479,Organic 2% Reduced Fat Milk,16,1.23
9293,35336,29479,Naked Green Machine Boosted Juice Smoothie,7,1.11
9302,30515,103164,Peanut Butter Brownie Bliss Rich Chocolate Brownie Layered With Creamy Real Peanut Butter,19,3.93
9302,17934,103164,Red Velvet Creme Cake,3,1.32
9303,49518,25920,Thai Green Curry,1,6.97
9309,26604,12477,Organic Blackberries,4,8.08
9309,28733,12477,Chicken Nuggets,1,11.03
9309,10106,12477,Honey & Maple Turkey Breast,20,8.53
9309,47866,12477,Jalapeno Potato Chips,19,12.02
9309,26209,12477,Limes,4,4.37
9309,19677,12477,Original Pure Creamy Almond Milk,16,6.4
9310,32578,199862,Organic Fresh Squeezed Orange Juice,7,6.19
9310,43286,199862,Fruit & Nuts in Yogurt Fruit & Nut Bar,19,11.94
9310,25747,199862,Organic Kosher Fat Free Chicken Broth,15,1.34
9310,35065,199862,Orange Strawberry Banana Juice,7,2.03
9310,1194,199862,Natural Artisan Water,7,7.42
9310,46462,199862,Crossovers Caramel Hny Almond,19,11.73
9310,36070,199862,"Super Spinach! Baby Spinach, Baby Bok Choy, Sweet Baby Kale",4,4.34
9310,18337,199862,Classic Mild Cheddar Macaroni & Cheese,9,4.15
9310,43371,199862,Crushed Red Pepper,13,7.03
9310,15455,199862,Organic Extra Virgin Oil Olive,13,8.12
9311,10603,169032,93% Ground Beef,12,3.6
9311,17789,169032,Soy Free Buttery Spread,16,11.19
9311,18337,169032,Classic Mild Cheddar Macaroni & Cheese,9,4.15
9311,34969,169032,Red Vine Tomato,4,9.25
9312,16759,126994,Organic Carrot Bunch,4,4.17
9313,27690,60132,Apple Cinnamon GoGo Squeez,19,6.29
9314,16759,18312,Organic Carrot Bunch,4,4.17
9316,34155,103388,American Cheese,16,6.78
9316,38817,103388,Sugarfree,7,2.12
9317,48812,113003,Variety Pack,17,7.23
9319,8138,91826,Traditional Hummus,20,2.75
9319,27690,91826,Apple Cinnamon GoGo Squeez,19,6.29
9319,1940,91826,Organic 2% Reduced Fat Milk,16,1.23
9319,12614,91826,Yellow Grape Tomatoes,4,1.39
9319,6750,91826,Cheese Ravioli with Sauce Bowls,1,11.37
9319,5918,91826,Single Serve Cheese Pizza,1,7.61
9319,27554,91826,Gluten Free Blueberry Muffins,3,0.94
9319,25199,91826,Classic Chicken Salad,20,4.26
9323,24695,109955,Organic Nonfat Yogurt Plain,16,9.14
9324,16759,131905,Organic Carrot Bunch,4,4.17
9325,45007,129749,Organic Zucchini,4,5.08
9327,7185,184410,Rosemary Mini Croccantini,19,4.79
9328,48409,189545,Organic Chicken Wings,12,2.22
9329,26209,64437,Limes,4,4.37
9333,13249,195738,Skim Milk,16,9.33
9336,26604,12191,Organic Blackberries,4,8.08
9337,26209,204142,Limes,4,4.37
9340,40198,91491,Blueberry Yoghurt,16,8.81
9341,890,184328,Organic Diced Tomatoes,15,1.35
9341,26209,184328,Limes,4,4.37
9341,14553,184328,Oats & Honey Granola,14,2.32
9342,26604,160011,Organic Blackberries,4,8.08
9343,36086,201748,Philadelphia Original Cream Cheese,16,2.08
9343,25930,201748,Pure Cane Confectioners 10-X Powdered Sugar,13,9.37
9344,12276,196104,Chocolate Chip Cookie Dough Ice Cream,1,8.4
9350,13064,199894,Sweet Water Hand Wash,11,8.6
9351,25705,149276,Butterhead Lettuce,4,0.98
9352,10603,3485,93% Ground Beef,12,3.6
9354,26168,166450,Newman O's Creme Filled Mint Chocolate Cookies,19,5.37
9354,33527,166450,Organic Classic Rich Crackers,19,7.46
9355,48144,168985,Tater Tots,1,1.22
9355,36735,168985,Organic Roasted Sliced Chicken Breast,20,10.42
9357,37067,6501,Organic Banana,4,10.85
9358,36070,94903,"Super Spinach! Baby Spinach, Baby Bok Choy, Sweet Baby Kale",4,4.34
9363,26209,36484,Limes,4,4.37
9364,39465,188562,Cucumber and Green Tea Body Wash,11,8.28
9365,42404,78190,Multi Grain Waffles,1,12.48
9366,45566,67551,Clean Up Cleaner with Bleach Fresh Scent,17,12.39
9367,39702,27268,Low Fat Milk,16,10.57
9368,48527,111451,Avocado,4,12.54
9368,43875,111451,Baby Food Stage 2 Blueberry Pear & Purple Carrot,18,6.11
9372,45007,127125,Organic Zucchini,4,5.08
9373,27796,156758,Real Mayonnaise,13,0.97
9374,44570,164364,Kale Greens,4,4.15
9374,18963,164364,Apple Cider Vinegar,13,9.67
9374,47630,164364,Medium Navel Orange,4,5.6
9376,35176,173664,Cream Cheese Cream Cheese Spread,16,3.27
9377,39450,148045,Oragnic Ginger Lemon Kombucha,7,12.13
9379,16508,139359,Stage 3 Hearty Meals - Chick Chick Organic Baby Food,18,11.78
9379,49247,139359,Coconut Yoghurt,16,4.8
9379,35042,139359,Black Beans,15,5.95
9380,34969,174975,Red Vine Tomato,4,9.25
9380,42469,174975,Pacific Cod Fillet,12,5.47
9380,40268,174975,Organic Wheat-Free & Gluten-Free Original Crackers,19,3.71
9380,260,174975,Cantaloupe,4,3.01
9380,2822,174975,Organic Creamy Raw Almond Butter,13,4.11
9381,40198,56892,Blueberry Yoghurt,16,8.81
9384,45007,183379,Organic Zucchini,4,5.08
9384,41999,183379,Cut Tulips (Choose Color),4,1.99
9385,31533,34303,Spinach Feta in a Pocket Sandwich,1,2.06
9385,30696,34303,Eggo Homestyle Waffles,1,6.45
9387,40268,66725,Organic Wheat-Free & Gluten-Free Original Crackers,19,3.71
9388,19003,38458,Celery,4,5.68
9392,26209,160561,Limes,4,4.37
9392,45007,160561,Organic Zucchini,4,5.08
9397,26209,99670,Limes,4,4.37
9399,43409,204612,Frosted Mini-Wheats Original Cereal,14,12.46
9399,30696,204612,Eggo Homestyle Waffles,1,6.45
9399,31564,204612,Crackers,19,1.11
9399,32569,204612,Peanut Butter Cracker Sandwiches,19,8.5
9399,12795,204612,Sno Balls,19,1.64
9401,4006,68800,Hazelnut Spread With Skim Milk & Cocoa,13,4.62
9402,26209,197155,Limes,4,4.37
9404,7898,105381,Ginger Beer,7,2.12
9410,6473,75655,Bag of Lemons,4,6.98
9410,260,75655,Cantaloupe,4,3.01
9411,49273,83455,Light and Lean Quinoa Black Beans with Butternut Squash and Chard,1,1.34
9411,35939,83455,Organic Jalapeno Pepper,4,9.93
9411,26209,83455,Limes,4,4.37
9412,19173,182397,Orange Calcium & Vitamin D Pulp Free,7,11.11
9413,47141,99132,Cola,7,5.77
9413,31394,99132,100 Calorie Pretzels Packs,19,2.57
9413,15759,99132,Peanut Butter Sandwich Cookies,19,4.06
9414,5450,4588,Small Hass Avocado,4,5.77
9416,36315,151430,Low Fat Split Pea Soup,15,12.38
9416,34214,151430,Pesto Pizza,1,5.46
9420,48953,8241,Lettuce Medley,4,4.64
9423,49621,171551,Challah Bread,3,5.17
9423,2298,171551,"Muffins, Mini, Flax, Chocolate Brownie",3,8.0
9425,31342,17609,Organic SprouTofu Extra Firm Tofu,20,9.28
9426,39046,155075,Smok Cured Turkey Bacon,12,6.84
9426,30320,155075,Craveables Four Cheese Pizza,1,8.71
9426,43488,155075,Cheese Pizza Rolls,1,7.49
9429,42110,155658,Organic Macaroni Shells & Real Aged Cheddar,9,12.09
9433,26209,68521,Limes,4,4.37
9434,2668,204114,Whips! Strawberry Mist Yogurt Mousse,16,11.64
9434,37066,204114,Original Cherry Orchard Yogurt,16,9.7
9435,5085,62541,Organic Stage 1 First Peas Baby Food,18,4.64
9435,36485,62541,Organic Stage 2 Winter Squash Baby Food Puree,18,0.97
9435,5450,62541,Small Hass Avocado,4,5.77
9435,32757,62541,Quiche Lorraine,20,3.08
9435,45007,62541,Organic Zucchini,4,5.08
9436,23737,147908,Organic 100% Grapefruit  Juice,7,8.02
9437,7116,203698,Large Enriched Bread,3,2.99
9438,1104,38210,Plain Yogurt,16,4.36
9440,45007,108238,Organic Zucchini,4,5.08
9440,47792,108238,Organic Beans & Rice Cheddar Cheese Burrito,1,8.35
9442,35383,183546,Classic White Bread,3,6.03
9443,2668,161148,Whips! Strawberry Mist Yogurt Mousse,16,11.64
9445,16145,78141,Organic Cannellini Beans,15,5.1
9445,1000,78141,Apricots,10,1.27
9447,48408,194128,Lavender Scent Foaming Hand Soap,11,1.14
9447,47792,194128,Organic Beans & Rice Cheddar Cheese Burrito,1,8.35
9448,7185,6241,Rosemary Mini Croccantini,19,4.79
9448,1700,6241,White Cheddar Popcorn,19,5.86
9448,41259,6241,Poblano Pepper,4,10.56
9448,21839,6241,Fuyu Persimmon,4,2.32
9448,12464,6241,Muscat Grapes,4,2.5
9449,6750,200940,Cheese Ravioli with Sauce Bowls,1,11.37
9450,18027,4549,Ezekiel 4:9 Bread Organic Sprouted Whole Grain,3,11.3
9450,26209,4549,Limes,4,4.37
9453,43371,71662,Crushed Red Pepper,13,7.03
9457,17151,79153,Honey Maid Cinnamon Grahams,19,9.77
9457,26885,79153,Luau BBQ Potato Chips,19,1.7
9458,13113,999,Organic Apple Juice Boxes,7,9.79
9458,10369,999,Organic Genoa Salami,20,2.35
9458,14870,999,Icelandic Style Fat Free Plain Yogurt,16,4.27
9458,17021,999,Baked Mini Beef Meatballs,1,9.94
9460,32624,52740,Acorn Squash,4,11.22
9462,15011,92111,"Pita Chips, Simply Naked",19,11.46
9463,31215,77746,Lemon Yogurt,16,10.41
9463,35948,77746,Tonic Water,7,7.7
9463,12312,77746,Lavender Hand Soap,11,11.33
9464,40310,98512,Oven Roasted Turkey Breast,20,8.23
9466,18656,93519,Organic Red Potato,4,1.93
9466,13780,93519,Thyme,4,10.2
9468,25647,72703,Heirloom Tomato,4,4.3
9469,49247,20733,Coconut Yoghurt,16,4.8
9469,15276,20733,Strawberry Kiwi Juice,7,2.64
9469,31215,20733,Lemon Yogurt,16,10.41
9469,41870,20733,Mexican Chocolate Yogurt,21,5.55
9471,12932,141404,Super Greens Veggie Burgers,1,9.93
9471,18689,141404,Dairy-Free Chive Cream Cheese,16,10.12
9473,46932,129906,All Natural Coconut Water,7,4.34
9474,9955,138857,Unsweetened Organic Coconut Milk,16,6.48
9474,45007,138857,Organic Zucchini,4,5.08
9474,42110,138857,Organic Macaroni Shells & Real Aged Cheddar,9,12.09
9476,20977,109546,The Natural Whipped Topping,16,9.73
9477,45064,152340,Honey Wheat Bread,3,1.52
9478,18359,14416,Bag of Red Delicious Apples,4,2.76
9483,9955,105422,Unsweetened Organic Coconut Milk,16,6.48
9484,34969,12710,Red Vine Tomato,4,9.25
9485,45051,173893,Pub Mix,19,8.23
9487,34969,84706,Red Vine Tomato,4,9.25
9493,28745,170729,Oven Roasted Turkey,20,7.99
9493,16759,170729,Organic Carrot Bunch,4,4.17
9494,26209,12249,Limes,4,4.37
9497,1025,140400,Organic Fresh Basil,4,11.34
9499,43409,204327,Frosted Mini-Wheats Original Cereal,14,12.46
9501,33301,51844,Fig Newtons Cookies,19,10.1
9502,38471,68047,Protein Plus Rotini Pasta,9,4.25
9505,48935,148772,Organic Pecans,19,3.3
9505,48595,148772,Organic Wheat Square Crackers,19,9.0
9506,33072,178339,"Cheese, Asiago",16,2.65
9509,12427,48321,Original Beef Jerky,19,3.08
9511,26209,111410,Limes,4,4.37
9512,33120,58250,Organic Egg Whites,16,5.33
9514,44570,65341,Kale Greens,4,4.15
9516,34969,71987,Red Vine Tomato,4,9.25
9516,28465,71987,Icelandic Style Skyr Blueberry Non-fat Yogurt,16,8.32
9516,43662,71987,"Yogurt, Strained Low-Fat, Coconut",16,11.87
9518,2668,161148,Whips! Strawberry Mist Yogurt Mousse,16,11.64
9518,22105,161148,Ultra Thin Sliced Provolone Cheese,16,2.41
9521,18159,171605,Organic Biologique Limes,4,5.06
9529,30827,132910,Seedless Cucumbers,4,5.22
9531,27277,63653,Organic Stage 1 First Sweet Potatoes,18,1.11
9531,1335,63653,Stage 1 Just Butternut Squash Baby Food,18,5.8
9531,2664,63653,First Prunes,18,3.44
9531,28465,63653,Icelandic Style Skyr Blueberry Non-fat Yogurt,16,8.32
9531,27690,63653,Apple Cinnamon GoGo Squeez,19,6.29
9533,42736,8656,Unsalted Butter,16,9.28
9536,40310,37223,Oven Roasted Turkey Breast,20,8.23
9538,34969,191511,Red Vine Tomato,4,9.25
9539,39408,22211,Gala Apples,4,4.03
9539,46562,22211,Sweet & Salty Nut Granola Bars Peanut,19,3.56
9540,26604,100112,Organic Blackberries,4,8.08
9545,6104,188236,Whole Milk Plain Yogurt,16,1.76
9545,16145,188236,Organic Cannellini Beans,15,5.1
9547,40310,82240,Oven Roasted Turkey Breast,20,8.23
9547,16759,82240,Organic Carrot Bunch,4,4.17
9551,20842,10020,Total 0% Greek Yogurt,16,9.2
9551,43647,10020,Organic Asparagus Spears,1,11.18
9553,39462,178483,Long Grain White Rice,9,6.92
9553,18656,178483,Organic Red Potato,4,1.93
9554,42110,60504,Organic Macaroni Shells & Real Aged Cheddar,9,12.09
9555,26209,78242,Limes,4,4.37
9556,38456,113774,Large Grapefruit,4,3.38
9557,35939,168818,Organic Jalapeno Pepper,4,9.93
9558,5258,109638,Sparkling Water,7,10.95
9559,31342,191750,Organic SprouTofu Extra Firm Tofu,20,9.28
9562,46820,111212,Vanilla Pure Almond Milk,16,11.94
9563,42110,174279,Organic Macaroni Shells & Real Aged Cheddar,9,12.09
9567,19003,159956,Celery,4,5.68
9567,26209,159956,Limes,4,4.37
9568,34969,142403,Red Vine Tomato,4,9.25
9570,43338,22240,Pyramid Black Tea Bags,7,3.76
9570,26629,22240,Cherry Pie Fruit & Nut Bar,19,1.38
9570,38164,22240,Almonds & Sea Salt in Dark Chocolate,19,9.32
9571,14131,37086,Traditional Hearty Chicken and Rotini Soup,15,10.24
9572,7350,145127,Natural Lime Flavor Sparkling Mineral Water,7,1.88
9573,27277,2535,Organic Stage 1 First Sweet Potatoes,18,1.11
9573,43875,2535,Baby Food Stage 2 Blueberry Pear & Purple Carrot,18,6.11
9577,26209,134305,Limes,4,4.37
9577,43768,134305,Organic Bell Pepper,4,2.4
9578,43768,28401,Organic Bell Pepper,4,2.4
9578,2668,28401,Whips! Strawberry Mist Yogurt Mousse,16,11.64
9578,1503,28401,Low Fat Cottage Cheese,16,1.45
9578,46484,28401,Peanut Butter Dark Chocolate + Protein Nutrition Bar,19,7.15
9579,45007,145253,Organic Zucchini,4,5.08
9582,10667,168921,Imported Butter,16,3.92
9587,31342,51704,Organic SprouTofu Extra Firm Tofu,20,9.28
9588,46990,10649,Ground Buffalo,12,10.44
9588,1700,10649,White Cheddar Popcorn,19,5.86
9588,36792,10649,Gluten Free Omega Flax & Fiber Bread,3,3.98
9588,11068,10649,Medium Cheddar Cheese Block,16,1.9
9590,47141,172607,Cola,7,5.77
9590,46515,172607,Cheez-It Packs,19,1.69
9590,6069,172607,Maple Pumpkin Seeds with Sea Salt Chewy with a Crunch Granola Bars,19,7.32
9592,7598,46170,Organic Unsweetened Creamy Cashewmilk,16,8.56
9594,28745,104844,Oven Roasted Turkey,20,7.99
9598,43371,75191,Crushed Red Pepper,13,7.03
9598,4478,75191,Chocolate Fudge Brownie Frozen Yogurt,1,8.48
9598,30320,75191,Craveables Four Cheese Pizza,1,8.71
9600,31564,199735,Crackers,19,1.11
9601,34969,98714,Red Vine Tomato,4,9.25
9603,27796,129225,Real Mayonnaise,13,0.97
9603,5875,129225,Roasted Garlic & Gruyere Cheese Smoked Chicken Sausage,12,8.44
9604,37067,111612,Organic Banana,4,10.85
9605,45007,132582,Organic Zucchini,4,5.08
9608,36086,100270,Philadelphia Original Cream Cheese,16,2.08
9608,17021,100270,Baked Mini Beef Meatballs,1,9.94
9608,13249,100270,Skim Milk,16,9.33
9608,48527,100270,Avocado,4,12.54
9609,29925,96017,Sourdough Hearty Sliced Bread,3,8.52
9609,42972,96017,Natural Pure Sparkling Water,7,4.77
9611,8743,148352,Fully Cooked Turkey Sausage Patties,12,6.96
9612,26209,146546,Limes,4,4.37
9613,6104,176781,Whole Milk Plain Yogurt,16,1.76
9614,38456,115506,Large Grapefruit,4,3.38
9617,37630,41752,Boneless & Skinless Wild Alaskan Sockeye Salmon,15,2.83
9617,29195,41752,Wild Sardines in Extra Virgin Olive Oil,15,5.4
9618,32578,123967,Organic Fresh Squeezed Orange Juice,7,6.19
9618,45007,123967,Organic Zucchini,4,5.08
9620,45007,206207,Organic Zucchini,4,5.08
9620,20899,206207,Goo Berry Pie Probugs Kefir,16,6.29
9621,18027,13385,Ezekiel 4:9 Bread Organic Sprouted Whole Grain,3,11.3
9621,49667,13385,Enchilada with Spanish Rice & Beans Meal,1,10.34
9623,34321,84307,Original Pepperoni,20,2.51
9623,4933,84307,with Olive Oil Mayonnaise,13,7.02
9623,17993,84307,Shredded Colby & Monterey Jack Cheeses,16,8.89
9623,3358,84307,"Rising Crust Supreme (Sausage, Pepperoni, Red Peppers, Green Peppers, Onions, Black Olives) Frozen Pizza",1,5.69
9624,26177,197505,Organic Honey Nut O's Cereal,14,3.76
9625,21057,176477,Organic Brown Rice Spaghetti,9,6.56
9629,29506,21000,Pita Bread,3,5.14
9629,36735,21000,Organic Roasted Sliced Chicken Breast,20,10.42
9630,30827,15621,Seedless Cucumbers,4,5.22
9633,34169,198888,"Hommus, Artichoke Spinach",20,3.28
9634,22504,165245,Organic Mountain Forest Amber Honey,13,2.16
9634,40826,165245,Manhattan Style Whole Kosher Pickles,13,1.78
9635,3081,169199,"Organic Creamies Strawberry, Raspberry & Carrot Freeze-Dried Fruit Snacks",18,1.21
9640,46584,151850,YoKids Blueberry & Strawberry/Vanilla Yogurt,16,8.82
9641,26604,100765,Organic Blackberries,4,8.08
9642,42500,161119,Orange & Lemon Flavor Variety Pack Sparkling Fruit Beverage,7,6.51
9643,17678,126408,Large Pitted California Ripe Olives,13,4.03
9643,43772,126408,Cherubs Heavenly Salad Tomatoes,4,1.15
9644,4289,179481,15 Calories Light Lemonade,7,8.58
9644,18411,179481,100% Pure Sesame Seed Oil,6,9.44
9646,36070,190542,"Super Spinach! Baby Spinach, Baby Bok Choy, Sweet Baby Kale",4,4.34
9646,37355,190542,Organic Extra Virgin Coconut Oil,13,1.06
9648,1940,56294,Organic 2% Reduced Fat Milk,16,1.23
9649,38456,131093,Large Grapefruit,4,3.38
9649,46990,131093,Ground Buffalo,12,10.44
9651,9850,144889,Crema Mexicana,16,4.24
9654,26209,162679,Limes,4,4.37
9656,41884,178323,Pocket Pearl Super,11,4.55
9659,38274,45139,Ice Cream Sandwiches Vanilla,1,7.17
9660,35334,79626,Tricolor Rotini,9,9.45
9661,41729,57380,Sweet Grape Tomatoes,4,10.48
9663,48298,138935,Cotes Des Rose Grenache Cinsault-Syrah,5,1.63
9664,46515,61660,Cheez-It Packs,19,1.69
9664,26209,61660,Limes,4,4.37
9665,10761,161617,Organic Yokids Lemonade/Blueberry Variety Pack Yogurt Squeezers Tubes,16,4.56
9667,42110,655,Organic Macaroni Shells & Real Aged Cheddar,9,12.09
9668,26209,87735,Limes,4,4.37
9669,1498,28869,Creamy Chicken & Dumplings Soup,15,2.05
9669,35042,28869,Black Beans,15,5.95
9669,44663,28869,Naturals Lite Goddess Dressing,13,0.88
9676,37296,194370,Itallian Entrees Spicy Marinara Penne Pasta,15,2.17
9676,37940,194370,Original Strawberry Low Fat Yogurt,16,12.55
9677,19310,108047,Mashed Sweet Potatoes,1,2.18
9680,28963,93308,Naked Sponges - 2 CT,17,1.05
9682,9597,45090,Sweet Kale Chopped Salad,4,3.58
9682,49332,45090,Split Chicken Breast,12,9.35
9682,38456,45090,Large Grapefruit,4,3.38
9684,30751,59648,All-Purpose Flour,13,9.34
9685,6680,12514,Potato Gnocchi,9,11.32
9691,13388,90724,Land O' Lakes Mini Moo's Half & Half,16,3.98
9691,28438,90724,Pork Jerky Grilled Sweet Teriyaki,19,7.87
9692,6729,19492,Cookie Tray,3,9.56
9693,36792,9719,Gluten Free Omega Flax & Fiber Bread,3,3.98
9693,37193,9719,Shelled Edamame,1,1.74
9697,43371,78645,Crushed Red Pepper,13,7.03
9698,26172,106493,Light Sour Cream,16,7.26
9698,26209,106493,Limes,4,4.37
9698,26604,106493,Organic Blackberries,4,8.08
9700,32259,41489,Red Globe Grapes,4,9.24
9701,42736,95222,Unsalted Butter,16,9.28
9701,39977,95222,Pumpkin & Spinach Stage 2 Baby Food,18,9.44
9703,27275,103763,Pineapple Strawberry Sparkling Water,7,7.09
9704,33911,103546,Zero Calorie Cream Soda,7,7.55
9706,8449,49445,Low Moisture Part Skim Mozzarella Shredded Cheese,16,9.45
9706,11233,49445,100% Whole Wheat Pre-Sliced Sandwich Thins,3,5.2
9706,40407,49445,Honey Wheat Complete Pancake Mix,14,5.2
9706,30696,49445,Eggo Homestyle Waffles,1,6.45
9707,3913,88812,Original Unfiltered Ginger Ale,7,2.84
9707,35948,88812,Tonic Water,7,7.7
9709,15925,90262,Macaroni and Cheese,1,9.5
9711,5436,47390,Diced Green Chiles,15,4.12
9712,39408,38858,Gala Apples,4,4.03
9713,19677,167388,Original Pure Creamy Almond Milk,16,6.4
9713,42736,167388,Unsalted Butter,16,9.28
9713,7751,167388,Tomato Ketchup,13,1.99
9713,2452,167388,Naturals Chicken Nuggets,1,1.24
9713,25552,167388,Organic Steel Cut Oats,14,4.64
9715,26604,143408,Organic Blackberries,4,8.08
9715,260,143408,Cantaloupe,4,3.01
9715,40310,143408,Oven Roasted Turkey Breast,20,8.23
9716,39529,79194,Fuel High Chocolate Protein Shake,11,11.34
9716,5450,79194,Small Hass Avocado,4,5.77
9716,26209,79194,Limes,4,4.37
9717,16070,39141,Organic Elmo Noodlemania Soup,15,1.52
9717,781,39141,Organic Shredded Mild Cheddar,16,2.78
9717,46992,39141,Real Cheddar Baked Cheese Puffs,19,3.16
9718,1747,175903,Teriyaki Beef Jerky,19,6.84
9722,35336,203251,Naked Green Machine Boosted Juice Smoothie,7,1.11
9723,37538,14003,Organic Sweet Pea,4,3.61
9723,31513,14003,Kefir Cultured Milk Smoothie Plain,16,1.1
9726,2002,173867,"The \""World's Best\"" Veggie Burger",1,0.89
9727,41363,81934,Tofu Spring Roll,20,2.74
9727,260,81934,Cantaloupe,4,3.01
9728,47573,6877,Ginger Snap Sprouted Cookies,19,1.63
9728,39506,6877,Daisy Sugar Cookies,19,0.98
9728,41716,6877,Jalapeno,19,11.83
9729,40198,108740,Blueberry Yoghurt,16,8.81
9729,7041,108740,Pecorino Romano,16,5.02
9729,19625,108740,Organic Chicken & Vegetable Potstickers,1,11.18
9729,30147,108740,Hot Spicy Vegetable Mini Wontons,1,1.07
9729,17526,108740,70% Dark Chocolate Salted Almond Bar,19,7.64
9729,31334,108740,Chocolate Almond & Sea Salt with Chia Granola Bars,19,2.94
9729,6473,108740,Bag of Lemons,4,6.98
9730,35042,132771,Black Beans,15,5.95
9733,42404,176677,Multi Grain Waffles,1,12.48
9733,40310,176677,Oven Roasted Turkey Breast,20,8.23
9733,6680,176677,Potato Gnocchi,9,11.32
9739,16759,59443,Organic Carrot Bunch,4,4.17
9739,260,59443,Cantaloupe,4,3.01
9740,43768,13406,Organic Bell Pepper,4,2.4
9741,4698,98081,Oscillo Oscillococcinum Quick-Dissolving Pellets,11,1.47
9742,21614,16030,Crackers Harvest Whole Wheat,19,2.38
9742,26209,16030,Limes,4,4.37
9744,32700,46070,Original Whipped Cream,16,0.94
9745,17044,133590,French Baguette,3,6.85
9746,37067,43633,Organic Banana,4,10.85
9746,33746,43633,Simply Stock Organic Vegetable Unsalted Stock,15,11.09
9747,6473,196595,Bag of Lemons,4,6.98
9748,23118,73438,Organic Sunny Chocolate Candy Bar,19,7.89
9750,9283,105939,Organic Bucatini,9,1.54
9750,29270,105939,Beet Apple Carrot Lemon Ginger Organic Cold Pressed Juice Beverage,7,5.56
9751,32069,185877,Organic Whole Grain Brown Rice Microwaveable Pouches,9,8.43
9751,43772,185877,Cherubs Heavenly Salad Tomatoes,4,1.15
9752,6104,135897,Whole Milk Plain Yogurt,16,1.76
9754,26209,1696,Limes,4,4.37
9754,34861,1696,Beets Bunch,4,1.06
9757,10761,30785,Organic Yokids Lemonade/Blueberry Variety Pack Yogurt Squeezers Tubes,16,4.56
9758,45210,75598,Organic Greek Lowfat Yogurt With Blueberries,16,5.69
9759,26604,25816,Organic Blackberries,4,8.08
9759,46802,25816,Pineapple Chunks,1,6.76
9759,21614,25816,Crackers Harvest Whole Wheat,19,2.38
9760,1194,73840,Natural Artisan Water,7,7.42
9761,16759,170100,Organic Carrot Bunch,4,4.17
9762,16908,191185,Jacob's Wonderbar Dark Roast,7,11.01
9762,23765,191185,Organic Smoked Turkey Breast,20,10.28
9763,27796,136242,Real Mayonnaise,13,0.97
9765,6104,21637,Whole Milk Plain Yogurt,16,1.76
9769,19246,170494,Cranberry Juice Drink,7,4.38
9770,46584,102741,YoKids Blueberry & Strawberry/Vanilla Yogurt,16,8.82
9771,5258,183430,Sparkling Water,7,10.95
9774,25769,134136,Olive Oil Squeeze Mayonnaise Dressing,13,5.34
9774,42964,134136,Gluten Free Spaghetti Pasta,9,9.5
9775,47873,51123,Sparkling Probiotic Drink Mango Coconut,7,12.37
9777,42964,49293,Gluten Free Spaghetti Pasta,9,9.5
9777,16389,49293,Café Domingo Medium Roast K Cups,7,11.71
9777,20674,49293,Golden Fries French Fried Potatoes,1,8.69
9777,30229,49293,Extra Clean Medium Toothbrush,11,12.14
9777,39090,49293,Fillets of Anchovies in Olive Oil,15,11.76
9777,33231,49293,Mild Lean Turkey Breakfast Sausage,12,5.38
9781,4149,161238,Frozen Organic Blueberries,4,11.59
9781,4557,161238,Mango Peach Salsa,20,11.24
9781,42506,161238,Low Fat Fudge Bars,1,8.59
9782,13801,111488,Free & Clear Overnight Diapers Size 5,18,2.84
9782,16759,111488,Organic Carrot Bunch,4,4.17
9782,14437,111488,Total Greek Yogurt With Honey,16,6.44
9783,35345,55104,4 Seasons Pepper Corns Mill Spices,13,3.16
9783,6104,55104,Whole Milk Plain Yogurt,16,1.76
9783,26209,55104,Limes,4,4.37
9783,25647,55104,Heirloom Tomato,4,4.3
9784,18471,61939,Organic Light Agave Nectar,13,0.93
9785,31961,120802,Chilpotle Peppers in Adobo Sauce,6,7.83
9786,45113,37452,Artesian Water,7,7.07
9789,26604,175323,Organic Blackberries,4,8.08
9789,5450,175323,Small Hass Avocado,4,5.77
9789,14114,175323,Orange Chicken,1,12.2
9789,15820,175323,Cafe Cuisine Sesame Chicken,1,4.26
9789,9176,175323,Sesame Stir Fry with Chicken,1,10.56
9789,44265,175323,"Roasted white meat chicken, whole wheat noodles, green beans & carrots in a creamy chili peanut sauce. Thai-Style Noodles With Chicken",1,5.36
9790,26509,194896,Hot Taco Seasoning Mix,13,9.0
9791,12614,160546,Yellow Grape Tomatoes,4,1.39
9792,38087,36196,Gluten Free Ice Cream Cones,19,4.88
9792,22828,36196,Sea Salt Caramel Ice Cream,1,5.04
9792,11494,36196,Cookie Dough Ice Cream Chocolate Chip,21,8.87
9793,12276,111664,Chocolate Chip Cookie Dough Ice Cream,1,8.4
9794,890,52527,Organic Diced Tomatoes,15,1.35
9794,45007,52527,Organic Zucchini,4,5.08
9796,17151,165181,Honey Maid Cinnamon Grahams,19,9.77
9797,37067,150048,Organic Banana,4,10.85
9797,47893,150048,Steel Cut Irish Oatmeal,14,4.81
9799,26209,93226,Limes,4,4.37
9799,44570,93226,Kale Greens,4,4.15
9800,38426,89422,Organic Cotton Balls,11,7.36
9800,890,89422,Organic Diced Tomatoes,15,1.35
9801,16494,2698,Double Zipper Gallon Freezer Bags,17,0.98
9801,36946,2698,Uncured Canadian Bacon,12,7.21
9802,12290,58091,Brie,16,10.11
9803,40268,193550,Organic Wheat-Free & Gluten-Free Original Crackers,19,3.71
9805,20899,127890,Goo Berry Pie Probugs Kefir,16,6.29
9806,35742,81735,Honey Crunchy Flavor Corn Dogs 6 Count,1,7.19
9806,20896,81735,C&W Frozen Petite Sweet Corn,1,10.32
9807,30018,176310,Prime Filets Turkey Dinner In Gravy,8,6.97
9807,45215,176310,Extra Crispy Easy Fries Golden Crinkles,1,5.86
9807,46128,176310,Prime Filets with Salmon & Beef in Sauce Cat Food,8,6.41
9807,47141,176310,Cola,7,5.77
9810,5450,1676,Small Hass Avocado,4,5.77
9810,18689,1676,Dairy-Free Chive Cream Cheese,16,10.12
9813,12397,54001,Earl Grey Tea Bags,7,6.93
9813,26209,54001,Limes,4,4.37
9815,46802,51302,Pineapple Chunks,1,6.76
9816,43768,168006,Organic Bell Pepper,4,2.4
9816,10388,168006,Classic Mixed Vegetables,1,11.96
9817,27796,23341,Real Mayonnaise,13,0.97
9817,13174,23341,Lavender & Vanilla Candle,17,10.08
9817,44972,23341,Basic Toilet Paper Double Rolls,17,7.55
9818,22504,10434,Organic Mountain Forest Amber Honey,13,2.16
9818,22716,10434,Gluten Free Fettuccini Roasted Garlic,9,2.1
9819,40310,77090,Oven Roasted Turkey Breast,20,8.23
9819,15820,77090,Cafe Cuisine Sesame Chicken,1,4.26
9819,26209,77090,Limes,4,4.37
9820,8138,31582,Traditional Hummus,20,2.75
9820,34969,31582,Red Vine Tomato,4,9.25
9820,43662,31582,"Yogurt, Strained Low-Fat, Coconut",16,11.87
9825,28635,186605,0% Greek Yogurt Black Cherry on the Bottom,16,7.7
9827,15775,76795,Mint Floss,11,9.45
9829,22124,151339,Total 0% Raspberry Yogurt,16,9.08
9831,18963,24504,Apple Cider Vinegar,13,9.67
9832,20463,49225,Organic Fat-Free Milk,16,1.48
9833,20542,98692,Lime Ginger Lemon Agave,7,7.7
9834,43772,176182,Cherubs Heavenly Salad Tomatoes,4,1.15
9834,26604,176182,Organic Blackberries,4,8.08
9836,45599,155497,Organic Strawberry Lemonade Fruit Juice Drink,7,6.8
9837,35055,104292,Just Cranberry Unsweetened Juice,7,8.57
9837,45007,104292,Organic Zucchini,4,5.08
9837,31127,104292,Sweet Batard,3,5.64
9838,23216,70379,Fancy Shredded Cheese Italian Blend,16,0.89
9838,25331,70379,Chocolate Malt,1,3.53
9840,36152,193905,Vanilla Passion Fruit & Hawaiian Breeze Scented Oil Refill,17,4.99
9841,30827,521,Seedless Cucumbers,4,5.22
9842,38451,13681,ProActive Health Adult Large Breed Weight Control Premium Dry Dog Food,8,10.89
9842,36810,13681,Original Pancake and Baking Mix,14,5.95
9844,26209,204211,Limes,4,4.37
9848,45007,202478,Organic Zucchini,4,5.08
9851,24830,183433,Organic Romaine,4,10.27
9851,45007,183433,Organic Zucchini,4,5.08
9852,781,186000,Organic Shredded Mild Cheddar,16,2.78
9852,27044,186000,Maple Almond Butter,13,8.9
9852,46990,186000,Ground Buffalo,12,10.44
9853,28745,187209,Oven Roasted Turkey,20,7.99
9857,17044,168866,French Baguette,3,6.85
9857,45007,168866,Organic Zucchini,4,5.08
9858,27509,13516,Organic Seasoned Yukon Select Potatoes Hashed Browns,1,5.21
9859,43037,40390,Garden Minestrone Soup,20,3.05
9859,42110,40390,Organic Macaroni Shells & Real Aged Cheddar,9,12.09
9860,16759,120501,Organic Carrot Bunch,4,4.17
9860,43662,120501,"Yogurt, Strained Low-Fat, Coconut",16,11.87
9860,28465,120501,Icelandic Style Skyr Blueberry Non-fat Yogurt,16,8.32
9862,33911,2342,Zero Calorie Cream Soda,7,7.55
9862,40310,2342,Oven Roasted Turkey Breast,20,8.23
9866,18027,188521,Ezekiel 4:9 Bread Organic Sprouted Whole Grain,3,11.3
9866,16494,188521,Double Zipper Gallon Freezer Bags,17,0.98
9867,13780,197151,Thyme,4,10.2
9871,36485,29869,Organic Stage 2 Winter Squash Baby Food Puree,18,0.97
9872,20463,1642,Organic Fat-Free Milk,16,1.48
9873,18027,5255,Ezekiel 4:9 Bread Organic Sprouted Whole Grain,3,11.3
9875,31215,5978,Lemon Yogurt,16,10.41
9875,40198,5978,Blueberry Yoghurt,16,8.81
9876,3556,26199,Organic Mellow Miso Brown Rice,6,4.31
9876,2962,26199,"Milk, Reduced Fat, 2% Milkfat",16,8.89
9876,5450,26199,Small Hass Avocado,4,5.77
9876,26209,26199,Limes,4,4.37
9877,19173,16364,Orange Calcium & Vitamin D Pulp Free,7,11.11
9880,31951,6636,Miniature Peanut Butter Cups,19,11.9
9881,23271,19192,Tabasco Chipotle Pepper Sauce,13,11.83
9881,5734,19192,Pizzeria-Style Crust Supreme Speciale Pizza,1,4.83
9882,12427,58043,Original Beef Jerky,19,3.08
9886,42736,167491,Unsalted Butter,16,9.28
9887,1060,77578,Black Cherry Premium Fruit Spread,13,2.25
9887,46820,77578,Vanilla Pure Almond Milk,16,11.94
9888,39408,79482,Gala Apples,4,4.03
9889,18019,121231,Macaroni & Cheese Dinner Original Flavor,9,3.73
9889,29242,121231,Whole Grain Original Flavor Macaroni & Cheese Dinner,9,8.61
9889,47966,121231,Old Fashioned Rolled Oats,14,2.74
9891,15433,69082,Oatmeal Raisin Walnut Bar,19,6.74
9892,33810,64906,Citrus Dish Soap,17,9.69
9893,25,103747,Salted Caramel Lean Protein & Fiber Bar,19,5.44
9893,16744,103747,Peanut & Gluten Free Smooth Almond Butter,13,8.17
9895,35042,89913,Black Beans,15,5.95
9895,28785,89913,Organic Tahini,13,8.89
9895,20869,89913,Yellow Potato,4,4.45
9896,2298,108827,"Muffins, Mini, Flax, Chocolate Brownie",3,8.0
9898,28745,99271,Oven Roasted Turkey,20,7.99
9899,11068,120777,Medium Cheddar Cheese Block,16,1.9
9899,13249,120777,Skim Milk,16,9.33
9900,48370,154442,Sensitive Toilet Paper,17,9.33
9902,22224,44431,Whole Milk Plain Greek Yogurt,16,2.08
9902,6279,44431,Warrior Blend Vanilla Raw Vegan Protein,11,5.23
9907,43083,183587,Concentrated Splash-Less Regular Bleach,17,12.34
9909,35042,162153,Black Beans,15,5.95
9909,7364,162153,Red Mild Enchilada Sauce,6,9.87
9910,7641,149369,Gluten Free Extra Crispy Fast Food French Fried Potatoes,1,3.81
9911,48834,206043,Lemon Bar Fruit & Nut Bars,19,2.23
9913,38274,38366,Ice Cream Sandwiches Vanilla,1,7.17
9914,260,194704,Cantaloupe,4,3.01
9914,38274,194704,Ice Cream Sandwiches Vanilla,1,7.17
9915,28413,79638,Bunny-Luv Organic Carrots,4,7.3
9915,42475,79638,Unsalted Butter Quarters,16,2.61
9915,48812,79638,Variety Pack,17,7.23
9916,17044,3219,French Baguette,3,6.85
9916,33316,3219,Lemongrass & Clementine Zest Natural Dish Liquid,17,0.96
9916,33810,3219,Citrus Dish Soap,17,9.69
9920,36070,23425,"Super Spinach! Baby Spinach, Baby Bok Choy, Sweet Baby Kale",4,4.34
9920,19677,23425,Original Pure Creamy Almond Milk,16,6.4
9920,26604,23425,Organic Blackberries,4,8.08
9921,4962,3536,Yotoddler Organic Pear Spinach Mango Yogurt,16,10.68
9921,43875,3536,Baby Food Stage 2 Blueberry Pear & Purple Carrot,18,6.11
9921,16759,3536,Organic Carrot Bunch,4,4.17
9921,42940,3536,Vegetable Dumpling Potstickers,1,12.3
9924,2429,43904,"Seriously Sharp Cheddar Cheese Cracker Cut Slices,",16,8.44
9925,33120,173598,Organic Egg Whites,16,5.33
9925,48186,173598,Lactose Free Half & Half,16,9.32
9928,26209,118860,Limes,4,4.37
9928,10106,118860,Honey & Maple Turkey Breast,20,8.53
9928,22504,118860,Organic Mountain Forest Amber Honey,13,2.16
9928,48595,118860,Organic Wheat Square Crackers,19,9.0
9928,42110,118860,Organic Macaroni Shells & Real Aged Cheddar,9,12.09
9929,5085,54607,Organic Stage 1 First Peas Baby Food,18,4.64
9929,27277,54607,Organic Stage 1 First Sweet Potatoes,18,1.11
9929,18243,54607,Organic Stage 3 Zucchini Broccoli Medley Baby Food,18,3.4
9930,4809,4087,Greek Whole Milk Blended Blueberry Yogurt,16,6.38
9931,1199,186274,YoTot Organic Raspberry Pear Yogurt,16,7.17
9933,37067,192819,Organic Banana,4,10.85
9933,31727,192819,"Organic Tomato Paste, No Salt Added",15,10.09
9935,15693,41099,Organic Peach Oo La Long Tea,7,9.36
9938,45210,199780,Organic Greek Lowfat Yogurt With Blueberries,16,5.69
9938,16759,199780,Organic Carrot Bunch,4,4.17
9940,19173,98831,Orange Calcium & Vitamin D Pulp Free,7,11.11
9940,39479,98831,Ground Paprika,13,12.34
9942,21756,96171,NUTrition Wholesome Nut Mix,19,10.17
9943,8092,129140,Organic Garlic & ButterCroutons,13,9.05
9947,27509,34525,Organic Seasoned Yukon Select Potatoes Hashed Browns,1,5.21
9947,3464,34525,"Organic Butterhead (Boston, Butter, Bibb) Lettuce",4,9.0
9947,12314,34525,Organic Celery Salt,13,8.0
9948,5450,130634,Small Hass Avocado,4,5.77
9948,46802,130634,Pineapple Chunks,1,6.76
9948,26209,130634,Limes,4,4.37
9949,47792,197640,Organic Beans & Rice Cheddar Cheese Burrito,1,8.35
9952,41999,26428,Cut Tulips (Choose Color),4,1.99
9952,27227,26428,Pumpkin Seed Cheddar Crispbreads,19,3.01
9953,24830,42489,Organic Romaine,4,10.27
9955,1940,35871,Organic 2% Reduced Fat Milk,16,1.23
9955,26604,35871,Organic Blackberries,4,8.08
9955,35134,35871,Epsom Salt Soaking Solution Soothe & Sleep,11,8.33
9956,45007,12533,Organic Zucchini,4,5.08
9959,45007,166655,Organic Zucchini,4,5.08
9959,46802,166655,Pineapple Chunks,1,6.76
9960,17273,61520,Fire Roasted Red Pepper Hummus,20,4.95
9960,26209,61520,Limes,4,4.37
9960,45007,61520,Organic Zucchini,4,5.08
9961,47621,34678,Chocolate Strong Dark,19,6.39
9961,26209,34678,Limes,4,4.37
9962,45007,11082,Organic Zucchini,4,5.08
9964,36086,196209,Philadelphia Original Cream Cheese,16,2.08
9964,43860,196209,Natural Colby Jack Cheese Block,16,2.3
9965,22124,175629,Total 0% Raspberry Yogurt,16,9.08
9966,30827,68028,Seedless Cucumbers,4,5.22
9968,41597,5848,Organic Jumbo Eggs,16,10.21
9968,21683,5848,Organic Multigrain English Muffins,3,7.64
9968,45007,5848,Organic Zucchini,4,5.08
9968,7898,5848,Ginger Beer,7,2.12
9969,45007,49732,Organic Zucchini,4,5.08
9969,35176,49732,Cream Cheese Cream Cheese Spread,16,3.27
9969,35939,49732,Organic Jalapeno Pepper,4,9.93
9969,21519,49732,Shea Butter Hand Wash,11,8.2
9972,35383,86130,Classic White Bread,3,6.03
9972,11068,86130,Medium Cheddar Cheese Block,16,1.9
9973,4220,161131,Hot & Spicy Tomato Ketchup,13,1.91
9975,12159,157392,Light Red Raspberry Yogurt,16,3.56
9979,35939,90517,Organic Jalapeno Pepper,4,9.93
9982,39055,48580,Mild Salsa Roja,20,12.54
9984,37915,141566,"Cheese \""Forte\"" Ravioli",9,7.26
9985,37003,11866,"Organic Apples, Carrots and Parsnips Puree",18,5.87
9986,14553,63426,Oats & Honey Granola,14,2.32
9986,28745,63426,Oven Roasted Turkey,20,7.99
9987,32259,135548,Red Globe Grapes,4,9.24
9987,46584,135548,YoKids Blueberry & Strawberry/Vanilla Yogurt,16,8.82
9987,43768,135548,Organic Bell Pepper,4,2.4
9988,41135,155674,Shaved Brussels Sprouts,4,7.06
9989,16759,146087,Organic Carrot Bunch,4,4.17
9991,6638,159631,Organic Brown Rice Crisps Cereal,14,1.39
9993,45051,170028,Pub Mix,19,8.23
9994,18019,181121,Macaroni & Cheese Dinner Original Flavor,9,3.73
9994,21645,181121,Apple & Cinnamon Adjustable Air Freshener,17,12.46
9995,45007,192396,Organic Zucchini,4,5.08
9995,30696,192396,Eggo Homestyle Waffles,1,6.45
9996,12250,117299,EF California White Basmati Eco-Farmed 2 lb Rice,9,8.48
9998,49424,4200,Cereal Honey Bears,13,8.25
10000,10369,65685,Organic Genoa Salami,20,2.35
10003,36070,85044,"Super Spinach! Baby Spinach, Baby Bok Choy, Sweet Baby Kale",4,4.34
10003,48595,85044,Organic Wheat Square Crackers,19,9.0
10005,33120,9790,Organic Egg Whites,16,5.33
10005,11494,9790,Cookie Dough Ice Cream Chocolate Chip,21,8.87
10009,37067,26783,Organic Banana,4,10.85
10009,17403,26783,Caramel Almond & Sea Salt Fruit & Nut Bars,19,5.22
10011,37193,649,Shelled Edamame,1,1.74
10011,43821,649,1 Apple + 1 Mango Fruit Bar,19,4.67
10011,26209,649,Limes,4,4.37
10013,23765,96163,Organic Smoked Turkey Breast,20,10.28
10013,45819,96163,Nacho Sliced Jalapenos,6,7.46
10013,13113,96163,Organic Apple Juice Boxes,7,9.79
10013,19625,96163,Organic Chicken & Vegetable Potstickers,1,11.18
10013,18881,96163,Coconut Milk Vanilla Frozen Dessert,1,2.62
10013,27690,96163,Apple Cinnamon GoGo Squeez,19,6.29
10016,260,139302,Cantaloupe,4,3.01
10016,45007,139302,Organic Zucchini,4,5.08
10016,36070,139302,"Super Spinach! Baby Spinach, Baby Bok Choy, Sweet Baby Kale",4,4.34
10019,32578,177370,Organic Fresh Squeezed Orange Juice,7,6.19
10020,42736,147105,Unsalted Butter,16,9.28
10021,13249,136999,Skim Milk,16,9.33
10024,12779,22093,Spaghetti Squash,4,5.49
10024,19445,22093,French Lavender All-Purpose Natural Surface Cleaner,17,8.0
10028,31608,152729,Minis Candy,19,5.84
10029,45007,29149,Organic Zucchini,4,5.08
10030,5450,167495,Small Hass Avocado,4,5.77
10030,36961,167495,Pink Cripps Apple,4,2.89
10030,45007,167495,Organic Zucchini,4,5.08
10032,25930,194708,Pure Cane Confectioners 10-X Powdered Sugar,13,9.37
10033,26209,122352,Limes,4,4.37
10033,13598,122352,Soy & Dairy Free Plain Unsweetened Almond Milk Yogurt,21,4.21
10038,19548,116679,Organic Lightly Roasted Crunchy Peanut Butter,13,1.58
10038,40721,116679,Organic Creamy Buckwheat Hot Cereal Gluten Free,14,5.4
10039,45007,93974,Organic Zucchini,4,5.08
10040,40198,175242,Blueberry Yoghurt,16,8.81
10041,49026,24366,Plain Almond Milk Yogurt,16,12.26
10042,14870,29498,Icelandic Style Fat Free Plain Yogurt,16,4.27
10042,1940,29498,Organic 2% Reduced Fat Milk,16,1.23
10042,45007,29498,Organic Zucchini,4,5.08
10042,43768,29498,Organic Bell Pepper,4,2.4
10043,39781,30307,Original 7 Grain Crackers,19,6.08
10044,31215,187760,Lemon Yogurt,16,10.41
10044,49247,187760,Coconut Yoghurt,16,4.8
10044,5450,187760,Small Hass Avocado,4,5.77
10044,34969,187760,Red Vine Tomato,4,9.25
10049,26209,105599,Limes,4,4.37
10051,45064,55687,Honey Wheat Bread,3,1.52
10052,10388,91717,Classic Mixed Vegetables,1,11.96
10053,12919,105091,Coconut Sparkling Water,7,12.1
10055,47141,183552,Cola,7,5.77
10055,12250,183552,EF California White Basmati Eco-Farmed 2 lb Rice,9,8.48
10056,28436,86209,Deviled Egg Tray,20,6.63
10056,30753,86209,Organic Red Lentil Penne,9,2.58
10056,15662,86209,Kombucha Decaf Green Tea Bags,7,2.49
10058,1202,164774,Organic Whole Grain Oatmeal Cereal Baby Food,18,9.64
10058,7371,164774,Chocolate Chip Cookie Dough Bar,19,5.25
10058,39448,164774,Cold Brew Coffee Mocha,16,11.23
10060,33771,130845,"Charcoal Briquets,  Instant",17,3.23
10064,26209,178889,Limes,4,4.37
10064,37067,178889,Organic Banana,4,10.85
10069,22716,18097,Gluten Free Fettuccini Roasted Garlic,9,2.1
10069,1025,18097,Organic Fresh Basil,4,11.34
10070,41729,98363,Sweet Grape Tomatoes,4,10.48
10071,45866,18781,Fig Newmans Fruit Filled Cookies,19,2.46
10071,25552,18781,Organic Steel Cut Oats,14,4.64
10071,17183,18781,Peach Yoghurt,16,6.75
10072,34969,9675,Red Vine Tomato,4,9.25
10072,45007,9675,Organic Zucchini,4,5.08
10073,1940,73332,Organic 2% Reduced Fat Milk,16,1.23
10074,37226,13127,Valerian Extract Mineral Supplement,11,8.21
10074,2596,13127,Lemon Cake Ice Cream,1,2.8
10077,45819,236,Nacho Sliced Jalapenos,6,7.46
10078,31533,183532,Spinach Feta in a Pocket Sandwich,1,2.06
10078,45282,183532,Gluten Free Tofu Scramble Breakfast Wrap,1,3.5
10078,2596,183532,Lemon Cake Ice Cream,1,2.8
10078,27665,183532,Whole Chia Seed,19,9.53
10078,23783,183532,"Almond Coconut Bar, Organic",19,2.09
10080,44854,137992,Decaf Pike Place Medium Roast Ground Coffee,7,7.28
10080,9834,137992,Berry Rainbow Sherbert,1,3.2
10083,30928,6141,Organic Gluten Free Yellow Cornmeal,13,2.92
10084,40589,6851,Lemonlime Electrolyte Tabs,7,3.78
10084,33120,6851,Organic Egg Whites,16,5.33
10085,449,89180,Chips Ahoy! Chewy Cookies,19,9.39
10087,19173,130179,Orange Calcium & Vitamin D Pulp Free,7,11.11
10090,26209,30275,Limes,4,4.37
10091,36735,70805,Organic Roasted Sliced Chicken Breast,20,10.42
10091,28465,70805,Icelandic Style Skyr Blueberry Non-fat Yogurt,16,8.32
10091,24492,70805,All Natural Won Ton Wraps,6,5.98
10093,5445,39738,Protein Zone Protein Juice Smoothie,7,5.82
10093,27413,39738,100% Mighty Mango Juice Smoothie,7,7.25
10094,11068,52131,Medium Cheddar Cheese Block,16,1.9
10094,21614,52131,Crackers Harvest Whole Wheat,19,2.38
10095,2360,67687,Lorraine Quiche,20,10.9
10095,12053,67687,Panama Peach Antioxidant Infusion,7,3.45
10096,26604,174245,Organic Blackberries,4,8.08
10096,35042,174245,Black Beans,15,5.95
10096,44690,174245,Cafe Style Tortilla  Chips,19,9.48
10096,40310,174245,Oven Roasted Turkey Breast,20,8.23
10099,26604,203404,Organic Blackberries,4,8.08
10099,26177,203404,Organic Honey Nut O's Cereal,14,3.76
10099,38456,203404,Large Grapefruit,4,3.38
10103,13249,27671,Skim Milk,16,9.33
10108,49667,117593,Enchilada with Spanish Rice & Beans Meal,1,10.34
10108,11865,117593,Light & Lean Spaghetti Italiano with Meatless Meatballs,1,12.22
10110,6069,105320,Maple Pumpkin Seeds with Sea Salt Chewy with a Crunch Granola Bars,19,7.32
10110,781,105320,Organic Shredded Mild Cheddar,16,2.78
10110,7598,105320,Organic Unsweetened Creamy Cashewmilk,16,8.56
10111,40506,126596,Pop Gun Pilsner,5,7.04
10112,27796,29424,Real Mayonnaise,13,0.97
10114,26209,77897,Limes,4,4.37
10114,7084,77897,Toddler Cheddar & Leeks Multigrain Wheels Organic Snack,18,5.99
10117,36961,66266,Pink Cripps Apple,4,2.89
10117,26629,66266,Cherry Pie Fruit & Nut Bar,19,1.38
10118,17526,184855,70% Dark Chocolate Salted Almond Bar,19,7.64
10118,13733,184855,Red Potatoes,4,4.73
10121,26209,34333,Limes,4,4.37
10121,10603,34333,93% Ground Beef,12,3.6
10121,34969,34333,Red Vine Tomato,4,9.25
10121,36333,34333,Heirloom Bean Veggie Burgers,1,6.03
10123,46992,43295,Real Cheddar Baked Cheese Puffs,19,3.16
10123,35948,43295,Tonic Water,7,7.7
10123,28733,43295,Chicken Nuggets,1,11.03
10124,26604,192223,Organic Blackberries,4,8.08
10124,48527,192223,Avocado,4,12.54
10124,27796,192223,Real Mayonnaise,13,0.97
10125,31961,169956,Chilpotle Peppers in Adobo Sauce,6,7.83
10125,19548,169956,Organic Lightly Roasted Crunchy Peanut Butter,13,1.58
10125,35939,169956,Organic Jalapeno Pepper,4,9.93
10125,18963,169956,Apple Cider Vinegar,13,9.67
10127,41155,115005,Mega Stuffed Cookies,19,3.76
10127,44022,115005,Original Bite Size Candies,19,8.05
10128,7116,124699,Large Enriched Bread,3,2.99
10129,20842,19143,Total 0% Greek Yogurt,16,9.2
10129,26604,19143,Organic Blackberries,4,8.08
10130,7963,117060,Gluten Free Whole Grain Bread,1,4.53
10130,6638,117060,Organic Brown Rice Crisps Cereal,14,1.39
10130,36792,117060,Gluten Free Omega Flax & Fiber Bread,3,3.98
10135,7898,142445,Ginger Beer,7,2.12
10135,20281,142445,Scoops! Corn Snacks,19,3.94
10135,36618,142445,"12\"" Aluminium Foil",17,6.84
10138,13399,166987,Organic Hard Candies Ginger,19,2.24
10139,33655,34256,Strawberry Jelly,13,4.13
10141,45007,153460,Organic Zucchini,4,5.08
10142,26604,4604,Organic Blackberries,4,8.08
10142,21506,4604,Organic Raisin Bran Cereal,14,2.69
10144,43875,20690,Baby Food Stage 2 Blueberry Pear & Purple Carrot,18,6.11
10145,30353,179624,Curate Cherry Lime Sparkling Water,7,1.86
10149,35425,9929,Gluten Free Brown Rice English Muffins 6 ct,3,11.37
10150,34969,140355,Red Vine Tomato,4,9.25
10153,8460,170758,Hearty Thick Cut Bacon,12,5.7
10154,20842,31471,Total 0% Greek Yogurt,16,9.2
10155,10106,124566,Honey & Maple Turkey Breast,20,8.53
10155,26209,124566,Limes,4,4.37
10155,10603,124566,93% Ground Beef,12,3.6
10155,28465,124566,Icelandic Style Skyr Blueberry Non-fat Yogurt,16,8.32
10159,28413,176369,Bunny-Luv Organic Carrots,4,7.3
10161,38456,66214,Large Grapefruit,4,3.38
10161,33746,66214,Simply Stock Organic Vegetable Unsalted Stock,15,11.09
10164,12276,18124,Chocolate Chip Cookie Dough Ice Cream,1,8.4
10164,20034,18124,Potted Basil,4,6.24
10166,24497,129299,Organic Cauliflower Florets,4,7.52
10166,49273,129299,Light and Lean Quinoa Black Beans with Butternut Squash and Chard,1,1.34
10167,26209,35396,Limes,4,4.37
10168,27796,7543,Real Mayonnaise,13,0.97
10169,23922,175451,Hot Raw Hummus,13,7.22
10169,260,175451,Cantaloupe,4,3.01
10171,25647,108832,Heirloom Tomato,4,4.3
10171,19906,108832,Fresh Whole White Mushrooms,4,2.73
10172,10761,15857,Organic Yokids Lemonade/Blueberry Variety Pack Yogurt Squeezers Tubes,16,4.56
10174,20842,25557,Total 0% Greek Yogurt,16,9.2
10174,13249,25557,Skim Milk,16,9.33
10180,5450,151350,Small Hass Avocado,4,5.77
10180,26209,151350,Limes,4,4.37
10180,15693,151350,Organic Peach Oo La Long Tea,7,9.36
10180,34169,151350,"Hommus, Artichoke Spinach",20,3.28
10183,4289,61049,15 Calories Light Lemonade,7,8.58
10183,14295,61049,Sea Salt Garden Veggie Straws,19,6.72
10183,42240,61049,Ultra Soft Facial Tissues,17,12.0
10183,26604,61049,Organic Blackberries,4,8.08
10186,11212,27730,Apple Blueberry Fruit Yogurt Smoothie,18,11.52
10187,28122,32667,Peter Rabbit Organics Kale Broccoli and Mango Purée,18,10.42
10187,43662,32667,"Yogurt, Strained Low-Fat, Coconut",16,11.87
10188,41437,187191,Hearty Minestrone with Vegetables Soup,15,11.43
10188,11353,187191,Chicken-Style Seitan,6,6.34
10191,23765,186142,Organic Smoked Turkey Breast,20,10.28
10192,449,152348,Chips Ahoy! Chewy Cookies,19,9.39
10192,47141,152348,Cola,7,5.77
10192,7533,152348,Low-Fat Strawberry Banana on the Bottom Greek Yogurt,16,6.64
10194,5115,104499,Organic Medium Brown Eggs,16,11.44
10194,26209,104499,Limes,4,4.37
10194,27509,104499,Organic Seasoned Yukon Select Potatoes Hashed Browns,1,5.21
10195,21206,24466,English Breakfast Black Tea,7,3.44
10197,29450,10790,Oatmeal Animal Cookies,19,9.55
10199,1940,70665,Organic 2% Reduced Fat Milk,16,1.23
10202,27913,163282,Yokids Squeeze Strawberry Yogurt,16,8.65
10203,49352,146983,Natural Extra Sharp Cheddar Cheese,16,8.82
10204,48012,156456,Frozen Coconut Cream Pie,1,7.03
10205,37796,188534,"Soap, Dead Sea Mud",11,3.33
10206,16744,148946,Peanut & Gluten Free Smooth Almond Butter,13,8.17
10207,14114,98541,Orange Chicken,1,12.2
10209,32877,79022,Yellow Zucchini,4,11.75
10210,31413,35654,Silver® Multivitamin and Multimineral Supplement Tablets For Women 50+,11,2.53
10212,45007,151113,Organic Zucchini,4,5.08
10213,13147,61592,GOLEAN Crisp! Toasted Berry Crumble Cereal,14,4.75
10214,30696,74409,Eggo Homestyle Waffles,1,6.45
10214,32211,74409,Whole Grains Oatnut Bread,3,8.78
10215,14477,156483,Organic Spaghetti,9,7.55
10216,47873,73398,Sparkling Probiotic Drink Mango Coconut,7,12.37
10216,38966,73398,Unsalted Peanut Butter Filled Pretzels,19,5.5
10219,28465,60716,Icelandic Style Skyr Blueberry Non-fat Yogurt,16,8.32
10219,31801,60716,9 Inch Plates,17,4.1
10219,23535,60716,Sea Salt Chickpeas,19,2.71
10220,2962,126415,"Milk, Reduced Fat, 2% Milkfat",16,8.89
10220,31127,126415,Sweet Batard,3,5.64
10220,39072,126415,Organic Whole Peeled Tomatoes with Basil,15,11.4
10221,26604,102067,Organic Blackberries,4,8.08
10223,23765,201741,Organic Smoked Turkey Breast,20,10.28
10223,13113,201741,Organic Apple Juice Boxes,7,9.79
10224,27662,128887,Large Grade AA Cage Free Eggs,16,11.86
10224,19003,128887,Celery,4,5.68
10226,45866,196418,Fig Newmans Fruit Filled Cookies,19,2.46
10227,26209,140170,Limes,4,4.37
10229,44375,89222,Canned Aranciata Orange,7,3.21
10229,4006,89222,Hazelnut Spread With Skim Milk & Cocoa,13,4.62
10229,34969,89222,Red Vine Tomato,4,9.25
10230,8866,186291,Organic White Chocolate Peanut Butter Cups,19,4.23
10231,14870,44345,Icelandic Style Fat Free Plain Yogurt,16,4.27
10231,28465,44345,Icelandic Style Skyr Blueberry Non-fat Yogurt,16,8.32
10231,18408,44345,Smoked Turkey Slices,20,3.47
10233,43662,194562,"Yogurt, Strained Low-Fat, Coconut",16,11.87
10233,42972,194562,Natural Pure Sparkling Water,7,4.77
10233,15011,194562,"Pita Chips, Simply Naked",19,11.46
10235,33810,141369,Citrus Dish Soap,17,9.69
10237,12919,174683,Coconut Sparkling Water,7,12.1
10239,18019,188349,Macaroni & Cheese Dinner Original Flavor,9,3.73
10241,6104,9486,Whole Milk Plain Yogurt,16,1.76
10244,3464,188259,"Organic Butterhead (Boston, Butter, Bibb) Lettuce",4,9.0
10245,3469,42344,Organic Vegetarian Mild Refried Beans With Green Chiles,15,5.89
10246,5450,159377,Small Hass Avocado,4,5.77
10246,26209,159377,Limes,4,4.37
10246,33611,159377,100% Pure Coconut Water,7,8.19
10247,32290,15744,Urban Cowgirl Mild Mango Peach Salsa,13,8.07
10247,4149,15744,Frozen Organic Blueberries,4,11.59
10248,11698,82681,Crunchy Chickpeas Korean BBQ,1,8.88
10248,26209,82681,Limes,4,4.37
10249,44375,29233,Canned Aranciata Orange,7,3.21
10250,2108,199224,Pastured Eggs,16,9.05
10254,26604,109979,Organic Blackberries,4,8.08
10256,7533,92191,Low-Fat Strawberry Banana on the Bottom Greek Yogurt,16,6.64
10261,781,96204,Organic Shredded Mild Cheddar,16,2.78
10261,10369,96204,Organic Genoa Salami,20,2.35
10261,38772,96204,Provolone,16,1.84
10264,36070,127673,"Super Spinach! Baby Spinach, Baby Bok Choy, Sweet Baby Kale",4,4.34
10264,33120,127673,Organic Egg Whites,16,5.33
10266,35065,137377,Orange Strawberry Banana Juice,7,2.03
10267,4962,200747,Yotoddler Organic Pear Spinach Mango Yogurt,16,10.68
10267,22124,200747,Total 0% Raspberry Yogurt,16,9.08
10268,27029,172715,Strawberry Cream Covered Biscuit Sticks,6,6.7
10272,26209,21021,Limes,4,4.37
10272,27690,21021,Apple Cinnamon GoGo Squeez,19,6.29
10272,26172,21021,Light Sour Cream,16,7.26
10273,40268,27077,Organic Wheat-Free & Gluten-Free Original Crackers,19,3.71
10273,18963,27077,Apple Cider Vinegar,13,9.67
10273,28785,27077,Organic Tahini,13,8.89
10274,2962,7775,"Milk, Reduced Fat, 2% Milkfat",16,8.89
10275,49239,98292,Dark Chocolate Royale Shakes,11,4.78
10277,37067,201652,Organic Banana,4,10.85
10277,16759,201652,Organic Carrot Bunch,4,4.17
10279,27177,165958,"Shampoo, Body Wash, Bubble Bath Coconut+Lemon",11,3.55
10280,14371,199439,Organic Nonfat Milk,16,10.79
10280,26209,199439,Limes,4,4.37
10280,49640,199439,Sourdough Loaf,3,11.15
10280,32880,199439,Lightly Dried Parsley,4,1.32
10281,41625,190898,Organic Half Spring Mix,4,5.93
10291,26209,653,Limes,4,4.37
10292,46820,150677,Vanilla Pure Almond Milk,16,11.94
10294,44292,159618,Premium Unsweetened Iced Tea,7,7.57
10294,30696,159618,Eggo Homestyle Waffles,1,6.45
10294,2822,159618,Organic Creamy Raw Almond Butter,13,4.11
10295,49247,152807,Coconut Yoghurt,16,4.8
10295,26209,152807,Limes,4,4.37
10297,35467,31935,Semi Sweet Chocolate Mega Chunks Dairy Nut & Soy Free,13,6.61
10298,11432,159024,Chopped Kale,4,9.06
10298,38349,159024,Simply Smart Gluten Free Breaded Chicken Breast Tenders,1,8.48
10299,42240,133649,Ultra Soft Facial Tissues,17,12.0
10300,45007,201988,Organic Zucchini,4,5.08
10300,43662,201988,"Yogurt, Strained Low-Fat, Coconut",16,11.87
10302,10527,95967,Whipped Butter,16,3.95
10302,43192,95967,Dark with 70% Cacao Content Organic Chocolate Bar,19,5.04
10303,48116,30904,Lowfat Kefir Plain Unsweetened,16,1.44
10303,40268,30904,Organic Wheat-Free & Gluten-Free Original Crackers,19,3.71
10303,26604,30904,Organic Blackberries,4,8.08
10303,35939,30904,Organic Jalapeno Pepper,4,9.93
10304,45007,76432,Organic Zucchini,4,5.08
10304,22716,76432,Gluten Free Fettuccini Roasted Garlic,9,2.1
10306,26209,122405,Limes,4,4.37
10306,38164,122405,Almonds & Sea Salt in Dark Chocolate,19,9.32
10306,43875,122405,Baby Food Stage 2 Blueberry Pear & Purple Carrot,18,6.11
10306,30696,122405,Eggo Homestyle Waffles,1,6.45
10306,758,122405,No Sugar Added The Original Fudge Pops,1,11.67
10306,49352,122405,Natural Extra Sharp Cheddar Cheese,16,8.82
10308,22504,17507,Organic Mountain Forest Amber Honey,13,2.16
10308,6473,17507,Bag of Lemons,4,6.98
10309,12312,178630,Lavender Hand Soap,11,11.33
10310,19938,150015,Extra Wide Egg Noodles,9,2.68
10310,11950,150015,Madagascar Vanilla Ice Cream,1,3.42
10311,30827,17461,Seedless Cucumbers,4,5.22
10311,28413,17461,Bunny-Luv Organic Carrots,4,7.3
10312,17130,160177,Chef's Favorites Lightly Seasoned Asian Medley,1,2.77
10313,39408,36875,Gala Apples,4,4.03
10314,46802,59975,Pineapple Chunks,1,6.76
10314,30461,59975,Organic Multigrain Mild Green Mojo Tortilla Chips,19,7.11
10315,26209,10712,Limes,4,4.37
10317,43192,19006,Dark with 70% Cacao Content Organic Chocolate Bar,19,5.04
10318,24571,77815,Tomato and Basil Pasta Sauce,9,10.32
10318,38072,77815,Chicken Breast Tenderloins,12,5.67
10318,22920,77815,Roasted & Salted Shelled Pistachios,19,7.88
10318,26604,77815,Organic Blackberries,4,8.08
10318,32700,77815,Original Whipped Cream,16,0.94
10320,41488,43544,Chocolate Milk,16,4.77
10321,12276,98160,Chocolate Chip Cookie Dough Ice Cream,1,8.4
10322,43772,189955,Cherubs Heavenly Salad Tomatoes,4,1.15
10322,26209,189955,Limes,4,4.37
10323,32442,141767,Organic Original Tofu Veggie Burger,20,11.35
10325,14371,154990,Organic Nonfat Milk,16,10.79
10325,32505,154990,Francese Home Bake Rolls,3,5.48
10326,25937,28466,Semi Soft Part-Skim Slices,16,9.92
10327,39781,113202,Original 7 Grain Crackers,19,6.08
10327,15860,113202,Natural Apple Sauce Cups,15,8.98
10329,47504,51425,Blueberry Breakfast Biscuits,14,7.81
10333,27796,161208,Real Mayonnaise,13,0.97
10333,34861,161208,Beets Bunch,4,1.06
10334,26209,114984,Limes,4,4.37
10335,5258,201242,Sparkling Water,7,10.95
10336,16759,91953,Organic Carrot Bunch,4,4.17
10336,16145,91953,Organic Cannellini Beans,15,5.1
10336,45007,91953,Organic Zucchini,4,5.08
10336,26209,91953,Limes,4,4.37
10337,34643,160151,Dry Roasted Macadamias,19,1.09
10337,5445,160151,Protein Zone Protein Juice Smoothie,7,5.82
10337,9401,160151,Traditional Beef Barley Soup,15,1.83
10339,24830,58097,Organic Romaine,4,10.27
10340,7898,150857,Ginger Beer,7,2.12
10341,33540,38593,Whole Grain Organic Blueberry Waffles,1,4.77
10341,31513,38593,Kefir Cultured Milk Smoothie Plain,16,1.1
10343,26209,11588,Limes,4,4.37
10343,32429,11588,Red Mango,4,3.5
10344,27275,75823,Pineapple Strawberry Sparkling Water,7,7.09
10346,47792,153706,Organic Beans & Rice Cheddar Cheese Burrito,1,8.35
10346,26629,153706,Cherry Pie Fruit & Nut Bar,19,1.38
10349,42384,183550,Original Chili Seasoning Mix,13,6.33
10352,30696,187665,Eggo Homestyle Waffles,1,6.45
10352,20636,187665,Pure Sport Body Wash,11,9.5
10352,21645,187665,Apple & Cinnamon Adjustable Air Freshener,17,12.46
10354,27464,113798,Direct Trade House Blend Medium Roast Ground Coffee,7,11.02
10356,24571,8421,Tomato and Basil Pasta Sauce,9,10.32
10357,5922,83856,"Honest Face, Hand, & Baby Wipes",18,8.08
10358,5450,202733,Small Hass Avocado,4,5.77
10360,5450,89783,Small Hass Avocado,4,5.77
10360,38456,89783,Large Grapefruit,4,3.38
10366,18677,88544,"Minis, Coconut Milk, Non-Dairy Frozen Dessert, no sugar added Vanilla Bar",1,11.94
10370,18246,112229,Gluten-Free Butter Shortbread with Agave Syrup,19,9.85
10372,42736,154465,Unsalted Butter,16,9.28
10372,7751,154465,Tomato Ketchup,13,1.99
10373,22124,179651,Total 0% Raspberry Yogurt,16,9.08
10374,42972,175995,Natural Pure Sparkling Water,7,4.77
10375,24789,150600,Organic Cold Season Tea Bags,7,3.95
10376,13997,196002,Braeburn Apple,4,1.48
10377,5918,155032,Single Serve Cheese Pizza,1,7.61
10377,260,155032,Cantaloupe,4,3.01
10379,19677,195769,Original Pure Creamy Almond Milk,16,6.4
10380,2535,99731,Shaved Parmesan,16,9.81
10382,46562,181116,Sweet & Salty Nut Granola Bars Peanut,19,3.56
10385,260,110197,Cantaloupe,4,3.01
10386,18019,185977,Macaroni & Cheese Dinner Original Flavor,9,3.73
10386,22123,185977,1% Low Fat Chocolate Milk,16,7.67
10386,42026,185977,Mamma Bella's Recipe Garlic Bread,1,4.87
10386,15739,185977,G Series Fruit Punch Sports Drink,7,10.91
10388,35078,36167,Seriously Sharp Cheddar Cheese,16,4.43
10388,19677,36167,Original Pure Creamy Almond Milk,16,6.4
10388,49247,36167,Coconut Yoghurt,16,4.8
10389,26209,53825,Limes,4,4.37
10389,36070,53825,"Super Spinach! Baby Spinach, Baby Bok Choy, Sweet Baby Kale",4,4.34
10390,1940,129307,Organic 2% Reduced Fat Milk,16,1.23
10390,781,129307,Organic Shredded Mild Cheddar,16,2.78
10390,6567,129307,Chocolate Peanut Butter Protein Bar,19,4.83
10390,7371,129307,Chocolate Chip Cookie Dough Bar,19,5.25
10391,24062,160961,Flourless  Sprouted Whole Grain 7-Sprouted Grains English Muffins,3,4.68
10392,16759,33253,Organic Carrot Bunch,4,4.17
10392,26209,33253,Limes,4,4.37
10392,34969,33253,Red Vine Tomato,4,9.25
10393,40574,187464,Rice Cereal,14,1.69
10394,5258,191571,Sparkling Water,7,10.95
10395,2596,183519,Lemon Cake Ice Cream,1,2.8
10395,19625,183519,Organic Chicken & Vegetable Potstickers,1,11.18
10397,22105,141389,Ultra Thin Sliced Provolone Cheese,16,2.41
10398,32463,204375,Olive Oil & Aloe Vera Hand Soap,11,4.26
10398,4163,204375,Spanish Rice Pilaf Mix,9,7.87
10398,44375,204375,Canned Aranciata Orange,7,3.21
10399,22828,86331,Sea Salt Caramel Ice Cream,1,5.04
10400,26209,100296,Limes,4,4.37
10402,24497,43989,Organic Cauliflower Florets,4,7.52
10403,20518,154807,"Club Delight Sausage, Egg, & Cheese Sandwiches",12,0.91
10404,13997,9608,Braeburn Apple,4,1.48
10404,4006,9608,Hazelnut Spread With Skim Milk & Cocoa,13,4.62
10405,26209,16401,Limes,4,4.37
10408,43192,49368,Dark with 70% Cacao Content Organic Chocolate Bar,19,5.04
10409,11068,156467,Medium Cheddar Cheese Block,16,1.9
10409,26168,156467,Newman O's Creme Filled Mint Chocolate Cookies,19,5.37
10410,31215,31849,Lemon Yogurt,16,10.41
10410,49247,31849,Coconut Yoghurt,16,4.8
10411,23554,79183,Organic Vanilla Bean Ice Cream,1,6.65
10411,47573,79183,Ginger Snap Sprouted Cookies,19,1.63
10413,2962,121409,"Milk, Reduced Fat, 2% Milkfat",16,8.89
10413,39890,121409,"Stock, Roasted Chicken",15,6.88
10416,45007,126619,Organic Zucchini,4,5.08
10418,1326,188346,The Bee's Knees Honey Peanut Butter,13,2.81
10419,2116,171162,Organic Maple & Onion Baked Beans,15,2.14
10419,35042,171162,Black Beans,15,5.95
10422,18653,154517,Super Shreds Superfood Brussels Sprouts,4,12.12
10423,38274,355,Ice Cream Sandwiches Vanilla,1,7.17
10424,39046,1899,Smok Cured Turkey Bacon,12,6.84
10424,35901,1899,Extra Light & Fluffy Pancake & Waffle Mix,14,3.77
10424,32035,1899,Toasted Pine Nut Couscous Mix,9,8.57
10424,13642,1899,Whole Grain Blends Wheat Couscous Roasted Garlic & Olive Oil,9,9.78
10425,890,167526,Organic Diced Tomatoes,15,1.35
10425,13733,167526,Red Potatoes,4,4.73
10425,36735,167526,Organic Roasted Sliced Chicken Breast,20,10.42
10425,26209,167526,Limes,4,4.37
10426,41363,82185,Tofu Spring Roll,20,2.74
10427,37067,22488,Organic Banana,4,10.85
10429,25199,81000,Classic Chicken Salad,20,4.26
10431,17924,4171,Seltzer Water,7,3.66
10432,12315,137062,Dairy Free Hazelnut Coconut Milk Creamer,16,12.03
10432,1202,137062,Organic Whole Grain Oatmeal Cereal Baby Food,18,9.64
10433,48736,187853,Ricotta And Spinach Tondi,9,1.28
10433,32505,187853,Francese Home Bake Rolls,3,5.48
10434,12974,42827,Organic Horseradish Mustard,13,5.38
10434,14437,42827,Total Greek Yogurt With Honey,16,6.44
10434,36315,42827,Low Fat Split Pea Soup,15,12.38
10439,45007,6409,Organic Zucchini,4,5.08
10439,18881,6409,Coconut Milk Vanilla Frozen Dessert,1,2.62
10439,8138,6409,Traditional Hummus,20,2.75
10439,31727,6409,"Organic Tomato Paste, No Salt Added",15,10.09
10440,38558,162954,Organic Low Fat Cottage Cheese,16,9.47
10440,6638,162954,Organic Brown Rice Crisps Cereal,14,1.39
10441,1106,154663,Cranberry Almond Plus Antioxidants 1.4 oz Fruit & Nut Bars,19,10.78
10441,6647,154663,Navel Orange,4,4.34
10443,18159,114619,Organic Biologique Limes,4,5.06
10443,43371,114619,Crushed Red Pepper,13,7.03
10444,3358,1955,"Rising Crust Supreme (Sausage, Pepperoni, Red Peppers, Green Peppers, Onions, Black Olives) Frozen Pizza",1,5.69
10445,6695,127031,Crunchy Spread,13,3.83
10445,29140,127031,Coke Life,7,10.78
10447,22504,12433,Organic Mountain Forest Amber Honey,13,2.16
10447,16744,12433,Peanut & Gluten Free Smooth Almond Butter,13,8.17
10449,5450,99544,Small Hass Avocado,4,5.77
10449,43621,99544,Chik'n Patties,1,12.48
10449,32429,99544,Red Mango,4,3.5
10450,8896,46255,Southern Style White Corn Grits,14,10.63
10450,17789,46255,Soy Free Buttery Spread,16,11.19
10451,18027,47280,Ezekiel 4:9 Bread Organic Sprouted Whole Grain,3,11.3
10452,7041,35583,Pecorino Romano,16,5.02
10454,33021,191025,Reserve Cheddar Cheese,16,4.15
10458,20518,15474,"Club Delight Sausage, Egg, & Cheese Sandwiches",12,0.91
10460,27796,18457,Real Mayonnaise,13,0.97
10463,1700,3493,White Cheddar Popcorn,19,5.86
10463,38473,3493,Dark Coconut Toffee Organic Chocolate,19,6.98
10465,23039,9452,Fat Free Cream Cheese,16,1.3
10465,20947,9452,Passionberry Bliss Kombucha Drink,7,11.87
10465,31387,9452,Natural Almonds 100 Calorie Packs,19,12.4
10465,38456,9452,Large Grapefruit,4,3.38
10466,18963,203843,Apple Cider Vinegar,13,9.67
10466,37384,203843,Mustard (Ground),13,4.61
10467,18027,31445,Ezekiel 4:9 Bread Organic Sprouted Whole Grain,3,11.3
10467,44570,31445,Kale Greens,4,4.15
10468,15466,96882,Geranium Room Freshener,17,7.53
10468,22504,96882,Organic Mountain Forest Amber Honey,13,2.16
10469,1940,181443,Organic 2% Reduced Fat Milk,16,1.23
10471,32035,135657,Toasted Pine Nut Couscous Mix,9,8.57
10474,18019,84758,Macaroni & Cheese Dinner Original Flavor,9,3.73
10474,8390,84758,Diet Ginger Ale,7,12.0
10475,3631,118749,Organic Whole Milk French Vanilla Yogurt,16,1.49
10475,35939,118749,Organic Jalapeno Pepper,4,9.93
10477,11233,193977,100% Whole Wheat Pre-Sliced Sandwich Thins,3,5.2
10477,10388,193977,Classic Mixed Vegetables,1,11.96
10477,43409,193977,Frosted Mini-Wheats Original Cereal,14,12.46
10477,45064,193977,Honey Wheat Bread,3,1.52
10477,4006,193977,Hazelnut Spread With Skim Milk & Cocoa,13,4.62
10478,33746,68912,Simply Stock Organic Vegetable Unsalted Stock,15,11.09
10479,24830,196075,Organic Romaine,4,10.27
10479,26604,196075,Organic Blackberries,4,8.08
10480,17044,171337,French Baguette,3,6.85
10480,5450,171337,Small Hass Avocado,4,5.77
10481,14371,60932,Organic Nonfat Milk,16,10.79
10482,25101,20822,Egyptian Licorice Tea Bags,7,1.54
10482,47612,20822,Halloumi Cheese,16,3.54
10484,9955,181970,Unsweetened Organic Coconut Milk,16,6.48
10486,26209,201629,Limes,4,4.37
10487,6104,140907,Whole Milk Plain Yogurt,16,1.76
10489,18027,203159,Ezekiel 4:9 Bread Organic Sprouted Whole Grain,3,11.3
10489,23054,203159,Whole Wheat Sourdough,3,2.06
10490,23783,4121,"Almond Coconut Bar, Organic",19,2.09
10492,8866,165777,Organic White Chocolate Peanut Butter Cups,19,4.23
10492,40310,165777,Oven Roasted Turkey Breast,20,8.23
10495,2962,74665,"Milk, Reduced Fat, 2% Milkfat",16,8.89
10496,43772,117645,Cherubs Heavenly Salad Tomatoes,4,1.15
10499,26209,14293,Limes,4,4.37
10501,29195,92952,Wild Sardines in Extra Virgin Olive Oil,15,5.4
10502,45007,202447,Organic Zucchini,4,5.08
10504,21678,24205,Fresh Chicken Thighs,12,10.14
10504,49424,24205,Cereal Honey Bears,13,8.25
10506,44354,69184,"Cooking Sauce, La Pizza",15,4.87
10510,6729,151906,Cookie Tray,3,9.56
10512,260,28710,Cantaloupe,4,3.01
10512,28946,28710,Yogurt Tubes Blueberry,16,0.9
10512,16137,28710,Spicy Chili Seasoning,13,1.69
10512,45007,28710,Organic Zucchini,4,5.08
10512,44375,28710,Canned Aranciata Orange,7,3.21
10513,8638,153407,Vanilla Milk Chocolate Almond Ice Cream Bars,1,8.33
10513,40310,153407,Oven Roasted Turkey Breast,20,8.23
10513,8237,153407,Go Fresh Cool Moisture Beauty Bar Soap,11,10.98
10513,16759,153407,Organic Carrot Bunch,4,4.17
10514,2452,201412,Naturals Chicken Nuggets,1,1.24
10515,45064,152392,Honey Wheat Bread,3,1.52
10518,260,184385,Cantaloupe,4,3.01
10518,43875,184385,Baby Food Stage 2 Blueberry Pear & Purple Carrot,18,6.11
10518,29506,184385,Pita Bread,3,5.14
10518,38164,184385,Almonds & Sea Salt in Dark Chocolate,19,9.32
10521,12572,77350,6 OZ LA PANZANELLA CROSTINI ORIGINAL CRACKERS,19,1.78
10524,19514,3947,Reclosable Sandwich Bags,17,6.88
10525,24535,191102,Plain Whole Milk Yogurt,16,6.17
10525,26604,191102,Organic Blackberries,4,8.08
10527,4149,24113,Frozen Organic Blueberries,4,11.59
10527,32923,24113,Organic Triple Berry Blend,1,11.94
10529,1700,108098,White Cheddar Popcorn,19,5.86
10531,44663,197832,Naturals Lite Goddess Dressing,13,0.88
10531,13851,197832,Organic Classic Sea Salt  Oven Crinkles Fries,1,4.93
10531,42174,197832,Light Style Soft Wheat Bread,3,12.2
10531,24571,197832,Tomato and Basil Pasta Sauce,9,10.32
10534,21614,164514,Crackers Harvest Whole Wheat,19,2.38
10535,20459,146748,White Clam Sauce with Garlic & Herb,9,11.38
10535,46802,146748,Pineapple Chunks,1,6.76
10539,39408,16225,Gala Apples,4,4.03
10540,20842,164650,Total 0% Greek Yogurt,16,9.2
10543,7751,202090,Tomato Ketchup,13,1.99
10545,30962,84994,Vanilla Greek Yogurt 0% Fat,16,12.25
10545,26209,84994,Limes,4,4.37
10546,42110,49210,Organic Macaroni Shells & Real Aged Cheddar,9,12.09
10547,49555,132382,Apple Apricot Sauce,15,5.12
10548,5183,61148,Sesame Chicken,1,8.44
10548,14951,61148,Steamers Antioxidant Vegetable Blend,1,5.06
10549,37067,65267,Organic Banana,4,10.85
10549,34969,65267,Red Vine Tomato,4,9.25
10551,35369,23198,Dark Chocolate Hazelnut,19,7.2
10552,36118,66449,Double Fiber Whole Grain Sliced English Muffins,3,6.22
10552,13287,66449,Bistro Bowl Chicken Caesar Salad,4,7.49
10553,43768,32574,Organic Bell Pepper,4,2.4
10553,25705,32574,Butterhead Lettuce,4,0.98
10557,343,186847,Organic Whole Peeled Baby Carrots,4,5.78
10559,31414,115057,Cinnamon Crunch,14,5.83
10560,5922,160363,"Honest Face, Hand, & Baby Wipes",18,8.08
10564,26209,146822,Limes,4,4.37
10565,14267,51250,Organic Refried Black Beans,15,9.37
10565,29397,51250,Chickpeas! Penne Pasta,9,4.64
10568,16145,45422,Organic Cannellini Beans,15,5.1
10569,44345,156554,Air Wick Scented Oil Refill American Samoa Sweet Coconut & Island Palms,17,9.82
10569,2952,156554,Cook and Serve Lemon Pudding and Pie Filling,13,5.52
10571,18027,13570,Ezekiel 4:9 Bread Organic Sprouted Whole Grain,3,11.3
10571,4981,13570,Parmesan and Rosemary Microwave Popcorn,19,10.97
10572,16908,1615,Jacob's Wonderbar Dark Roast,7,11.01
10572,45007,1615,Organic Zucchini,4,5.08
10574,13733,147828,Red Potatoes,4,4.73
10575,45282,145754,Gluten Free Tofu Scramble Breakfast Wrap,1,3.5
10580,21278,183641,All Purpose Crushed Tomatoes,15,1.47
10580,12614,183641,Yellow Grape Tomatoes,4,1.39
10580,15414,183641,Double Smoked Uncured Center Cut Bacon,12,11.55
10581,26209,147671,Limes,4,4.37
10581,17789,147671,Soy Free Buttery Spread,16,11.19
10581,32204,147671,Nut & Oat Bread,3,6.49
10581,17526,147671,70% Dark Chocolate Salted Almond Bar,19,7.64
10581,32429,147671,Red Mango,4,3.5
10582,8865,200907,Original Sea Salt Vegetable Chips,19,1.9
10585,21683,192734,Organic Multigrain English Muffins,3,7.64
10585,260,192734,Cantaloupe,4,3.01
10587,1243,92587,Royal Blue Decorating Icing,13,9.88
10587,30623,92587,Unsweetened 100% Cocoa,13,11.86
10589,13249,105105,Skim Milk,16,9.33
10592,26209,146443,Limes,4,4.37
10593,39408,177870,Gala Apples,4,4.03
10594,46802,50716,Pineapple Chunks,1,6.76
10594,11354,50716,Spinach Florentine Ravioli,9,3.15
10595,30320,138518,Craveables Four Cheese Pizza,1,8.71
10595,6568,138518,Snacks Mango,19,8.66
10595,31785,138518,Drumstick Lil' Drums Vanilla Caramel Sauce & Vanilla Fudge Sauce,1,2.81
10595,37247,138518,Instant Vanilla Pudding & Pie Filling,13,3.69
10595,41608,138518,Marketplace Bean and Cheese Enchilada Verde,1,7.17
10596,449,160460,Chips Ahoy! Chewy Cookies,19,9.39
10597,5450,143992,Small Hass Avocado,4,5.77
10597,19677,143992,Original Pure Creamy Almond Milk,16,6.4
10597,20842,143992,Total 0% Greek Yogurt,16,9.2
10599,16744,183606,Peanut & Gluten Free Smooth Almond Butter,13,8.17
10601,37067,163731,Organic Banana,4,10.85
10602,26209,61175,Limes,4,4.37
10603,13097,142149,Fresh Cut Butternut Squash,4,10.69
10604,47141,90383,Cola,7,5.77
10606,45007,178139,Organic Zucchini,4,5.08
10606,34969,178139,Red Vine Tomato,4,9.25
10608,8743,146015,Fully Cooked Turkey Sausage Patties,12,6.96
10609,27796,167641,Real Mayonnaise,13,0.97
10611,5445,53243,Protein Zone Protein Juice Smoothie,7,5.82
10612,34969,131033,Red Vine Tomato,4,9.25
10613,32700,98784,Original Whipped Cream,16,0.94
10618,45599,186271,Organic Strawberry Lemonade Fruit Juice Drink,7,6.8
10619,405,104601,100% Organic Diced Tomatoes,15,2.11
10625,43662,51872,"Yogurt, Strained Low-Fat, Coconut",16,11.87
10625,47866,51872,Jalapeno Potato Chips,19,12.02
10629,40310,185286,Oven Roasted Turkey Breast,20,8.23
10630,23765,139153,Organic Smoked Turkey Breast,20,10.28
10632,36735,174827,Organic Roasted Sliced Chicken Breast,20,10.42
10632,31821,174827,Cubanelle Pepper,4,4.24
10632,16759,174827,Organic Carrot Bunch,4,4.17
10632,36070,174827,"Super Spinach! Baby Spinach, Baby Bok Choy, Sweet Baby Kale",4,4.34
10633,46802,119898,Pineapple Chunks,1,6.76
10637,8390,48012,Diet Ginger Ale,7,12.0
10640,26209,111773,Limes,4,4.37
10641,4232,200316,"Ambrosia, Medium Roast",7,7.31
10641,7963,200316,Gluten Free Whole Grain Bread,1,4.53
10643,40310,150239,Oven Roasted Turkey Breast,20,8.23
10643,19173,150239,Orange Calcium & Vitamin D Pulp Free,7,11.11
10645,26604,122429,Organic Blackberries,4,8.08
10647,19677,139190,Original Pure Creamy Almond Milk,16,6.4
10647,890,139190,Organic Diced Tomatoes,15,1.35
10648,13249,124375,Skim Milk,16,9.33
10648,22124,124375,Total 0% Raspberry Yogurt,16,9.08
10648,26209,124375,Limes,4,4.37
10648,34969,124375,Red Vine Tomato,4,9.25
10648,12614,124375,Yellow Grape Tomatoes,4,1.39
10649,44375,119091,Canned Aranciata Orange,7,3.21
10649,5258,119091,Sparkling Water,7,10.95
10649,33911,119091,Zero Calorie Cream Soda,7,7.55
10649,26209,119091,Limes,4,4.37
10651,45566,100142,Clean Up Cleaner with Bleach Fresh Scent,17,12.39
10652,13249,92526,Skim Milk,16,9.33
10655,16291,192194,Organic Extra Large Brown Omega 3 Eggs,16,8.98
10655,19173,192194,Orange Calcium & Vitamin D Pulp Free,7,11.11
10656,26209,3964,Limes,4,4.37
10656,260,3964,Cantaloupe,4,3.01
10656,45007,3964,Organic Zucchini,4,5.08
10656,37050,3964,"Multi-Vitamin & Mineral, Gummy Bears, Fruit Flavors",11,4.22
10656,10761,3964,Organic Yokids Lemonade/Blueberry Variety Pack Yogurt Squeezers Tubes,16,4.56
10656,31696,3964,"Natural Antiseptic, Tea Tree Oil",11,10.63
10658,28745,187157,Oven Roasted Turkey,20,7.99
10663,49026,196526,Plain Almond Milk Yogurt,16,12.26
10663,2002,196526,"The \""World's Best\"" Veggie Burger",1,0.89
10664,12779,195443,Spaghetti Squash,4,5.49
10664,1025,195443,Organic Fresh Basil,4,11.34
10665,21278,80231,All Purpose Crushed Tomatoes,15,1.47
10665,42736,80231,Unsalted Butter,16,9.28
10666,5450,22967,Small Hass Avocado,4,5.77
10666,49247,22967,Coconut Yoghurt,16,4.8
10669,45007,14882,Organic Zucchini,4,5.08
10670,32578,16583,Organic Fresh Squeezed Orange Juice,7,6.19
10671,47630,156368,Medium Navel Orange,4,5.6
10673,1194,67795,Natural Artisan Water,7,7.42
10675,19677,95160,Original Pure Creamy Almond Milk,16,6.4
10675,23054,95160,Whole Wheat Sourdough,3,2.06
10676,43768,148828,Organic Bell Pepper,4,2.4
10676,45007,148828,Organic Zucchini,4,5.08
10677,30219,117483,Lactose Free Blueberry Yogurt,16,10.64
10677,32429,117483,Red Mango,4,3.5
10682,33540,65399,Whole Grain Organic Blueberry Waffles,1,4.77
10683,16759,62647,Organic Carrot Bunch,4,4.17
10683,34969,62647,Red Vine Tomato,4,9.25
10685,38266,17610,Fresh Basil,4,10.07
10686,14553,170461,Oats & Honey Granola,14,2.32
10692,26604,21143,Organic Blackberries,4,8.08
10692,43875,21143,Baby Food Stage 2 Blueberry Pear & Purple Carrot,18,6.11
10692,14486,21143,One Bun Multigrain Whole Grain Pita,3,6.73
10695,7350,130182,Natural Lime Flavor Sparkling Mineral Water,7,1.88
10695,36810,130182,Original Pancake and Baking Mix,14,5.95
10695,39122,130182,Freeze Dried Dill,13,10.09
10695,10819,130182,Original Craisins,19,8.5
10697,39408,194931,Gala Apples,4,4.03
10699,35336,179406,Naked Green Machine Boosted Juice Smoothie,7,1.11
10699,42110,179406,Organic Macaroni Shells & Real Aged Cheddar,9,12.09
10699,22159,179406,Red Machine Juice Smoothie,7,2.1
10700,6750,8047,Cheese Ravioli with Sauce Bowls,1,11.37
10700,33354,8047,Get Focused Breakfast Burrito,1,4.84
10701,35939,62453,Organic Jalapeno Pepper,4,9.93
10702,33301,204858,Fig Newtons Cookies,19,10.1
10702,42110,204858,Organic Macaroni Shells & Real Aged Cheddar,9,12.09
10702,46847,204858,Quick Cooking Rolled Oats Irish Oatmeal,14,6.01
10705,33257,123592,Original Recipe Chocolate Pudding,16,10.45
10705,14267,123592,Organic Refried Black Beans,15,9.37
10706,23765,63633,Organic Smoked Turkey Breast,20,10.28
10706,35383,63633,Classic White Bread,3,6.03
10706,34166,63633,Organic Shredded Parmesan,16,8.84
10706,20555,63633,Snickerdoodle Cookies,3,5.89
10707,2452,151470,Naturals Chicken Nuggets,1,1.24
10708,2596,112763,Lemon Cake Ice Cream,1,2.8
10708,2429,112763,"Seriously Sharp Cheddar Cheese Cracker Cut Slices,",16,8.44
10710,21839,8672,Fuyu Persimmon,4,2.32
10711,10,127105,Sparkling Orange Juice & Prickly Pear Beverage,7,7.1
10711,44035,127105,Organic Chickpeas Ready To Eat,19,1.28
10711,39890,127105,"Stock, Roasted Chicken",15,6.88
10711,6178,127105,Apple Pie,3,8.28
10712,39203,114998,Unsweetened Cucumber Water,7,1.65
10712,38164,114998,Almonds & Sea Salt in Dark Chocolate,19,9.32
10715,20842,5779,Total 0% Greek Yogurt,16,9.2
10721,16759,99767,Organic Carrot Bunch,4,4.17
10721,3699,99767,"Chard, Green, New England Grown",4,11.17
10721,26209,99767,Limes,4,4.37
10722,26209,193369,Limes,4,4.37
10722,13249,193369,Skim Milk,16,9.33
10723,18963,60351,Apple Cider Vinegar,13,9.67
10724,42300,53741,Organic Vitality Snack Chia Squeeze Blackberry Bliss,19,9.71
10725,5450,185082,Small Hass Avocado,4,5.77
10726,46802,117789,Pineapple Chunks,1,6.76
10726,45007,117789,Organic Zucchini,4,5.08
10726,26209,117789,Limes,4,4.37
10727,19451,194639,Comforting Chamomile Tea,7,12.54
10730,26209,59333,Limes,4,4.37
10732,6784,85649,Steel Wool Soap Pads Lemon Scent,17,12.42
10732,39451,85649,Soft & Strong Bath Tissue,17,8.52
10732,18127,85649,Sweeper Wet Mopping Pad Refills Open Window Fresh Scent Surface Care,17,10.39
10734,21756,159648,NUTrition Wholesome Nut Mix,19,10.17
10735,42736,180828,Unsalted Butter,16,9.28
10735,41743,180828,Organic Shiitake Mushrooms,4,5.23
10735,35939,180828,Organic Jalapeno Pepper,4,9.93
10735,26209,180828,Limes,4,4.37
10737,30353,127446,Curate Cherry Lime Sparkling Water,7,1.86
10737,31645,127446,Confetti Bean Pasta,20,8.56
10738,45007,15501,Organic Zucchini,4,5.08
10739,42736,31452,Unsalted Butter,16,9.28
10740,45007,158268,Organic Zucchini,4,5.08
10740,4145,158268,Organic Chicken Breast In Water,15,10.97
10741,45007,111195,Organic Zucchini,4,5.08
10742,4962,128627,Yotoddler Organic Pear Spinach Mango Yogurt,16,10.68
10742,46807,128627,"Bananas, Raspberries & Oats Organic Baby Food",18,8.95
10742,16508,128627,Stage 3 Hearty Meals - Chick Chick Organic Baby Food,18,11.78
10742,45007,128627,Organic Zucchini,4,5.08
10742,13431,128627,Flaky Biscuits,13,1.83
10746,26209,169314,Limes,4,4.37
10746,41860,169314,Sea Salt Baked Potato Chips,19,5.7
10746,1700,169314,White Cheddar Popcorn,19,5.86
10746,29521,169314,Colorful Coarse Ground Blend Seasoned Pepper,13,8.42
10749,33956,162137,Mighty Mango Juice Smoothie,7,7.47
10749,25691,162137,Original Life Cereal,14,4.24
10749,43409,162137,Frosted Mini-Wheats Original Cereal,14,12.46
10756,40268,73358,Organic Wheat-Free & Gluten-Free Original Crackers,19,3.71
10758,34321,148619,Original Pepperoni,20,2.51
10761,890,38834,Organic Diced Tomatoes,15,1.35
10761,24830,38834,Organic Romaine,4,10.27
10766,31334,130467,Chocolate Almond & Sea Salt with Chia Granola Bars,19,2.94
10767,40268,18683,Organic Wheat-Free & Gluten-Free Original Crackers,19,3.71
10768,11068,131890,Medium Cheddar Cheese Block,16,1.9
10769,39055,82204,Mild Salsa Roja,20,12.54
10769,22627,82204,Gluten Free Flour,13,7.99
10770,7788,170228,"Deli Fresh Smoked Ham, 97% Fat Free, Gluten Free",20,5.24
10771,38701,137927,French Roast Coffee K-Cups,7,5.18
10775,1862,197011,Tuna Fillets in Olive Oil,15,7.05
10775,11354,197011,Spinach Florentine Ravioli,9,3.15
10775,31727,197011,"Organic Tomato Paste, No Salt Added",15,10.09
10775,23554,197011,Organic Vanilla Bean Ice Cream,1,6.65
10777,12250,129802,EF California White Basmati Eco-Farmed 2 lb Rice,9,8.48
10779,20674,203251,Golden Fries French Fried Potatoes,1,8.69
10779,10867,203251,Delight Sea Salt Popcorn,19,9.58
10779,8237,203251,Go Fresh Cool Moisture Beauty Bar Soap,11,10.98
10780,43662,163795,"Yogurt, Strained Low-Fat, Coconut",16,11.87
10781,28745,56768,Oven Roasted Turkey,20,7.99
10781,48878,56768,Kale & Sea Salt Popcorn,19,8.59
10781,46820,56768,Vanilla Pure Almond Milk,16,11.94
10783,23630,31224,Multi-Seed Original Crackers,19,4.37
10785,38772,86390,Provolone,16,1.84
10785,12955,86390,"Super Foods/Organic Apples, Spinach, Peas & Broccoli + Super Chia Snack Pouch",18,3.05
10785,22124,86390,Total 0% Raspberry Yogurt,16,9.08
10786,781,76435,Organic Shredded Mild Cheddar,16,2.78
10786,43768,76435,Organic Bell Pepper,4,2.4
10787,48144,175245,Tater Tots,1,1.22
10792,43192,169071,Dark with 70% Cacao Content Organic Chocolate Bar,19,5.04
10794,41488,156975,Chocolate Milk,16,4.77
10794,45007,156975,Organic Zucchini,4,5.08
10797,39024,28460,Edamame In Pod,1,5.6
10801,16070,44859,Organic Elmo Noodlemania Soup,15,1.52
10804,16759,6118,Organic Carrot Bunch,4,4.17
10804,34969,6118,Red Vine Tomato,4,9.25
10808,24830,102350,Organic Romaine,4,10.27
10810,39024,71920,Edamame In Pod,1,5.6
10811,20842,58208,Total 0% Greek Yogurt,16,9.2
10813,48595,26652,Organic Wheat Square Crackers,19,9.0
10816,36618,978,"12\"" Aluminium Foil",17,6.84
10816,45007,978,Organic Zucchini,4,5.08
10816,36070,978,"Super Spinach! Baby Spinach, Baby Bok Choy, Sweet Baby Kale",4,4.34
10817,12614,203773,Yellow Grape Tomatoes,4,1.39
10821,48370,101685,Sensitive Toilet Paper,17,9.33
10822,24830,123134,Organic Romaine,4,10.27
10822,10369,123134,Organic Genoa Salami,20,2.35
10826,29270,87113,Beet Apple Carrot Lemon Ginger Organic Cold Pressed Juice Beverage,7,5.56
10826,20542,87113,Lime Ginger Lemon Agave,7,7.7
10828,46802,16298,Pineapple Chunks,1,6.76
10830,21469,36369,Honest T Mango White Tea,7,4.63
10831,27464,19849,Direct Trade House Blend Medium Roast Ground Coffee,7,11.02
10834,16137,100547,Spicy Chili Seasoning,13,1.69
10834,890,100547,Organic Diced Tomatoes,15,1.35
10834,22143,100547,Just Once Prenatal One Multivitamins,11,5.2
10836,343,193557,Organic Whole Peeled Baby Carrots,4,5.78
10844,38274,105758,Ice Cream Sandwiches Vanilla,1,7.17
10846,25,110052,Salted Caramel Lean Protein & Fiber Bar,19,5.44
10846,2452,110052,Naturals Chicken Nuggets,1,1.24
10846,47792,110052,Organic Beans & Rice Cheddar Cheese Burrito,1,8.35
10846,17183,110052,Peach Yoghurt,16,6.75
10846,40198,110052,Blueberry Yoghurt,16,8.81
10846,49247,110052,Coconut Yoghurt,16,4.8
10847,13997,10339,Braeburn Apple,4,1.48
10848,47141,96530,Cola,7,5.77
10850,32578,199780,Organic Fresh Squeezed Orange Juice,7,6.19
10851,14870,77161,Icelandic Style Fat Free Plain Yogurt,16,4.27
10852,43772,94615,Cherubs Heavenly Salad Tomatoes,4,1.15
10852,44570,94615,Kale Greens,4,4.15
10852,35042,94615,Black Beans,15,5.95
10852,5068,94615,Cauliflower Florets,4,5.04
10852,32624,94615,Acorn Squash,4,11.22
10853,33120,73826,Organic Egg Whites,16,5.33
10854,10025,129824,Freeze Dried Strawberry Slices,1,8.24
10854,23054,129824,Whole Wheat Sourdough,3,2.06
10856,26209,71033,Limes,4,4.37
10858,33503,63700,Zucchini Banana & Amaranth Organic Baby Food,18,3.23
10858,45007,63700,Organic Zucchini,4,5.08
10861,46442,177610,Multigrain Flax Baked Crackers,19,12.01
10862,2820,12374,Francese Deli Rolls,3,7.97
10862,34969,12374,Red Vine Tomato,4,9.25
10862,43768,12374,Organic Bell Pepper,4,2.4
10864,25705,197328,Butterhead Lettuce,4,0.98
10864,34969,197328,Red Vine Tomato,4,9.25
10864,19906,197328,Fresh Whole White Mushrooms,4,2.73
10864,45007,197328,Organic Zucchini,4,5.08
10865,12312,78217,Lavender Hand Soap,11,11.33
10866,31564,53553,Crackers,19,1.11
10867,18963,113353,Apple Cider Vinegar,13,9.67
10871,6104,135941,Whole Milk Plain Yogurt,16,1.76
10876,26629,57226,Cherry Pie Fruit & Nut Bar,19,1.38
10876,23783,57226,"Almond Coconut Bar, Organic",19,2.09
10876,6175,57226,Coconut Cashew Snack Bar,19,0.96
10876,7284,57226,Sport Plant-Based Berry Flavor Performance Protein Drink Mix,11,8.12
10877,47866,106611,Jalapeno Potato Chips,19,12.02
10879,45007,90004,Organic Zucchini,4,5.08
10880,35939,152480,Organic Jalapeno Pepper,4,9.93
10882,46802,119437,Pineapple Chunks,1,6.76
10882,890,119437,Organic Diced Tomatoes,15,1.35
10883,41806,124384,Organic Greek Whole Milk Blended Strawberry Yogurt,16,7.97
10883,29840,124384,Organic Low Sodium Roasted Red Pepper & Tomato Soup,15,6.61
10884,1202,156344,Organic Whole Grain Oatmeal Cereal Baby Food,18,9.64
10884,36206,156344,Gluten Free Original Recipe Tapioca Pudding,16,2.79
10888,18963,173137,Apple Cider Vinegar,13,9.67
10888,41217,173137,Antioxidant Infusions Tanzania Lemonade Tea,7,8.66
10888,5068,173137,Cauliflower Florets,4,5.04
10890,25769,194026,Olive Oil Squeeze Mayonnaise Dressing,13,5.34
10891,13249,51162,Skim Milk,16,9.33
10892,42736,47396,Unsalted Butter,16,9.28
10893,4006,120327,Hazelnut Spread With Skim Milk & Cocoa,13,4.62
10895,46932,128974,All Natural Coconut Water,7,4.34
10896,32805,150394,"Immunity Health, Gummy Bears",2,0.94
10896,48878,150394,Kale & Sea Salt Popcorn,19,8.59
10896,30630,150394,"Yogurt, Sheep Milk, Blackberry",16,7.92
10896,31342,150394,Organic SprouTofu Extra Firm Tofu,20,9.28
10897,16782,967,Confectioners Powdered Sugar,13,3.35
10898,11432,186021,Chopped Kale,4,9.06
10901,30827,172909,Seedless Cucumbers,4,5.22
10902,26177,20454,Organic Honey Nut O's Cereal,14,3.76
10902,21626,20454,Organic Cinnamon Raisin Granola,14,3.71
10902,10761,20454,Organic Yokids Lemonade/Blueberry Variety Pack Yogurt Squeezers Tubes,16,4.56
10902,45007,20454,Organic Zucchini,4,5.08
10902,39442,20454,Hot Kid Toddler Mum-Mum Organic Rice Biscuit Strawberry,18,5.4
10903,260,152379,Cantaloupe,4,3.01
10906,28990,156913,Curly Parsley Bunch,4,6.7
10907,31127,118609,Sweet Batard,3,5.64
10908,35383,141066,Classic White Bread,3,6.03
10908,38772,141066,Provolone,16,1.84
10909,35742,81735,Honey Crunchy Flavor Corn Dogs 6 Count,1,7.19
10911,20842,69324,Total 0% Greek Yogurt,16,9.2
10912,890,68716,Organic Diced Tomatoes,15,1.35
10912,33956,68716,Mighty Mango Juice Smoothie,7,7.47
10912,10106,68716,Honey & Maple Turkey Breast,20,8.53
10912,36735,68716,Organic Roasted Sliced Chicken Breast,20,10.42
10913,42240,31302,Ultra Soft Facial Tissues,17,12.0
10914,5450,90184,Small Hass Avocado,4,5.77
10916,28465,122498,Icelandic Style Skyr Blueberry Non-fat Yogurt,16,8.32
10916,1940,122498,Organic 2% Reduced Fat Milk,16,1.23
10916,20463,122498,Organic Fat-Free Milk,16,1.48
10918,20842,141751,Total 0% Greek Yogurt,16,9.2
10919,21361,37427,Honey Manuka Raw Kfactor 16,13,9.97
10920,26209,16734,Limes,4,4.37
10921,28745,38630,Oven Roasted Turkey,20,7.99
10921,46584,38630,YoKids Blueberry & Strawberry/Vanilla Yogurt,16,8.82
10921,10603,38630,93% Ground Beef,12,3.6
10925,5450,55402,Small Hass Avocado,4,5.77
10925,32463,55402,Olive Oil & Aloe Vera Hand Soap,11,4.26
10925,12312,55402,Lavender Hand Soap,11,11.33
10926,343,93454,Organic Whole Peeled Baby Carrots,4,5.78
10927,38456,195043,Large Grapefruit,4,3.38
10927,42736,195043,Unsalted Butter,16,9.28
10927,18677,195043,"Minis, Coconut Milk, Non-Dairy Frozen Dessert, no sugar added Vanilla Bar",1,11.94
10928,46820,34629,Vanilla Pure Almond Milk,16,11.94
10929,33741,6462,Gluten Free Classic Hamburger Buns,3,10.9
10930,1117,131938,Turkey Bacon,12,11.85
10933,37355,47586,Organic Extra Virgin Coconut Oil,13,1.06
10934,26209,190230,Limes,4,4.37
10935,28733,166917,Chicken Nuggets,1,11.03
10935,8910,166917,Smooth Almond Butter,13,2.04
10936,26209,123318,Limes,4,4.37
10936,13780,123318,Thyme,4,10.2
10937,26172,185970,Light Sour Cream,16,7.26
10937,26209,185970,Limes,4,4.37
10941,44570,90286,Kale Greens,4,4.15
10943,31829,76174,Creme De Menthe Thins,19,7.91
10944,34969,125458,Red Vine Tomato,4,9.25
10945,26209,147792,Limes,4,4.37
10948,6568,178821,Snacks Mango,19,8.66
10950,4940,49182,Organic Plain Greek Yogurt,16,5.0
10951,33120,176108,Organic Egg Whites,16,5.33
10953,28745,22686,Oven Roasted Turkey,20,7.99
10953,30727,22686,Vanilla Almond Fit Granola,14,7.19
10953,8638,22686,Vanilla Milk Chocolate Almond Ice Cream Bars,1,8.33
10954,1940,115940,Organic 2% Reduced Fat Milk,16,1.23
10954,21882,115940,Peanut Butter Sandwich Breakfast Biscuits,19,10.39
10956,7598,34483,Organic Unsweetened Creamy Cashewmilk,16,8.56
10956,18689,34483,Dairy-Free Chive Cream Cheese,16,10.12
10957,43662,123807,"Yogurt, Strained Low-Fat, Coconut",16,11.87
10961,38164,196836,Almonds & Sea Salt in Dark Chocolate,19,9.32
10962,4675,53179,Boniato Sweet Potato,4,9.16
10963,17352,19478,100% Whole Wheat English Muffin 6 Ct,3,9.91
10964,42972,199333,Natural Pure Sparkling Water,7,4.77
10965,31513,142455,Kefir Cultured Milk Smoothie Plain,16,1.1
10965,19445,142455,French Lavender All-Purpose Natural Surface Cleaner,17,8.0
10965,41172,142455,Mold & Mildew Remover,17,9.92
10965,34195,142455,Supreme Dark Chocolate 90% Cocoa,19,3.14
10965,26209,142455,Limes,4,4.37
10967,7963,78115,Gluten Free Whole Grain Bread,1,4.53
10971,7963,42481,Gluten Free Whole Grain Bread,1,4.53
10971,38456,42481,Large Grapefruit,4,3.38
10972,1940,119610,Organic 2% Reduced Fat Milk,16,1.23
10972,48370,119610,Sensitive Toilet Paper,17,9.33
10973,10258,28329,Pistachios,19,9.49
10974,26604,29611,Organic Blackberries,4,8.08
10975,45007,67607,Organic Zucchini,4,5.08
10977,22504,74197,Organic Mountain Forest Amber Honey,13,2.16
10977,33120,74197,Organic Egg Whites,16,5.33
10977,39408,74197,Gala Apples,4,4.03
10978,4232,104398,"Ambrosia, Medium Roast",7,7.31
10978,36315,104398,Low Fat Split Pea Soup,15,12.38
10979,5450,169431,Small Hass Avocado,4,5.77
10979,1862,169431,Tuna Fillets in Olive Oil,15,7.05
10980,43421,30098,"Little Yums Spinach, Apple, and Kale Teething Wafers",18,5.55
10980,43875,30098,Baby Food Stage 2 Blueberry Pear & Purple Carrot,18,6.11
10980,18677,30098,"Minis, Coconut Milk, Non-Dairy Frozen Dessert, no sugar added Vanilla Bar",1,11.94
10980,46802,30098,Pineapple Chunks,1,6.76
10980,890,30098,Organic Diced Tomatoes,15,1.35
10980,5450,30098,Small Hass Avocado,4,5.77
10981,16145,134761,Organic Cannellini Beans,15,5.1
10984,45007,48536,Organic Zucchini,4,5.08
10984,26209,48536,Limes,4,4.37
10994,45007,199796,Organic Zucchini,4,5.08
10994,7294,199796,"SportsDrink, Orange Flavored",7,10.85
10997,37940,108814,Original Strawberry Low Fat Yogurt,16,12.55
10998,1822,37376,Chocolate Mint Ganache Ice Cream Cones,1,8.35
11001,33326,193177,Cheese Finely Shredded Mexican Four Cheese Blend Reduced Fat 2%,16,6.55
11004,14486,47932,One Bun Multigrain Whole Grain Pita,3,6.73
11005,19173,116913,Orange Calcium & Vitamin D Pulp Free,7,11.11
11005,26209,116913,Limes,4,4.37
11006,12919,104668,Coconut Sparkling Water,7,12.1
11006,48186,104668,Lactose Free Half & Half,16,9.32
11006,38164,104668,Almonds & Sea Salt in Dark Chocolate,19,9.32
11007,33120,66412,Organic Egg Whites,16,5.33
11007,25705,66412,Butterhead Lettuce,4,0.98
11009,42174,172155,Light Style Soft Wheat Bread,3,12.2
11009,44752,172155,Organic Portobello Mushroom Caps,4,3.65
11010,43621,175353,Chik'n Patties,1,12.48
11010,35383,175353,Classic White Bread,3,6.03
11011,38996,199895,Grape Tomatoes,4,4.64
11011,1700,199895,White Cheddar Popcorn,19,5.86
11012,38817,158668,Sugarfree,7,2.12
11012,33655,158668,Strawberry Jelly,13,4.13
11012,26209,158668,Limes,4,4.37
11012,48278,158668,Tonic Water Contains Quinine,7,4.49
11012,42475,158668,Unsalted Butter Quarters,16,2.61
11012,41488,158668,Chocolate Milk,16,4.77
11013,44375,172065,Canned Aranciata Orange,7,3.21
11013,20542,172065,Lime Ginger Lemon Agave,7,7.7
11013,43662,172065,"Yogurt, Strained Low-Fat, Coconut",16,11.87
11015,31334,178279,Chocolate Almond & Sea Salt with Chia Granola Bars,19,2.94
11015,22022,178279,0% Fat Greek Yogurt Black Cherry on the Bottom,16,7.07
11016,36086,153214,Philadelphia Original Cream Cheese,16,2.08
11016,34969,153214,Red Vine Tomato,4,9.25
11016,30675,153214,Edamame Soybeans in Pods,1,8.2
11018,41437,151634,Hearty Minestrone with Vegetables Soup,15,11.43
11019,14867,66553,Honey Bunny Grahams,19,3.63
11019,26604,66553,Organic Blackberries,4,8.08
11019,45007,66553,Organic Zucchini,4,5.08
11021,20899,205741,Goo Berry Pie Probugs Kefir,16,6.29
11021,25647,205741,Heirloom Tomato,4,4.3
11021,17154,205741,Berry Veggie Juice Smoothie,7,6.39
11021,27413,205741,100% Mighty Mango Juice Smoothie,7,7.25
11022,14333,104129,Pluot,4,9.87
11025,46562,41662,Sweet & Salty Nut Granola Bars Peanut,19,3.56
11028,7751,153379,Tomato Ketchup,13,1.99
11028,5532,153379,Kettle Korn Microwave Popcorn,19,7.78
11029,1025,22243,Organic Fresh Basil,4,11.34
11030,30962,198165,Vanilla Greek Yogurt 0% Fat,16,12.25
11031,31564,91890,Crackers,19,1.11
11031,14005,91890,Ultimate Caesar Salad Kit,4,1.9
11031,48144,91890,Tater Tots,1,1.22
11031,14951,91890,Steamers Antioxidant Vegetable Blend,1,5.06
11033,39451,66886,Soft & Strong Bath Tissue,17,8.52
11034,10607,81238,Prosecco,5,6.0
11036,36070,87161,"Super Spinach! Baby Spinach, Baby Bok Choy, Sweet Baby Kale",4,4.34
11037,18027,169816,Ezekiel 4:9 Bread Organic Sprouted Whole Grain,3,11.3
11037,1025,169816,Organic Fresh Basil,4,11.34
11037,16145,169816,Organic Cannellini Beans,15,5.1
11037,46802,169816,Pineapple Chunks,1,6.76
11040,46802,111136,Pineapple Chunks,1,6.76
11045,14371,42526,Organic Nonfat Milk,16,10.79
11047,28465,118961,Icelandic Style Skyr Blueberry Non-fat Yogurt,16,8.32
11048,41259,110995,Poblano Pepper,4,10.56
11048,36618,110995,"12\"" Aluminium Foil",17,6.84
11048,33021,110995,Reserve Cheddar Cheese,16,4.15
11048,35176,110995,Cream Cheese Cream Cheese Spread,16,3.27
11049,14136,6136,Whitening Plus Scope Crest Complete Whitening + Scope Multi-Benefit Minty Fresh Striped Toothpaste 12.4oz Twin Pack  Dentifrice,11,5.3
11053,42964,115283,Gluten Free Spaghetti Pasta,9,9.5
11054,5450,135517,Small Hass Avocado,4,5.77
11054,38772,135517,Provolone,16,1.84
11055,18019,7832,Macaroni & Cheese Dinner Original Flavor,9,3.73
11055,35613,7832,Original Thin Supreme Pizza,1,7.93
11055,39790,7832,Magnesium 250 mg,11,7.9
11056,26172,150360,Light Sour Cream,16,7.26
11057,16726,66871,Roasted Red Chili Paste,6,7.32
11057,22828,66871,Sea Salt Caramel Ice Cream,1,5.04
11057,26209,66871,Limes,4,4.37
11059,47873,71021,Sparkling Probiotic Drink Mango Coconut,7,12.37
11061,42736,79349,Unsalted Butter,16,9.28
11063,22089,163791,Vitamin D Milk,16,12.21
11063,26209,163791,Limes,4,4.37
11063,38164,163791,Almonds & Sea Salt in Dark Chocolate,19,9.32
11064,10500,98357,Cool Mint® Antiseptic Adult Mouthwash,11,12.18
11065,26209,103966,Limes,4,4.37
11069,4149,31375,Frozen Organic Blueberries,4,11.59
11070,890,87311,Organic Diced Tomatoes,15,1.35
11070,5450,87311,Small Hass Avocado,4,5.77
11071,13249,191950,Skim Milk,16,9.33
11071,260,191950,Cantaloupe,4,3.01
11073,28578,38171,Brown Ale,5,7.76
11074,37067,9266,Organic Banana,4,10.85
11074,47630,9266,Medium Navel Orange,4,5.6
11074,12572,9266,6 OZ LA PANZANELLA CROSTINI ORIGINAL CRACKERS,19,1.78
11075,4962,14734,Yotoddler Organic Pear Spinach Mango Yogurt,16,10.68
11078,46770,164887,Raw Hummus,13,11.95
11078,17789,164887,Soy Free Buttery Spread,16,11.19
11079,30827,165796,Seedless Cucumbers,4,5.22
11080,1940,52084,Organic 2% Reduced Fat Milk,16,1.23
11082,43772,161096,Cherubs Heavenly Salad Tomatoes,4,1.15
11084,20842,199803,Total 0% Greek Yogurt,16,9.2
11086,43772,15864,Cherubs Heavenly Salad Tomatoes,4,1.15
11086,19003,15864,Celery,4,5.68
11086,26604,15864,Organic Blackberries,4,8.08
11086,260,15864,Cantaloupe,4,3.01
11088,26209,69556,Limes,4,4.37
11090,1194,133896,Natural Artisan Water,7,7.42
11091,48099,11961,Truffle Parmesan Macaroni & Cheese Bowl,1,9.05
11091,25647,11961,Heirloom Tomato,4,4.3
11092,44375,110363,Canned Aranciata Orange,7,3.21
11097,33316,49770,Lemongrass & Clementine Zest Natural Dish Liquid,17,0.96
11099,13457,42481,Pad Thai Brown Rice Noodles,6,5.81
11099,45007,42481,Organic Zucchini,4,5.08
11100,48736,857,Ricotta And Spinach Tondi,9,1.28
11100,16490,857,Old Fashioned Whole Wheat Bread,3,1.52
11102,27509,141841,Organic Seasoned Yukon Select Potatoes Hashed Browns,1,5.21
11102,27433,141841,Artisan French Rolls,1,4.71
11104,5068,144902,Cauliflower Florets,4,5.04
11104,3318,144902,Cinnamon Swirl Raisin Bread,3,4.94
11104,32211,144902,Whole Grains Oatnut Bread,3,8.78
11108,7574,58076,5 Cobalt Cooling Peppermint Sugar Free Gum,19,5.98
11110,24419,85125,"Yogurt, Lowfat, Plain",16,4.78
11111,18243,164672,Organic Stage 3 Zucchini Broccoli Medley Baby Food,18,3.4
11113,37067,174066,Organic Banana,4,10.85
11113,36070,174066,"Super Spinach! Baby Spinach, Baby Bok Choy, Sweet Baby Kale",4,4.34
11113,11068,174066,Medium Cheddar Cheese Block,16,1.9
11113,16070,174066,Organic Elmo Noodlemania Soup,15,1.52
11113,47630,174066,Medium Navel Orange,4,5.6
11116,47677,174416,Healthy Weight Cat Food,8,5.51
11117,42447,90515,100% Juice,7,12.08
11117,5258,90515,Sparkling Water,7,10.95
11120,20034,27404,Potted Basil,4,6.24
11124,20034,137208,Potted Basil,4,6.24
11126,33735,56909,Chick Peas Garbanzos,15,1.64
11127,14553,125188,Oats & Honey Granola,14,2.32
11127,4341,125188,Lavender Conditioner,11,3.44
11130,26209,179379,Limes,4,4.37
11130,5450,179379,Small Hass Avocado,4,5.77
11130,36792,179379,Gluten Free Omega Flax & Fiber Bread,3,3.98
11130,37193,179379,Shelled Edamame,1,1.74
11131,7773,129958,Hazelnut Toffee Dark Chocolate Bar,19,6.72
11131,9955,129958,Unsweetened Organic Coconut Milk,16,6.48
11134,24957,22606,Roasted Giant Corn,19,6.18
11135,34969,122991,Red Vine Tomato,4,9.25
11135,22124,122991,Total 0% Raspberry Yogurt,16,9.08
11135,26209,122991,Limes,4,4.37
11135,35939,122991,Organic Jalapeno Pepper,4,9.93
11136,28748,181039,Nuggets Assortment,19,6.86
11136,1605,181039,Candy Dish Chocolate Assortment Candy Miniatures,19,2.11
11139,26209,31001,Limes,4,4.37
11142,30696,21289,Eggo Homestyle Waffles,1,6.45
11142,7751,21289,Tomato Ketchup,13,1.99
11143,26209,199432,Limes,4,4.37
11147,11796,174219,Grape Soda,7,5.61
11147,5509,174219,Popcorn with Peanut Buttery Toffee,19,5.29
11150,41259,141523,Poblano Pepper,4,10.56
11150,890,141523,Organic Diced Tomatoes,15,1.35
11154,34969,105028,Red Vine Tomato,4,9.25
11155,45007,113253,Organic Zucchini,4,5.08
11155,14867,113253,Honey Bunny Grahams,19,3.63
11156,1940,94648,Organic 2% Reduced Fat Milk,16,1.23
11157,16929,157906,Dried Shiitake Mushrooms,17,3.09
11157,9597,157906,Sweet Kale Chopped Salad,4,3.58
11157,6244,157906,Club Soda Lower Sodium,7,5.76
11158,28698,106651,Asian Noodle Salad,20,1.65
11159,19171,197984,100% Lactose Free Organic 2% Reduced Fat Milk,16,9.21
11160,49026,80651,Plain Almond Milk Yogurt,16,12.26
11161,16759,169380,Organic Carrot Bunch,4,4.17
11161,44787,169380,Stage 1 - Just Prunes,18,6.69
11161,43875,169380,Baby Food Stage 2 Blueberry Pear & Purple Carrot,18,6.11
11161,16508,169380,Stage 3 Hearty Meals - Chick Chick Organic Baby Food,18,11.78
11161,8460,169380,Hearty Thick Cut Bacon,12,5.7
11162,890,170202,Organic Diced Tomatoes,15,1.35
11163,5450,192647,Small Hass Avocado,4,5.77
11166,26209,147995,Limes,4,4.37
11166,16207,147995,Original Sparkling Seltzer Water,7,5.95
11167,45566,31898,Clean Up Cleaner with Bleach Fresh Scent,17,12.39
11167,23046,31898,100% Natural No Salt Added Tomato Sauce,15,12.28
11170,19906,6801,Fresh Whole White Mushrooms,4,2.73
11170,18537,6801,Organic Navy Beans No Salt Added Fat Free,15,7.18
11171,45051,183146,Pub Mix,19,8.23
11171,48812,183146,Variety Pack,17,7.23
11172,49247,74889,Coconut Yoghurt,16,4.8
11172,17183,74889,Peach Yoghurt,16,6.75
11173,42736,133729,Unsalted Butter,16,9.28
11173,34969,133729,Red Vine Tomato,4,9.25
11173,35650,133729,Vegan Shortening,16,1.02
11174,24830,140857,Organic Romaine,4,10.27
11175,45007,102345,Organic Zucchini,4,5.08
11177,42796,149016,Broccoli Pot Pie With Cheddar Cheese Sauce,1,6.75
11180,31564,74315,Crackers,19,1.11
11182,45007,68635,Organic Zucchini,4,5.08
11184,14378,5211,Finocchiona Salami,20,7.26
11186,27522,96400,Gluten Free Uncured Bacon Mac and Cheese,1,3.22
11188,5450,46510,Small Hass Avocado,4,5.77
11188,38456,46510,Large Grapefruit,4,3.38
11188,45007,46510,Organic Zucchini,4,5.08
11190,7249,59037,Crunchy Rice Rollers,19,11.04
11190,32923,59037,Organic Triple Berry Blend,1,11.94
11191,48595,203121,Organic Wheat Square Crackers,19,9.0
11192,45113,56210,Artesian Water,7,7.07
11199,30827,5409,Seedless Cucumbers,4,5.22
11200,42110,120412,Organic Macaroni Shells & Real Aged Cheddar,9,12.09
11200,11068,120412,Medium Cheddar Cheese Block,16,1.9
11202,14267,54562,Organic Refried Black Beans,15,9.37
11202,26209,54562,Limes,4,4.37
11207,26604,111218,Organic Blackberries,4,8.08
11207,16398,111218,Guava Goddess Organic Kambucha,7,1.59
11207,7598,111218,Organic Unsweetened Creamy Cashewmilk,16,8.56
11207,10096,111218,Corn Meal Pizza Crust,1,11.52
11212,27554,177470,Gluten Free Blueberry Muffins,3,0.94
11214,8138,122263,Traditional Hummus,20,2.75
11214,48335,122263,Chocolate Brownie Energy Bar,19,11.61
11214,31215,122263,Lemon Yogurt,16,10.41
11215,22124,8627,Total 0% Raspberry Yogurt,16,9.08
11217,35470,82232,Water Mineral,7,11.28
11220,7963,87530,Gluten Free Whole Grain Bread,1,4.53
11220,20842,87530,Total 0% Greek Yogurt,16,9.2
11221,11068,88236,Medium Cheddar Cheese Block,16,1.9
11222,5013,90916,Nutty for 'Nana Low-Fat Greek Yogurt,16,9.29
11222,36086,90916,Philadelphia Original Cream Cheese,16,2.08
11223,32016,128359,Fresh Fussilli,9,1.28
11229,42475,12446,Unsalted Butter Quarters,16,2.61
11231,27662,169713,Large Grade AA Cage Free Eggs,16,11.86
11232,7394,3459,Shiitake Sesame Vinaigrette,13,9.21
11232,35616,3459,Fresh Frozen Mixed Berries,1,3.27
11232,38164,3459,Almonds & Sea Salt in Dark Chocolate,19,9.32
11232,14557,3459,Uncured Turkey Pastrami,20,9.08
11233,6104,181881,Whole Milk Plain Yogurt,16,1.76
11233,26209,181881,Limes,4,4.37
11233,16759,181881,Organic Carrot Bunch,4,4.17
11235,40268,95271,Organic Wheat-Free & Gluten-Free Original Crackers,19,3.71
11240,22256,62725,Organic Throat Comfort Tea,7,12.31
11242,37752,5236,Dinner Rolls,3,4.51
11244,21612,180188,Men +Care Clean Comfort Body and Face Wash,11,6.23
11245,43772,85915,Cherubs Heavenly Salad Tomatoes,4,1.15
11245,42240,85915,Ultra Soft Facial Tissues,17,12.0
11247,13997,66541,Braeburn Apple,4,1.48
11250,12572,179306,6 OZ LA PANZANELLA CROSTINI ORIGINAL CRACKERS,19,1.78
11251,19677,88659,Original Pure Creamy Almond Milk,16,6.4
11251,26604,88659,Organic Blackberries,4,8.08
11252,35939,93151,Organic Jalapeno Pepper,4,9.93
11252,45007,93151,Organic Zucchini,4,5.08
11252,16145,93151,Organic Cannellini Beans,15,5.1
11253,11998,129294,Rev #1 Pepperoni Pizza Snack Wrap,20,2.01
11253,31208,129294,Protein Plus Chocolate 1% Lowfat Milk,16,4.35
11253,44292,129294,Premium Unsweetened Iced Tea,7,7.57
11254,1199,87310,YoTot Organic Raspberry Pear Yogurt,16,7.17
11254,32781,87310,Gluten Free Sunrise Crunchy Maple Cereal,14,8.64
11255,1117,126123,Turkey Bacon,12,11.85
11255,26209,126123,Limes,4,4.37
11258,18963,129235,Apple Cider Vinegar,13,9.67
11258,35042,129235,Black Beans,15,5.95
11258,5068,129235,Cauliflower Florets,4,5.04
11259,48278,194044,Tonic Water Contains Quinine,7,4.49
11259,10607,194044,Prosecco,5,6.0
11259,5450,194044,Small Hass Avocado,4,5.77
11259,32115,194044,93/7 Ground Beef,2,12.26
11259,42736,194044,Unsalted Butter,16,9.28
11260,27949,44196,Avocado Oil Canyon Cut Kettle Cooked Potato Chips Sea Salt,19,0.97
11260,46820,44196,Vanilla Pure Almond Milk,16,11.94
11261,260,148105,Cantaloupe,4,3.01
11261,48116,148105,Lowfat Kefir Plain Unsweetened,16,1.44
11261,3464,148105,"Organic Butterhead (Boston, Butter, Bibb) Lettuce",4,9.0
11262,22224,148522,Whole Milk Plain Greek Yogurt,16,2.08
11263,26209,22035,Limes,4,4.37
11263,15693,22035,Organic Peach Oo La Long Tea,7,9.36
11263,8092,22035,Organic Garlic & ButterCroutons,13,9.05
11264,40712,46163,Black Figs,4,4.26
11264,39024,46163,Edamame In Pod,1,5.6
11265,26209,204057,Limes,4,4.37
11265,46802,204057,Pineapple Chunks,1,6.76
11267,48186,176741,Lactose Free Half & Half,16,9.32
11267,32134,176741,Lactose Free Plain Kefir,16,3.11
11269,45007,71202,Organic Zucchini,4,5.08
11271,36103,104979,Extra Light Olive Oil,13,2.69
11272,48893,162097,Vanilla Yogurt Nutrition Bar,19,8.34
11272,38329,162097,Broccoli & Cheese Couscous,9,6.61
11272,6457,162097,Organic Koala Crisp Chocolate Cereal,14,3.89
11273,2429,63028,"Seriously Sharp Cheddar Cheese Cracker Cut Slices,",16,8.44
11273,34969,63028,Red Vine Tomato,4,9.25
11274,42500,137623,Orange & Lemon Flavor Variety Pack Sparkling Fruit Beverage,7,6.51
11276,34969,94589,Red Vine Tomato,4,9.25
11276,48103,94589,Mini Banana Chocolate Chip Bars Snack Cakes,3,1.01
11277,48515,19348,Spanish Redskin with Sea Salt Peanuts,19,5.42
11278,26209,28980,Limes,4,4.37
11278,39265,28980,Ground Coriander,13,5.02
11281,26604,112606,Organic Blackberries,4,8.08
11281,4006,112606,Hazelnut Spread With Skim Milk & Cocoa,13,4.62
11281,34969,112606,Red Vine Tomato,4,9.25
11281,26154,112606,Grands! Southern Style Biscuits,1,3.41
11283,890,185711,Organic Diced Tomatoes,15,1.35
11283,34969,185711,Red Vine Tomato,4,9.25
11283,45007,185711,Organic Zucchini,4,5.08
11283,40203,185711,Mint Chip Ice Cream,1,5.4
11288,7120,135132,Organic Whole Wheat Sourdough Bread,3,7.86
11289,26209,79105,Limes,4,4.37
11289,34969,79105,Red Vine Tomato,4,9.25
11290,18696,32937,Mild Red Enchilada Sauce,6,4.38
11292,5597,143961,"Deep Green Blends, Kale",4,1.7
11295,33067,79585,Organic Gas Relief Herbal Tea,7,2.09
11299,18140,193451,Organic Fresh Pressed Pure Cranberry Juice,7,8.23
11299,46127,193451,Pure Natural Body Wash Soothing Aloe Vera,11,3.1
11299,38456,193451,Large Grapefruit,4,3.38
11300,32134,58306,Lactose Free Plain Kefir,16,3.11
11300,16679,58306,Rice Crackers Wasabi,19,4.04
11300,35055,58306,Just Cranberry Unsweetened Juice,7,8.57
11300,29270,58306,Beet Apple Carrot Lemon Ginger Organic Cold Pressed Juice Beverage,7,5.56
11302,16759,145664,Organic Carrot Bunch,4,4.17
11302,45007,145664,Organic Zucchini,4,5.08
11302,10106,145664,Honey & Maple Turkey Breast,20,8.53
11302,20842,145664,Total 0% Greek Yogurt,16,9.2
11303,28635,28476,0% Greek Yogurt Black Cherry on the Bottom,16,7.7
11303,16754,28476,Flip PB&J Low-Fat Greek Yogurt,16,4.76
11304,260,163662,Cantaloupe,4,3.01
11305,46990,106879,Ground Buffalo,12,10.44
11305,31727,106879,"Organic Tomato Paste, No Salt Added",15,10.09
11305,27415,106879,Great Northern Beans,15,7.65
11305,7041,106879,Pecorino Romano,16,5.02
11306,38508,143526,Lightly Salted Kettle Potato Chips - Sea Salt,19,4.06
11307,31821,164823,Cubanelle Pepper,4,4.24
11307,13733,164823,Red Potatoes,4,4.73
11310,5450,172828,Small Hass Avocado,4,5.77
11310,14553,172828,Oats & Honey Granola,14,2.32
11311,17183,60694,Peach Yoghurt,16,6.75
11311,31215,60694,Lemon Yogurt,16,10.41
11311,19677,60694,Original Pure Creamy Almond Milk,16,6.4
11311,46820,60694,Vanilla Pure Almond Milk,16,11.94
11311,26604,60694,Organic Blackberries,4,8.08
11312,26604,115162,Organic Blackberries,4,8.08
11313,16759,124567,Organic Carrot Bunch,4,4.17
11313,9955,124567,Unsweetened Organic Coconut Milk,16,6.48
11317,20842,29370,Total 0% Greek Yogurt,16,9.2
11318,41488,184216,Chocolate Milk,16,4.77
11319,42475,42199,Unsalted Butter Quarters,16,2.61
11321,20842,163867,Total 0% Greek Yogurt,16,9.2
11321,26209,163867,Limes,4,4.37
11323,8190,82915,French Organic Dressing,13,6.67
11335,1940,12662,Organic 2% Reduced Fat Milk,16,1.23
11335,20463,12662,Organic Fat-Free Milk,16,1.48
11337,37543,202334,Spiced Rum,5,10.58
11343,45007,187335,Organic Zucchini,4,5.08
11343,42736,187335,Unsalted Butter,16,9.28
11344,30962,117289,Vanilla Greek Yogurt 0% Fat,16,12.25
11346,25705,106004,Butterhead Lettuce,4,0.98
11346,1117,106004,Turkey Bacon,12,11.85
11346,37067,106004,Organic Banana,4,10.85
11346,42240,106004,Ultra Soft Facial Tissues,17,12.0
11347,19677,117414,Original Pure Creamy Almond Milk,16,6.4
11347,16145,117414,Organic Cannellini Beans,15,5.1
11347,43768,117414,Organic Bell Pepper,4,2.4
11348,45007,481,Organic Zucchini,4,5.08
11348,44375,481,Canned Aranciata Orange,7,3.21
11348,46802,481,Pineapple Chunks,1,6.76
11351,33231,119707,Mild Lean Turkey Breakfast Sausage,12,5.38
11351,48527,119707,Avocado,4,12.54
11352,41743,126072,Organic Shiitake Mushrooms,4,5.23
11352,42404,126072,Multi Grain Waffles,1,12.48
11353,13431,93588,Flaky Biscuits,13,1.83
11355,45064,163336,Honey Wheat Bread,3,1.52
11356,37067,67716,Organic Banana,4,10.85
11357,27001,171046,Organic Seasoned Rice Vinegar Dressing,6,0.91
11357,45007,171046,Organic Zucchini,4,5.08
11363,7751,196912,Tomato Ketchup,13,1.99
11365,26604,151647,Organic Blackberries,4,8.08
11365,38164,151647,Almonds & Sea Salt in Dark Chocolate,19,9.32
11366,45007,124287,Organic Zucchini,4,5.08
11366,41259,124287,Poblano Pepper,4,10.56
11366,20842,124287,Total 0% Greek Yogurt,16,9.2
11366,34969,124287,Red Vine Tomato,4,9.25
11366,43768,124287,Organic Bell Pepper,4,2.4
11367,44000,147745,Carrot Muffins,3,5.44
11367,16874,147745,Chocolate Fudge Brownie Ice Cream,1,4.04
11369,36436,42438,Coffee Chocolate Chip Frozen Greek Yogurt Bars,1,10.98
11369,18881,42438,Coconut Milk Vanilla Frozen Dessert,1,2.62
11375,49621,151001,Challah Bread,3,5.17
11378,3631,124172,Organic Whole Milk French Vanilla Yogurt,16,1.49
11378,38274,124172,Ice Cream Sandwiches Vanilla,1,7.17
11380,21949,20825,White Cheddar Semisoft Cheese,16,9.24
11384,4163,156700,Spanish Rice Pilaf Mix,9,7.87
11386,45007,34857,Organic Zucchini,4,5.08
11386,5415,34857,Organic Grade A Raw Honey,13,11.29
11386,18656,34857,Organic Red Potato,4,1.93
11391,1940,80534,Organic 2% Reduced Fat Milk,16,1.23
11391,19677,80534,Original Pure Creamy Almond Milk,16,6.4
11394,47866,28950,Jalapeno Potato Chips,19,12.02
11396,45007,183890,Organic Zucchini,4,5.08
11397,19677,190445,Original Pure Creamy Almond Milk,16,6.4
11397,26604,190445,Organic Blackberries,4,8.08
11398,1356,174555,"Sweet Potato, White Beans & Cinnamon Stage 2",18,8.47
11398,42300,174555,Organic Vitality Snack Chia Squeeze Blackberry Bliss,19,9.71
11400,22124,115286,Total 0% Raspberry Yogurt,16,9.08
11402,18721,92313,"Baked Rice and Corn Puffs, Aged White Cheddar",19,2.22
11402,43772,92313,Cherubs Heavenly Salad Tomatoes,4,1.15
11404,4924,138888,Homestyle Baked Beans,15,0.99
11406,30704,107295,Riverstone Chardonnay,5,7.47
11406,16518,107295,Tropicals Sugar Free 1.65 fl oz Ice Pops,1,5.45
11409,44570,171820,Kale Greens,4,4.15
11410,17183,66754,Peach Yoghurt,16,6.75
11411,25397,148352,Blasts! Reese's Peanut Butter Cups Frozen Dairy Dessert,1,4.9
11413,46807,171905,"Bananas, Raspberries & Oats Organic Baby Food",18,8.95
11413,1202,171905,Organic Whole Grain Oatmeal Cereal Baby Food,18,9.64
11416,18796,22845,Pomegranate & Mango Hand Soap,11,10.66
11418,49247,79719,Coconut Yoghurt,16,4.8
11418,26209,79719,Limes,4,4.37
11419,12614,112400,Yellow Grape Tomatoes,4,1.39
11420,7079,182331,Organic Alfalfa Sprouts,4,7.88
11420,26885,182331,Luau BBQ Potato Chips,19,1.7
11421,20034,185318,Potted Basil,4,6.24
11423,13113,72687,Organic Apple Juice Boxes,7,9.79
11423,26604,72687,Organic Blackberries,4,8.08
11423,42110,72687,Organic Macaroni Shells & Real Aged Cheddar,9,12.09
11423,44375,72687,Canned Aranciata Orange,7,3.21
11423,26209,72687,Limes,4,4.37
11425,5068,96390,Cauliflower Florets,4,5.04
11430,11919,203326,"Tender white meat chicken in a red chile lime sauce with a medley of roasted corn, peppers, and rice Chile Lime Chicken",1,7.47
11432,41716,64203,Jalapeno,19,11.83
11436,24830,21471,Organic Romaine,4,10.27
11438,260,33195,Cantaloupe,4,3.01
11439,1700,65401,White Cheddar Popcorn,19,5.86
11439,9294,65401,Reduced Fat Chocolate Sandwich Cookies,19,10.0
11439,38996,65401,Grape Tomatoes,4,4.64
11439,34969,65401,Red Vine Tomato,4,9.25
11439,31564,65401,Crackers,19,1.11
11441,16726,83121,Roasted Red Chili Paste,6,7.32
11442,38279,79329,Multi-Grain Soft Taco,3,3.33
11442,4289,79329,15 Calories Light Lemonade,7,8.58
11442,29978,79329,Flushable Moist Wipes,11,3.3
11446,22124,71690,Total 0% Raspberry Yogurt,16,9.08
11446,39408,71690,Gala Apples,4,4.03
11446,26209,71690,Limes,4,4.37
11448,4163,137751,Spanish Rice Pilaf Mix,9,7.87
11450,27565,25768,White Corn Tortillas Super Size,3,1.51
11452,27182,3787,"Organic Plain Natural Lowfat Yogurt, 1.5% Milkfat",16,2.83
11455,46638,4416,Wellness Formula,11,2.01
11455,42347,4416,Caffeine Free Diet Cola All Natural Soda,7,11.32
11455,29291,4416,Organic Mushroom Base,15,6.39
11456,24830,56361,Organic Romaine,4,10.27
11456,13733,56361,Red Potatoes,4,4.73
11457,45866,64680,Fig Newmans Fruit Filled Cookies,19,2.46
11457,47965,64680,TLC Cherry Dark Chocolate Chewy Granola,19,7.49
11457,46106,64680,Organic Sriracha Hummus,20,3.17
11458,45566,186671,Clean Up Cleaner with Bleach Fresh Scent,17,12.39
11459,23554,124088,Organic Vanilla Bean Ice Cream,1,6.65
11460,45007,58441,Organic Zucchini,4,5.08
11460,17526,58441,70% Dark Chocolate Salted Almond Bar,19,7.64
11466,22069,168986,Sea Salt Caramel Frozen Greek Yogurt Bars,1,11.21
11467,8057,132699,Organic Chicken & Mozzarella Ravioli,9,8.71
11469,4478,74904,Chocolate Fudge Brownie Frozen Yogurt,1,8.48
11469,47866,74904,Jalapeno Potato Chips,19,12.02
11469,35176,74904,Cream Cheese Cream Cheese Spread,16,3.27
11471,27662,40744,Large Grade AA Cage Free Eggs,16,11.86
11475,890,192444,Organic Diced Tomatoes,15,1.35
11476,17110,140330,Original Liquid Coffee Creamer,2,1.1
11477,18656,50805,Organic Red Potato,4,1.93
11477,18963,50805,Apple Cider Vinegar,13,9.67
11479,30696,21936,Eggo Homestyle Waffles,1,6.45
11482,42500,154493,Orange & Lemon Flavor Variety Pack Sparkling Fruit Beverage,7,6.51
11484,10258,148994,Pistachios,19,9.49
11484,42447,148994,100% Juice,7,12.08
11485,20217,170451,Mini Marshmallows,13,6.42
11485,39448,170451,Cold Brew Coffee Mocha,16,11.23
11486,43183,69780,Deli Fresh Shaved Smoked Turkey Breast,20,12.45
11486,9963,69780,Ultra Thin Pepper Jack Cheese Slices,16,6.1
11489,13708,25539,"Liquid Hand Soap, Refill, Lavender Scent",11,3.43
11493,41625,147890,Organic Half Spring Mix,4,5.93
11494,28358,179886,Chocolate Chip Vegan Cookie Dough,13,5.77
11496,34166,57043,Organic Shredded Parmesan,16,8.84
11496,40310,57043,Oven Roasted Turkey Breast,20,8.23
11498,45007,31613,Organic Zucchini,4,5.08
11500,19677,43621,Original Pure Creamy Almond Milk,16,6.4
11500,28465,43621,Icelandic Style Skyr Blueberry Non-fat Yogurt,16,8.32
11500,42736,43621,Unsalted Butter,16,9.28
11500,46169,43621,Pure Honey,13,9.7
11500,26209,43621,Limes,4,4.37
11500,31376,43621,Hemp Tea Tree Pure Castile Soap,11,9.59
11500,26072,43621,Eye Revive Contour Gel Sensitive,11,10.96
11501,4149,107044,Frozen Organic Blueberries,4,11.59
11502,2596,112968,Lemon Cake Ice Cream,1,2.8
11503,22069,150518,Sea Salt Caramel Frozen Greek Yogurt Bars,1,11.21
11503,24321,150518,Mini's Flavor Dog Snacks,8,9.45
11508,18656,141238,Organic Red Potato,4,1.93
11510,46562,82821,Sweet & Salty Nut Granola Bars Peanut,19,3.56
11513,9513,31253,Light Champagne Dressing,13,2.32
11514,26604,148441,Organic Blackberries,4,8.08
11514,11068,148441,Medium Cheddar Cheese Block,16,1.9
11514,17025,148441,Country Dijon Mustard,13,8.15
11515,33088,88536,Superior Touch Better Than Bouillon Vegetable Base,15,6.96
11515,21673,88536,Medium Hot Golden Curry Sauce Mix,6,3.5
11517,40055,168651,Unbleached Bread Flour,13,11.91
11517,22654,168651,Quick-Rise Yeast for Bread Machines,13,2.17
11517,8523,168651,Scoops,19,8.31
11517,43409,168651,Frosted Mini-Wheats Original Cereal,14,12.46
11519,2639,24565,Lemon Blended Non-Fat Greek Yogurt,16,4.24
11519,28635,24565,0% Greek Yogurt Black Cherry on the Bottom,16,7.7
11519,7533,24565,Low-Fat Strawberry Banana on the Bottom Greek Yogurt,16,6.64
11520,43772,63952,Cherubs Heavenly Salad Tomatoes,4,1.15
11520,30353,63952,Curate Cherry Lime Sparkling Water,7,1.86
11521,43772,110024,Cherubs Heavenly Salad Tomatoes,4,1.15
11527,2151,16013,Classic Vanilla Ice Cream Sandwiches,1,4.9
11527,1437,16013,Skinny Girl Microwave Butter Popcorn,19,1.87
11529,5450,158496,Small Hass Avocado,4,5.77
11530,11068,141735,Medium Cheddar Cheese Block,16,1.9
11530,5450,141735,Small Hass Avocado,4,5.77
11531,8138,99055,Traditional Hummus,20,2.75
11532,9597,113328,Sweet Kale Chopped Salad,4,3.58
11532,43772,113328,Cherubs Heavenly Salad Tomatoes,4,1.15
11532,30827,113328,Seedless Cucumbers,4,5.22
11532,39844,113328,Mini Sweet Peppers,4,11.24
11532,12836,113328,Sweet 'n Crunchy Kettlecorn,19,12.23
11533,19385,16103,Channa Masala Indian Cuisine,6,5.88
11533,20670,16103,Organic Lentil Vegetable Soup,15,10.83
11535,16647,161074,Double Duty Advanced Odor Control Clumping Cat Litter,8,12.15
11538,37067,76646,Organic Banana,4,10.85
11539,45007,40556,Organic Zucchini,4,5.08
11540,7963,144022,Gluten Free Whole Grain Bread,1,4.53
11542,10668,35629,Organic Mixed Herbs,4,4.24
11542,37538,35629,Organic Sweet Pea,4,3.61
11542,14371,35629,Organic Nonfat Milk,16,10.79
11543,35939,157564,Organic Jalapeno Pepper,4,9.93
11543,26209,157564,Limes,4,4.37
11544,36792,162992,Gluten Free Omega Flax & Fiber Bread,3,3.98
11544,43768,162992,Organic Bell Pepper,4,2.4
11546,5812,52649,Natural Calm Magnesium Supplement,11,10.31
11547,33120,176951,Organic Egg Whites,16,5.33
11547,33575,176951,Dairy Free French Vanilla Coconut Milk Creamer,16,8.48
11547,46820,176951,Vanilla Pure Almond Milk,16,11.94
11550,14870,8059,Icelandic Style Fat Free Plain Yogurt,16,4.27
11551,33120,99731,Organic Egg Whites,16,5.33
11551,45007,99731,Organic Zucchini,4,5.08
11551,3843,99731,Organic Brussels Sprouts,4,8.41
11551,12464,99731,Muscat Grapes,4,2.5
11554,38343,110684,Salsa de Chile Fresco,15,2.32
11554,42736,110684,Unsalted Butter,16,9.28
11555,31890,5360,Healthy Dark Chocolate,19,9.41
11555,12572,5360,6 OZ LA PANZANELLA CROSTINI ORIGINAL CRACKERS,19,1.78
11555,7185,5360,Rosemary Mini Croccantini,19,4.79
11555,21739,5360,Hazelnut Truffle Dark Chocolate Bar,19,6.49
11555,7773,5360,Hazelnut Toffee Dark Chocolate Bar,19,6.72
11555,14378,5360,Finocchiona Salami,20,7.26
11555,38772,5360,Provolone,16,1.84
11555,7854,5360,Freeze Dried Mango Slices,19,9.01
11558,47141,204345,Cola,7,5.77
11559,40310,81219,Oven Roasted Turkey Breast,20,8.23
11559,33326,81219,Cheese Finely Shredded Mexican Four Cheese Blend Reduced Fat 2%,16,6.55
11559,36170,81219,Reduced Fat Original Baked Snack Crackers,19,1.11
11560,48812,175326,Variety Pack,17,7.23
11561,26209,65243,Limes,4,4.37
11561,34969,65243,Red Vine Tomato,4,9.25
11561,48370,65243,Sensitive Toilet Paper,17,9.33
11561,36885,65243,Rose,5,6.65
11562,8138,25538,Traditional Hummus,20,2.75
11562,13249,25538,Skim Milk,16,9.33
11562,47361,25538,Hint Of Salt Crackers,19,6.02
11566,21863,77638,Fire Roasted Red Peppers,15,3.44
11571,8138,15428,Traditional Hummus,20,2.75
11575,18721,81300,"Baked Rice and Corn Puffs, Aged White Cheddar",19,2.22
11575,27277,81300,Organic Stage 1 First Sweet Potatoes,18,1.11
11575,36086,81300,Philadelphia Original Cream Cheese,16,2.08
11575,35042,81300,Black Beans,15,5.95
11575,26172,81300,Light Sour Cream,16,7.26
11579,38508,27245,Lightly Salted Kettle Potato Chips - Sea Salt,19,4.06
11579,37940,27245,Original Strawberry Low Fat Yogurt,16,12.55
11579,39408,27245,Gala Apples,4,4.03
11579,35742,27245,Honey Crunchy Flavor Corn Dogs 6 Count,1,7.19
11584,43768,86379,Organic Bell Pepper,4,2.4
11584,39448,86379,Cold Brew Coffee Mocha,16,11.23
11584,42110,86379,Organic Macaroni Shells & Real Aged Cheddar,9,12.09
11584,24830,86379,Organic Romaine,4,10.27
11584,48595,86379,Organic Wheat Square Crackers,19,9.0
11588,33120,36113,Organic Egg Whites,16,5.33
11589,36070,94600,"Super Spinach! Baby Spinach, Baby Bok Choy, Sweet Baby Kale",4,4.34
11589,5251,94600,Shaved Brussel Sprouts,4,10.39
11590,45007,19512,Organic Zucchini,4,5.08
11591,45064,23498,Honey Wheat Bread,3,1.52
11592,12276,30716,Chocolate Chip Cookie Dough Ice Cream,1,8.4
11592,5450,30716,Small Hass Avocado,4,5.77
11592,34169,30716,"Hommus, Artichoke Spinach",20,3.28
11592,37067,30716,Organic Banana,4,10.85
11592,33709,30716,All Natural Medium Fire-Roasted Tomato & Jalapeno Salsa,13,4.1
11593,7963,149748,Gluten Free Whole Grain Bread,1,4.53
11593,17044,149748,French Baguette,3,6.85
11595,26209,42914,Limes,4,4.37
11595,13733,42914,Red Potatoes,4,4.73
11596,12919,136160,Coconut Sparkling Water,7,12.1
11597,48595,131500,Organic Wheat Square Crackers,19,9.0
11601,13997,155364,Braeburn Apple,4,1.48
11601,1117,155364,Turkey Bacon,12,11.85
11601,8684,155364,Brown'N Serve Sausage Links Lite Original - 10 CT,1,2.65
11601,44570,155364,Kale Greens,4,4.15
11601,45007,155364,Organic Zucchini,4,5.08
11604,5068,74226,Cauliflower Florets,4,5.04
11604,42959,74226,Jet-Dry Original Rinse Aid,17,3.45
11605,2360,22440,Lorraine Quiche,20,10.9
11609,48736,160078,Ricotta And Spinach Tondi,9,1.28
11612,26209,140448,Limes,4,4.37
11613,27275,138451,Pineapple Strawberry Sparkling Water,7,7.09
11613,42372,138451,Pineapple on the Bottom Greek Yogurt,16,11.02
11615,31127,183126,Sweet Batard,3,5.64
11617,26604,80986,Organic Blackberries,4,8.08
11618,44375,44663,Canned Aranciata Orange,7,3.21
11619,39408,35444,Gala Apples,4,4.03
11619,17025,35444,Country Dijon Mustard,13,8.15
11621,1000,151370,Apricots,10,1.27
11621,13431,151370,Flaky Biscuits,13,1.83
11622,26209,152529,Limes,4,4.37
11624,26209,164956,Limes,4,4.37
11624,45007,164956,Organic Zucchini,4,5.08
11624,13851,164956,Organic Classic Sea Salt  Oven Crinkles Fries,1,4.93
11624,34969,164956,Red Vine Tomato,4,9.25
11626,26209,163295,Limes,4,4.37
11626,43192,163295,Dark with 70% Cacao Content Organic Chocolate Bar,19,5.04
11629,36872,134348,Lemon Natural Dishwasher Detergent Gel,17,7.2
11629,42736,134348,Unsalted Butter,16,9.28
11631,1323,196736,Vanilla Bean Natural Lowfat Yogurt,16,5.89
11632,11781,158304,"Mushroom, Spinach, and Salsa Tamales",6,2.28
11635,20842,133890,Total 0% Greek Yogurt,16,9.2
11636,27433,58930,Artisan French Rolls,1,4.71
11642,6104,201229,Whole Milk Plain Yogurt,16,1.76
11643,24535,71151,Plain Whole Milk Yogurt,16,6.17
11645,46820,11152,Vanilla Pure Almond Milk,16,11.94
11652,31645,96757,Confetti Bean Pasta,20,8.56
11654,40310,87087,Oven Roasted Turkey Breast,20,8.23
11655,5450,55930,Small Hass Avocado,4,5.77
11660,31215,157492,Lemon Yogurt,16,10.41
11660,39408,157492,Gala Apples,4,4.03
11661,15141,144642,Coco Cafe Cafe Latte Coconut Water,7,3.45
11663,43371,28427,Crushed Red Pepper,13,7.03
11663,24497,28427,Organic Cauliflower Florets,4,7.52
11669,20842,179667,Total 0% Greek Yogurt,16,9.2
11669,26604,179667,Organic Blackberries,4,8.08
11670,46562,55149,Sweet & Salty Nut Granola Bars Peanut,19,3.56
11670,42500,55149,Orange & Lemon Flavor Variety Pack Sparkling Fruit Beverage,7,6.51
11671,47211,45319,Kettle Cooked Potato Chips Original,19,3.65
11671,38266,45319,Fresh Basil,4,10.07
11671,27554,45319,Gluten Free Blueberry Muffins,3,0.94
11671,7788,45319,"Deli Fresh Smoked Ham, 97% Fat Free, Gluten Free",20,5.24
11671,40415,45319,Fajitas Seasoning Mix,13,8.54
11673,42736,74642,Unsalted Butter,16,9.28
11673,32235,74642,No Caffeine Lemon Lime Soda,7,1.07
11674,25691,192932,Original Life Cereal,14,4.24
11674,1940,192932,Organic 2% Reduced Fat Milk,16,1.23
11675,27796,3818,Real Mayonnaise,13,0.97
11675,44167,3818,Pacific Cooler Juice Drink,7,2.33
11680,1104,119237,Plain Yogurt,16,4.36
11684,3464,35798,"Organic Butterhead (Boston, Butter, Bibb) Lettuce",4,9.0
11690,2596,98519,Lemon Cake Ice Cream,1,2.8
11691,45064,154699,Honey Wheat Bread,3,1.52
11694,40159,140218,Sea Mobility Joint Rescue Venison,8,4.44
11696,11707,138586,Peanut Butter Chocolate Chip Macrobar,19,8.92
11696,47573,138586,Ginger Snap Sprouted Cookies,19,1.63
11696,45260,138586,Organic Virgin Coconut Oil,13,5.45
11696,19677,138586,Original Pure Creamy Almond Milk,16,6.4
11699,42736,162329,Unsalted Butter,16,9.28
11700,29015,32802,Honey Bunches of Oats Roasted Oats,14,10.54
11700,46562,32802,Sweet & Salty Nut Granola Bars Peanut,19,3.56
11701,47141,54437,Cola,7,5.77
11701,44167,54437,Pacific Cooler Juice Drink,7,2.33
11702,11068,202902,Medium Cheddar Cheese Block,16,1.9
11702,32429,202902,Red Mango,4,3.5
11703,6104,28830,Whole Milk Plain Yogurt,16,1.76
11703,24830,28830,Organic Romaine,4,10.27
11705,7963,118143,Gluten Free Whole Grain Bread,1,4.53
11705,42964,118143,Gluten Free Spaghetti Pasta,9,9.5
11706,2151,92954,Classic Vanilla Ice Cream Sandwiches,1,4.9
11706,39046,92954,Smok Cured Turkey Bacon,12,6.84
11709,37148,22904,"Milk Chocolate Candies, Bonus Bag",19,4.64
11712,12932,41771,Super Greens Veggie Burgers,1,9.93
11714,21949,62211,White Cheddar Semisoft Cheese,16,9.24
11714,1747,62211,Teriyaki Beef Jerky,19,6.84
11715,45007,179348,Organic Zucchini,4,5.08
11716,9597,10170,Sweet Kale Chopped Salad,4,3.58
11716,20842,10170,Total 0% Greek Yogurt,16,9.2
11716,10761,10170,Organic Yokids Lemonade/Blueberry Variety Pack Yogurt Squeezers Tubes,16,4.56
11717,37067,74662,Organic Banana,4,10.85
11718,44292,45936,Premium Unsweetened Iced Tea,7,7.57
11720,39408,117057,Gala Apples,4,4.03
11721,3464,5101,"Organic Butterhead (Boston, Butter, Bibb) Lettuce",4,9.0
11722,42500,96532,Orange & Lemon Flavor Variety Pack Sparkling Fruit Beverage,7,6.51
11726,45007,164971,Organic Zucchini,4,5.08
11729,16759,61399,Organic Carrot Bunch,4,4.17
11729,46990,61399,Ground Buffalo,12,10.44
11732,39408,89602,Gala Apples,4,4.03
11734,13249,3148,Skim Milk,16,9.33
11734,36735,3148,Organic Roasted Sliced Chicken Breast,20,10.42
11736,38456,127713,Large Grapefruit,4,3.38
11738,27796,77509,Real Mayonnaise,13,0.97
11739,38996,7144,Grape Tomatoes,4,4.64
11740,46802,193700,Pineapple Chunks,1,6.76
11742,46802,94249,Pineapple Chunks,1,6.76
11743,34969,41817,Red Vine Tomato,4,9.25
11744,19003,181944,Celery,4,5.68
11745,23296,155608,Blueberry on the Bottom Nonfat Greek Yogurt,16,2.27
11745,37940,155608,Original Strawberry Low Fat Yogurt,16,12.55
11745,1940,155608,Organic 2% Reduced Fat Milk,16,1.23
11745,43183,155608,Deli Fresh Shaved Smoked Turkey Breast,20,12.45
11754,28785,76854,Organic Tahini,13,8.89
11755,43343,185919,Seaweed Ramen,6,7.11
11755,33810,185919,Citrus Dish Soap,17,9.69
11755,43768,185919,Organic Bell Pepper,4,2.4
11755,20670,185919,Organic Lentil Vegetable Soup,15,10.83
11755,34593,185919,Color Safe Laundry Whitener & Brightener,17,3.59
11756,22828,97831,Sea Salt Caramel Ice Cream,1,5.04
11757,4960,189552,Three Cheese Mini Pizza Bagels Frozen Snacks,1,5.28
11758,26604,111149,Organic Blackberries,4,8.08
11758,40310,111149,Oven Roasted Turkey Breast,20,8.23
11758,24492,111149,All Natural Won Ton Wraps,6,5.98
11760,45599,126405,Organic Strawberry Lemonade Fruit Juice Drink,7,6.8
11760,23554,126405,Organic Vanilla Bean Ice Cream,1,6.65
11761,14812,105239,11 Cup Storage Baking Dish With Lid,17,4.38
11761,20385,105239,Raw Manuka Honey,13,8.39
11763,17183,161307,Peach Yoghurt,16,6.75
11763,24830,161307,Organic Romaine,4,10.27
11767,6104,185420,Whole Milk Plain Yogurt,16,1.76
11768,28465,68864,Icelandic Style Skyr Blueberry Non-fat Yogurt,16,8.32
11768,14437,68864,Total Greek Yogurt With Honey,16,6.44
11769,45007,11665,Organic Zucchini,4,5.08
11773,34969,94588,Red Vine Tomato,4,9.25
11774,47802,137410,Organic Chicken Breast,12,1.16
11779,25705,54886,Butterhead Lettuce,4,0.98
11779,42736,54886,Unsalted Butter,16,9.28
11780,575,92553,Organic Medium Yellow Thai Curry,13,7.07
11780,45007,92553,Organic Zucchini,4,5.08
11781,26604,172071,Organic Blackberries,4,8.08
11782,42736,191890,Unsalted Butter,16,9.28
11784,16398,36659,Guava Goddess Organic Kambucha,7,1.59
11788,1940,74043,Organic 2% Reduced Fat Milk,16,1.23
11789,3631,190599,Organic Whole Milk French Vanilla Yogurt,16,1.49
11790,46584,123030,YoKids Blueberry & Strawberry/Vanilla Yogurt,16,8.82
11790,13431,123030,Flaky Biscuits,13,1.83
11791,35470,50905,Water Mineral,7,11.28
11792,5918,141381,Single Serve Cheese Pizza,1,7.61
11792,42796,141381,Broccoli Pot Pie With Cheddar Cheese Sauce,1,6.75
11792,19625,141381,Organic Chicken & Vegetable Potstickers,1,11.18
11793,16759,196804,Organic Carrot Bunch,4,4.17
11793,18656,196804,Organic Red Potato,4,1.93
11794,39781,109905,Original 7 Grain Crackers,19,6.08
11795,40789,98996,Soy Free Buttery Sticks,16,2.91
11796,38491,111322,Beef Quarter Pound 4 Ct Franks,12,3.65
11796,44022,111322,Original Bite Size Candies,19,8.05
11796,4960,111322,Three Cheese Mini Pizza Bagels Frozen Snacks,1,5.28
11797,13431,185454,Flaky Biscuits,13,1.83
11799,24254,141434,Sport Performance Protein Chocolate Flavor Drink Mix,11,11.86
11801,2596,153855,Lemon Cake Ice Cream,1,2.8
11803,21225,70851,Honey Bunches With Almonds Cereal,14,1.97
11803,18359,70851,Bag of Red Delicious Apples,4,2.76
11804,15925,83446,Macaroni and Cheese,1,9.5
11804,27035,83446,Aluminum Foil Roll,17,1.98
11807,14870,171470,Icelandic Style Fat Free Plain Yogurt,16,4.27
11807,33911,171470,Zero Calorie Cream Soda,7,7.55
11810,22716,183604,Gluten Free Fettuccini Roasted Garlic,9,2.1
11810,30219,183604,Lactose Free Blueberry Yogurt,16,10.64
11812,6457,27448,Organic Koala Crisp Chocolate Cereal,14,3.89
11813,47965,103106,TLC Cherry Dark Chocolate Chewy Granola,19,7.49
11813,2962,103106,"Milk, Reduced Fat, 2% Milkfat",16,8.89
11815,47025,11387,Naturally Light Indian Tonic Water,7,10.58
11815,14486,11387,One Bun Multigrain Whole Grain Pita,3,6.73
11817,11068,42550,Medium Cheddar Cheese Block,16,1.9
11817,18656,42550,Organic Red Potato,4,1.93
11817,26209,42550,Limes,4,4.37
11817,47621,42550,Chocolate Strong Dark,19,6.39
11822,26604,92343,Organic Blackberries,4,8.08
11822,22814,92343,Picante Salami,20,10.06
11823,29334,44262,Leek,4,6.09
11823,5068,44262,Cauliflower Florets,4,5.04
11826,32439,126824,DanActive Strawberry Probiotic Dairy Drink,16,1.25
11826,10193,126824,Shredded Carrots,4,11.21
11826,1940,126824,Organic 2% Reduced Fat Milk,16,1.23
11827,43371,171480,Crushed Red Pepper,13,7.03
11830,20842,18055,Total 0% Greek Yogurt,16,9.2
11831,35939,147098,Organic Jalapeno Pepper,4,9.93
11831,45007,147098,Organic Zucchini,4,5.08
11832,45007,124617,Organic Zucchini,4,5.08
11832,9955,124617,Unsweetened Organic Coconut Milk,16,6.48
11832,24830,124617,Organic Romaine,4,10.27
11832,14870,124617,Icelandic Style Fat Free Plain Yogurt,16,4.27
11833,2962,89462,"Milk, Reduced Fat, 2% Milkfat",16,8.89
11833,38558,89462,Organic Low Fat Cottage Cheese,16,9.47
11833,26604,89462,Organic Blackberries,4,8.08
11833,46820,89462,Vanilla Pure Almond Milk,16,11.94
11833,39825,89462,Deep Green Power Blends Salad Mix,4,4.68
11834,18027,68149,Ezekiel 4:9 Bread Organic Sprouted Whole Grain,3,11.3
11836,46802,85680,Pineapple Chunks,1,6.76
11840,2668,60632,Whips! Strawberry Mist Yogurt Mousse,16,11.64
11840,35042,60632,Black Beans,15,5.95
11840,39046,60632,Smok Cured Turkey Bacon,12,6.84
11841,18411,55131,100% Pure Sesame Seed Oil,6,9.44
11845,19173,158262,Orange Calcium & Vitamin D Pulp Free,7,11.11
11847,26209,82598,Limes,4,4.37
11847,19677,82598,Original Pure Creamy Almond Milk,16,6.4
11847,14870,82598,Icelandic Style Fat Free Plain Yogurt,16,4.27
11847,38558,82598,Organic Low Fat Cottage Cheese,16,9.47
11850,40732,173504,"White meat chipotle chicken, corn, black beans, bell peppers, and onions Fajita-Style Chicken Spring Rolls",1,5.62
11851,890,76343,Organic Diced Tomatoes,15,1.35
11851,13733,76343,Red Potatoes,4,4.73
11858,24830,141251,Organic Romaine,4,10.27
11858,20845,141251,Premium Organic Pasta Sauce Family Marinara,9,10.57
11859,890,206208,Organic Diced Tomatoes,15,1.35
11859,45007,206208,Organic Zucchini,4,5.08
11863,781,55243,Organic Shredded Mild Cheddar,16,2.78
11863,26209,55243,Limes,4,4.37
11864,21683,125271,Organic Multigrain English Muffins,3,7.64
11865,43772,108195,Cherubs Heavenly Salad Tomatoes,4,1.15
11865,42145,108195,Organic Seven Whole Grains,9,8.83
11867,18027,17485,Ezekiel 4:9 Bread Organic Sprouted Whole Grain,3,11.3
11867,24227,17485,Brownie Bliss,3,1.44
11867,42680,17485,Chunky Chocolate Chip Flax Muffins,3,10.77
11868,24532,86219,Cranberry Almond Chicken Salad,3,2.66
11868,30494,86219,Organic Mango Slices,19,7.63
11870,30827,122780,Seedless Cucumbers,4,5.22
11871,1616,173850,Simply Granola,14,10.8
11871,16759,173850,Organic Carrot Bunch,4,4.17
11874,6568,173812,Snacks Mango,19,8.66
11875,4960,31344,Three Cheese Mini Pizza Bagels Frozen Snacks,1,5.28
11876,20842,163340,Total 0% Greek Yogurt,16,9.2
11876,14890,163340,Shelled Walnuts,19,0.89
11879,33120,52824,Organic Egg Whites,16,5.33
11881,42736,184699,Unsalted Butter,16,9.28
11885,1940,78734,Organic 2% Reduced Fat Milk,16,1.23
11887,26209,191711,Limes,4,4.37
11890,43662,17841,"Yogurt, Strained Low-Fat, Coconut",16,11.87
11890,36348,17841,Organic Baby Food Fruit Mashup Mama Bear Blueberry 7+ Mo,18,2.53
11890,2162,17841,Organic Wild Rumpus Avocado Babyfood,21,6.44
11891,32211,117578,Whole Grains Oatnut Bread,3,8.78
11891,10867,117578,Delight Sea Salt Popcorn,19,9.58
11893,26376,195846,Shrimp Spring Roll,20,5.16
11893,27522,195846,Gluten Free Uncured Bacon Mac and Cheese,1,3.22
11894,8638,73171,Vanilla Milk Chocolate Almond Ice Cream Bars,1,8.33
11894,15537,73171,Kickstart Black Cherry Energy Drink,7,6.49
11894,12276,73171,Chocolate Chip Cookie Dough Ice Cream,1,8.4
11896,37067,190561,Organic Banana,4,10.85
11896,42110,190561,Organic Macaroni Shells & Real Aged Cheddar,9,12.09
11897,41806,84526,Organic Greek Whole Milk Blended Strawberry Yogurt,16,7.97
11898,34969,95525,Red Vine Tomato,4,9.25
11898,13062,95525,"Master Brew Kombucha, Pineapple Peach",7,5.53
11899,47966,162902,Old Fashioned Rolled Oats,14,2.74
11899,4339,162902,Pure Camomile Herbal Tea Bags,7,4.95
11900,39055,21280,Mild Salsa Roja,20,12.54
11900,7164,21280,Green Tea Lemon Ginger Organic Tea,7,1.06
11901,45007,84433,Organic Zucchini,4,5.08
11901,35939,84433,Organic Jalapeno Pepper,4,9.93
11901,6568,84433,Snacks Mango,19,8.66
11902,26604,11592,Organic Blackberries,4,8.08
11904,28465,187743,Icelandic Style Skyr Blueberry Non-fat Yogurt,16,8.32
11906,38772,182345,Provolone,16,1.84
11908,26604,174253,Organic Blackberries,4,8.08
11911,47380,165275,New York Style Nova Lox,12,8.72
11912,17789,204204,Soy Free Buttery Spread,16,11.19
11912,49273,204204,Light and Lean Quinoa Black Beans with Butternut Squash and Chard,1,1.34
11914,26209,116881,Limes,4,4.37
11914,16759,116881,Organic Carrot Bunch,4,4.17
11914,38996,116881,Grape Tomatoes,4,4.64
11915,45210,108457,Organic Greek Lowfat Yogurt With Blueberries,16,5.69
11916,26604,38323,Organic Blackberries,4,8.08
11916,24492,38323,All Natural Won Ton Wraps,6,5.98
11917,44331,57130,Grow & Gain Chocolate Shake Nutritional Drink,18,7.44
11917,43772,57130,Cherubs Heavenly Salad Tomatoes,4,1.15
11918,37067,49478,Organic Banana,4,10.85
11918,27044,49478,Maple Almond Butter,13,8.9
11918,33575,49478,Dairy Free French Vanilla Coconut Milk Creamer,16,8.48
11919,46802,101377,Pineapple Chunks,1,6.76
11921,20546,44489,Organic Baby Food Peach,18,3.62
11921,3245,44489,Organic Stage 2 Apple Oatmeal With Cinnamon Baby Food,18,4.15
11922,2962,15539,"Milk, Reduced Fat, 2% Milkfat",16,8.89
11922,40198,15539,Blueberry Yoghurt,16,8.81
11923,43875,148993,Baby Food Stage 2 Blueberry Pear & Purple Carrot,18,6.11
11925,39408,120243,Gala Apples,4,4.03
11927,4962,89323,Yotoddler Organic Pear Spinach Mango Yogurt,16,10.68
11927,20899,89323,Goo Berry Pie Probugs Kefir,16,6.29
11927,11068,89323,Medium Cheddar Cheese Block,16,1.9
11928,16759,160960,Organic Carrot Bunch,4,4.17
11929,35939,118897,Organic Jalapeno Pepper,4,9.93
11931,39219,183076,Artichoke Quarters,15,9.59
11931,19692,183076,Fine Artisan Chocolate Extra Rich Milk 41% Cacao,19,12.25
11931,37355,183076,Organic Extra Virgin Coconut Oil,13,1.06
11931,18435,183076,50% Less Sodium Garbanzo Beans,15,10.51
11932,26604,203264,Organic Blackberries,4,8.08
11932,9961,203264,Roasted Garlic & Herb Seasoning,13,6.95
11933,46820,123932,Vanilla Pure Almond Milk,16,11.94
11935,48812,82232,Variety Pack,17,7.23
11935,35470,82232,Water Mineral,7,11.28
11938,14095,25322,"Green Beans, Organic, Cut",15,11.02
11942,26604,60703,Organic Blackberries,4,8.08
11942,40268,60703,Organic Wheat-Free & Gluten-Free Original Crackers,19,3.71
11944,37067,28201,Organic Banana,4,10.85
11945,22224,77939,Whole Milk Plain Greek Yogurt,16,2.08
11952,28465,81691,Icelandic Style Skyr Blueberry Non-fat Yogurt,16,8.32
11952,40310,81691,Oven Roasted Turkey Breast,20,8.23
11954,20518,118737,"Club Delight Sausage, Egg, & Cheese Sandwiches",12,0.91
11955,6224,64602,Simply Clean Fragrance Free Wipes,18,10.15
11955,37940,64602,Original Strawberry Low Fat Yogurt,16,12.55
11955,24425,64602,"Freshly made pasta, rich meat sauce and Real Mozzarella cheese Lasagna with Meat & Sauce",1,8.56
11955,15820,64602,Cafe Cuisine Sesame Chicken,1,4.26
11955,30696,64602,Eggo Homestyle Waffles,1,6.45
11956,3464,191132,"Organic Butterhead (Boston, Butter, Bibb) Lettuce",4,9.0
11957,7963,51177,Gluten Free Whole Grain Bread,1,4.53
11957,38456,51177,Large Grapefruit,4,3.38
11957,45163,51177,Seaweed Rice Chips Sea Salt,19,8.17
11957,33120,51177,Organic Egg Whites,16,5.33
11957,6568,51177,Snacks Mango,19,8.66
11958,29506,31057,Pita Bread,3,5.14
11960,33120,53621,Organic Egg Whites,16,5.33
11960,12315,53621,Dairy Free Hazelnut Coconut Milk Creamer,16,12.03
11960,16908,53621,Jacob's Wonderbar Dark Roast,7,11.01
11963,45007,151544,Organic Zucchini,4,5.08
11966,43768,163776,Organic Bell Pepper,4,2.4
11966,32387,163776,Roasted Garlic & Sweet Basil Sauce,9,4.13
11967,19173,135855,Orange Calcium & Vitamin D Pulp Free,7,11.11
11968,34969,117989,Red Vine Tomato,4,9.25
11968,26209,117989,Limes,4,4.37
11968,17044,117989,French Baguette,3,6.85
11969,34969,86350,Red Vine Tomato,4,9.25
11970,39844,15147,Mini Sweet Peppers,4,11.24
11971,28745,18536,Oven Roasted Turkey,20,7.99
11971,260,18536,Cantaloupe,4,3.01
11971,45007,18536,Organic Zucchini,4,5.08
11972,22089,115188,Vitamin D Milk,16,12.21
11972,20842,115188,Total 0% Greek Yogurt,16,9.2
11972,31007,115188,"Tortilla Chips, Corn, Pico de Gallo",19,6.0
11973,48167,74948,Dairy Free Creamer Nutpods Original Unsweetened,16,3.4
11973,31912,74948,Avocado Oil,13,1.61
11975,42736,49754,Unsalted Butter,16,9.28
11977,35124,45004,Southwest Chopped Salad Kit with Dressing,4,6.97
11977,28881,45004,Banana Cream Traditional Oikos Greek Yogurt,16,11.35
11977,49522,45004,Cashews Halves & Pieces,19,11.7
11981,5450,118105,Small Hass Avocado,4,5.77
11982,28012,100298,Clover Honey Bear,13,8.71
11983,37355,113618,Organic Extra Virgin Coconut Oil,13,1.06
11983,26604,113618,Organic Blackberries,4,8.08
11985,33316,136152,Lemongrass & Clementine Zest Natural Dish Liquid,17,0.96
11988,48527,149239,Avocado,4,12.54
11988,42372,149239,Pineapple on the Bottom Greek Yogurt,16,11.02
11989,21614,101433,Crackers Harvest Whole Wheat,19,2.38
11990,34430,97781,Sea Salt & Vinegar Kettle Cooked Potato Chips,19,8.83
11990,46802,97781,Pineapple Chunks,1,6.76
11990,10060,97781,Original BBQ Sauce,13,8.23
11991,38772,55474,Provolone,16,1.84
11991,32781,55474,Gluten Free Sunrise Crunchy Maple Cereal,14,8.64
11991,45007,55474,Organic Zucchini,4,5.08
11996,12572,142372,6 OZ LA PANZANELLA CROSTINI ORIGINAL CRACKERS,19,1.78
11996,47141,142372,Cola,7,5.77
11996,27796,142372,Real Mayonnaise,13,0.97
11998,14371,149862,Organic Nonfat Milk,16,10.79
11998,28465,149862,Icelandic Style Skyr Blueberry Non-fat Yogurt,16,8.32
12000,28745,178831,Oven Roasted Turkey,20,7.99
12000,46802,178831,Pineapple Chunks,1,6.76
12000,45007,178831,Organic Zucchini,4,5.08
12007,47573,57965,Ginger Snap Sprouted Cookies,19,1.63
12008,4675,92099,Boniato Sweet Potato,4,9.16
12008,18656,92099,Organic Red Potato,4,1.93
12008,45007,92099,Organic Zucchini,4,5.08
12008,260,92099,Cantaloupe,4,3.01
12010,25199,54077,Classic Chicken Salad,20,4.26
12011,24535,15835,Plain Whole Milk Yogurt,16,6.17
12011,31564,15835,Crackers,19,1.11
12012,33810,100359,Citrus Dish Soap,17,9.69
12013,35042,34040,Black Beans,15,5.95
12014,19828,39180,Red Delicious Apples,4,5.14
12015,26177,11845,Organic Honey Nut O's Cereal,14,3.76
12015,43875,11845,Baby Food Stage 2 Blueberry Pear & Purple Carrot,18,6.11
12015,27277,11845,Organic Stage 1 First Sweet Potatoes,18,1.11
12015,43421,11845,"Little Yums Spinach, Apple, and Kale Teething Wafers",18,5.55
12016,45064,103142,Honey Wheat Bread,3,1.52
12016,27690,103142,Apple Cinnamon GoGo Squeez,19,6.29
12016,36086,103142,Philadelphia Original Cream Cheese,16,2.08
12018,31513,182689,Kefir Cultured Milk Smoothie Plain,16,1.1
12019,22242,205326,Swirl Bread Cinnamon,3,1.7
12020,7139,125114,Sooo Good Light Roast Coffee,7,3.74
12020,16759,125114,Organic Carrot Bunch,4,4.17
12021,26209,198191,Limes,4,4.37
12023,26629,153139,Cherry Pie Fruit & Nut Bar,19,1.38
12023,13113,153139,Organic Apple Juice Boxes,7,9.79
12026,13249,164612,Skim Milk,16,9.33
12026,34969,164612,Red Vine Tomato,4,9.25
12026,18656,164612,Organic Red Potato,4,1.93
12026,890,164612,Organic Diced Tomatoes,15,1.35
12028,37067,205156,Organic Banana,4,10.85
12028,45007,205156,Organic Zucchini,4,5.08
12028,40310,205156,Oven Roasted Turkey Breast,20,8.23
12029,8138,192803,Traditional Hummus,20,2.75
12031,35939,159057,Organic Jalapeno Pepper,4,9.93
12033,28745,63426,Oven Roasted Turkey,20,7.99
12035,28990,81528,Curly Parsley Bunch,4,6.7
12035,36792,81528,Gluten Free Omega Flax & Fiber Bread,3,3.98
12036,6069,114026,Maple Pumpkin Seeds with Sea Salt Chewy with a Crunch Granola Bars,19,7.32
12036,38164,114026,Almonds & Sea Salt in Dark Chocolate,19,9.32
12037,7249,109224,Crunchy Rice Rollers,19,11.04
12038,40198,15811,Blueberry Yoghurt,16,8.81
12038,1202,15811,Organic Whole Grain Oatmeal Cereal Baby Food,18,9.64
12039,31610,143882,Meatloaf and Mashed Potatoes,1,10.74
12042,34969,154832,Red Vine Tomato,4,9.25
12044,48595,149678,Organic Wheat Square Crackers,19,9.0
12046,35939,16166,Organic Jalapeno Pepper,4,9.93
12046,26209,16166,Limes,4,4.37
12050,10537,197835,Organic Protein Unsweetened Vanilla Almond Milk,16,9.15
12052,34969,98149,Red Vine Tomato,4,9.25
12055,4962,188727,Yotoddler Organic Pear Spinach Mango Yogurt,16,10.68
12055,16759,188727,Organic Carrot Bunch,4,4.17
12055,26209,188727,Limes,4,4.37
12055,11610,188727,Organic Chocolate Syrup,13,8.82
12056,6104,16600,Whole Milk Plain Yogurt,16,1.76
12058,30928,202773,Organic Gluten Free Yellow Cornmeal,13,2.92
12061,34969,171999,Red Vine Tomato,4,9.25
12064,41488,50491,Chocolate Milk,16,4.77
12064,35383,50491,Classic White Bread,3,6.03
12067,28785,149928,Organic Tahini,13,8.89
12069,28122,111128,Peter Rabbit Organics Kale Broccoli and Mango Purée,18,10.42
12069,43875,111128,Baby Food Stage 2 Blueberry Pear & Purple Carrot,18,6.11
12069,30353,111128,Curate Cherry Lime Sparkling Water,7,1.86
12069,42145,111128,Organic Seven Whole Grains,9,8.83
12070,43875,108477,Baby Food Stage 2 Blueberry Pear & Purple Carrot,18,6.11
12070,27061,108477,Sweet Potato Apple Stage 2 Baby Food,18,2.61
12070,11212,108477,Apple Blueberry Fruit Yogurt Smoothie,18,11.52
12070,12591,108477,Peach Mango Stage 2 Baby Food,18,11.86
12071,38996,22205,Grape Tomatoes,4,4.64
12071,13249,22205,Skim Milk,16,9.33
12071,17025,22205,Country Dijon Mustard,13,8.15
12072,26209,137824,Limes,4,4.37
12072,37193,137824,Shelled Edamame,1,1.74
12073,13959,99223,Swiss Fudge Cookies,19,8.42
12075,5450,155985,Small Hass Avocado,4,5.77
12075,37538,155985,Organic Sweet Pea,4,3.61
12075,22658,155985,Organic Curry Powder,13,9.64
12079,49273,91136,Light and Lean Quinoa Black Beans with Butternut Squash and Chard,1,1.34
12079,8056,91136,Berry Bounty Trail Mix,19,8.47
12080,10603,97526,93% Ground Beef,12,3.6
12083,46820,95465,Vanilla Pure Almond Milk,16,11.94
12084,26604,179835,Organic Blackberries,4,8.08
12085,26209,50525,Limes,4,4.37
12085,38456,50525,Large Grapefruit,4,3.38
12085,39408,50525,Gala Apples,4,4.03
12085,35383,50525,Classic White Bread,3,6.03
12085,12312,50525,Lavender Hand Soap,11,11.33
12086,26209,180397,Limes,4,4.37
12087,594,87938,Gluten Free Peanut Butter Berry  Chewy With A Crunch Granola Bars,19,11.11
12089,18963,104640,Apple Cider Vinegar,13,9.67
12090,16759,82582,Organic Carrot Bunch,4,4.17
12093,18159,109214,Organic Biologique Limes,4,5.06
12094,23296,186133,Blueberry on the Bottom Nonfat Greek Yogurt,16,2.27
12095,5450,205619,Small Hass Avocado,4,5.77
12095,12290,205619,Brie,16,10.11
12095,28745,205619,Oven Roasted Turkey,20,7.99
12097,19173,194914,Orange Calcium & Vitamin D Pulp Free,7,11.11
12098,29195,27263,Wild Sardines in Extra Virgin Olive Oil,15,5.4
12099,42500,158894,Orange & Lemon Flavor Variety Pack Sparkling Fruit Beverage,7,6.51
12099,26604,158894,Organic Blackberries,4,8.08
12101,890,158834,Organic Diced Tomatoes,15,1.35
12103,23765,114597,Organic Smoked Turkey Breast,20,10.28
12103,42736,114597,Unsalted Butter,16,9.28
12103,26177,114597,Organic Honey Nut O's Cereal,14,3.76
12103,26209,114597,Limes,4,4.37
12103,2452,114597,Naturals Chicken Nuggets,1,1.24
12105,34214,59361,Pesto Pizza,1,5.46
12109,33120,40332,Organic Egg Whites,16,5.33
12110,10375,81430,Self-Rising Flour,13,3.43
12111,38456,120866,Large Grapefruit,4,3.38
12111,16145,120866,Organic Cannellini Beans,15,5.1
12115,10607,136756,Prosecco,5,6.0
12116,26209,19731,Limes,4,4.37
12117,12572,193056,6 OZ LA PANZANELLA CROSTINI ORIGINAL CRACKERS,19,1.78
12117,38456,193056,Large Grapefruit,4,3.38
12117,49621,193056,Challah Bread,3,5.17
12121,22242,44366,Swirl Bread Cinnamon,3,1.7
12121,43772,44366,Cherubs Heavenly Salad Tomatoes,4,1.15
12125,4962,185629,Yotoddler Organic Pear Spinach Mango Yogurt,16,10.68
12126,4232,196317,"Ambrosia, Medium Roast",7,7.31
12126,19173,196317,Orange Calcium & Vitamin D Pulp Free,7,11.11
12128,38456,190990,Large Grapefruit,4,3.38
12131,13511,45090,Low Fat Strawberry Yogurt Bars,1,1.31
12131,19173,45090,Orange Calcium & Vitamin D Pulp Free,7,11.11
12131,33120,45090,Organic Egg Whites,16,5.33
12131,24830,45090,Organic Romaine,4,10.27
12131,20842,45090,Total 0% Greek Yogurt,16,9.2
12131,26604,45090,Organic Blackberries,4,8.08
12131,28915,45090,Penne Lisce,9,7.53
12132,26209,189782,Limes,4,4.37
12132,27509,189782,Organic Seasoned Yukon Select Potatoes Hashed Browns,1,5.21
12133,46802,132750,Pineapple Chunks,1,6.76
12135,28789,100048,La Lechera Sweetened Condensed Milk,16,7.38
12135,19666,100048,Original Sugar-Free Chai Tea Latte Concentrate,7,3.43
12136,34639,98963,Cider Apple Butter,13,8.97
12137,1940,140195,Organic 2% Reduced Fat Milk,16,1.23
12138,5902,171836,"Rice Crackers, Original",19,10.11
12140,18963,110683,Apple Cider Vinegar,13,9.67
12140,22089,110683,Vitamin D Milk,16,12.21
12142,26209,45035,Limes,4,4.37
12143,40198,86764,Blueberry Yoghurt,16,8.81
12144,33624,166965,Splash Tropical Blend Juice,7,10.7
12144,20013,166965,Wide Mouth Pint & Half Jars,17,2.03
12145,44167,166515,Pacific Cooler Juice Drink,7,2.33
12147,49247,62955,Coconut Yoghurt,16,4.8
12150,1025,80721,Organic Fresh Basil,4,11.34
12152,26209,89415,Limes,4,4.37
12153,45210,34990,Organic Greek Lowfat Yogurt With Blueberries,16,5.69
12153,7751,34990,Tomato Ketchup,13,1.99
12155,38772,90282,Provolone,16,1.84
12158,45064,22852,Honey Wheat Bread,3,1.52
12159,38456,193056,Large Grapefruit,4,3.38
12159,33575,193056,Dairy Free French Vanilla Coconut Milk Creamer,16,8.48
12161,38473,104608,Dark Coconut Toffee Organic Chocolate,19,6.98
12164,47630,34200,Medium Navel Orange,4,5.6
12164,38274,34200,Ice Cream Sandwiches Vanilla,1,7.17
12164,36070,34200,"Super Spinach! Baby Spinach, Baby Bok Choy, Sweet Baby Kale",4,4.34
12164,16291,34200,Organic Extra Large Brown Omega 3 Eggs,16,8.98
12165,45007,50198,Organic Zucchini,4,5.08
12165,2429,50198,"Seriously Sharp Cheddar Cheese Cracker Cut Slices,",16,8.44
12165,260,50198,Cantaloupe,4,3.01
12165,10603,50198,93% Ground Beef,12,3.6
12166,6583,41356,Oraganic Lemon Elation Yerba Mate Drink,7,3.93
12167,36315,49664,Low Fat Split Pea Soup,15,12.38
12174,26209,650,Limes,4,4.37
12174,35939,650,Organic Jalapeno Pepper,4,9.93
12175,37754,140418,Organic Blended Raspberry Whole Milk Greek Yogurt,16,4.34
12175,16840,140418,Mild Guacamole,20,2.21
12175,4809,140418,Greek Whole Milk Blended Blueberry Yogurt,16,6.38
12175,12312,140418,Lavender Hand Soap,11,11.33
12175,18140,140418,Organic Fresh Pressed Pure Cranberry Juice,7,8.23
12176,14867,161556,Honey Bunny Grahams,19,3.63
12178,14870,162100,Icelandic Style Fat Free Plain Yogurt,16,4.27
12181,31215,152797,Lemon Yogurt,16,10.41
12181,28465,152797,Icelandic Style Skyr Blueberry Non-fat Yogurt,16,8.32
12181,36735,152797,Organic Roasted Sliced Chicken Breast,20,10.42
12181,38164,152797,Almonds & Sea Salt in Dark Chocolate,19,9.32
12181,35369,152797,Dark Chocolate Hazelnut,19,7.2
12181,7371,152797,Chocolate Chip Cookie Dough Bar,19,5.25
12188,35336,120390,Naked Green Machine Boosted Juice Smoothie,7,1.11
12188,39024,120390,Edamame In Pod,1,5.6
12188,13249,120390,Skim Milk,16,9.33
12188,44035,120390,Organic Chickpeas Ready To Eat,19,1.28
12188,9060,120390,Organic Roasted Red Pepper & Tomato Bisque,15,1.7
12188,12312,120390,Lavender Hand Soap,11,11.33
12190,19173,103035,Orange Calcium & Vitamin D Pulp Free,7,11.11
12190,46990,103035,Ground Buffalo,12,10.44
12190,27949,103035,Avocado Oil Canyon Cut Kettle Cooked Potato Chips Sea Salt,19,0.97
12190,44354,103035,"Cooking Sauce, La Pizza",15,4.87
12190,46802,103035,Pineapple Chunks,1,6.76
12192,15129,111043,Chunky Hot Salsa,13,1.03
12192,30727,111043,Vanilla Almond Fit Granola,14,7.19
12192,44570,111043,Kale Greens,4,4.15
12193,7963,95125,Gluten Free Whole Grain Bread,1,4.53
12195,43772,80739,Cherubs Heavenly Salad Tomatoes,4,1.15
12199,49239,198563,Dark Chocolate Royale Shakes,11,4.78
12199,42372,198563,Pineapple on the Bottom Greek Yogurt,16,11.02
12204,28358,95083,Chocolate Chip Vegan Cookie Dough,13,5.77
12204,19677,95083,Original Pure Creamy Almond Milk,16,6.4
12204,43371,95083,Crushed Red Pepper,13,7.03
12204,8138,95083,Traditional Hummus,20,2.75
12206,24830,150167,Organic Romaine,4,10.27
12206,45007,150167,Organic Zucchini,4,5.08
12208,15925,9650,Macaroni and Cheese,1,9.5
12208,27284,9650,Organic Fruit and Nut Granola Cereal,14,2.49
12209,26209,39840,Limes,4,4.37
12209,37193,39840,Shelled Edamame,1,1.74
12209,2,39840,All-Seasons Salt,13,3.97
12211,25647,112030,Heirloom Tomato,4,4.3
12212,260,41469,Cantaloupe,4,3.01
12213,5922,56888,"Honest Face, Hand, & Baby Wipes",18,8.08
12213,38274,56888,Ice Cream Sandwiches Vanilla,1,7.17
12213,14553,56888,Oats & Honey Granola,14,2.32
12216,40310,113804,Oven Roasted Turkey Breast,20,8.23
12216,34969,113804,Red Vine Tomato,4,9.25
12216,19173,113804,Orange Calcium & Vitamin D Pulp Free,7,11.11
12220,20842,107585,Total 0% Greek Yogurt,16,9.2
12220,45007,107585,Organic Zucchini,4,5.08
12220,34969,107585,Red Vine Tomato,4,9.25
12223,39924,130662,Cherry Lime Vitality Beverage,7,7.9
12224,12427,35176,Original Beef Jerky,19,3.08
12228,20899,91377,Goo Berry Pie Probugs Kefir,16,6.29
12229,32115,31716,93/7 Ground Beef,2,12.26
12229,19003,31716,Celery,4,5.68
12229,18721,31716,"Baked Rice and Corn Puffs, Aged White Cheddar",19,2.22
12229,24846,31716,Sweet & Fruity Cranberry Granola,14,4.68
12230,22182,119698,Old Fashioned Potato Salad,20,1.72
12235,35939,96331,Organic Jalapeno Pepper,4,9.93
12235,42110,96331,Organic Macaroni Shells & Real Aged Cheddar,9,12.09
12236,6583,9321,Oraganic Lemon Elation Yerba Mate Drink,7,3.93
12239,42500,185341,Orange & Lemon Flavor Variety Pack Sparkling Fruit Beverage,7,6.51
12242,26604,109003,Organic Blackberries,4,8.08
12244,39408,201966,Gala Apples,4,4.03
12244,40674,201966,Peas & Carrots,1,8.83
12244,36810,201966,Original Pancake and Baking Mix,14,5.95
12244,11384,201966,Naturally Brewed Soy Sauce,6,9.97
12248,10603,171771,93% Ground Beef,12,3.6
12248,27690,171771,Apple Cinnamon GoGo Squeez,19,6.29
12250,3358,68923,"Rising Crust Supreme (Sausage, Pepperoni, Red Peppers, Green Peppers, Onions, Black Olives) Frozen Pizza",1,5.69
12252,6104,191383,Whole Milk Plain Yogurt,16,1.76
12254,38426,51763,Organic Cotton Balls,11,7.36
12255,26209,117661,Limes,4,4.37
12256,10166,135483,Almond Milk Cookies N' Cream Non-Dairy Frozen Dessert,1,2.02
12257,31801,73283,9 Inch Plates,17,4.1
12261,42736,135950,Unsalted Butter,16,9.28
12263,13113,164991,Organic Apple Juice Boxes,7,9.79
12263,5450,164991,Small Hass Avocado,4,5.77
12264,38508,102585,Lightly Salted Kettle Potato Chips - Sea Salt,19,4.06
12268,30827,52498,Seedless Cucumbers,4,5.22
12268,27796,52498,Real Mayonnaise,13,0.97
12272,14553,185562,Oats & Honey Granola,14,2.32
12272,4809,185562,Greek Whole Milk Blended Blueberry Yogurt,16,6.38
12272,41806,185562,Organic Greek Whole Milk Blended Strawberry Yogurt,16,7.97
12272,37754,185562,Organic Blended Raspberry Whole Milk Greek Yogurt,16,4.34
12272,21949,185562,White Cheddar Semisoft Cheese,16,9.24
12274,37067,69945,Organic Banana,4,10.85
12274,34969,69945,Red Vine Tomato,4,9.25
12276,26604,107455,Organic Blackberries,4,8.08
12278,39479,150,Ground Paprika,13,12.34
12278,28805,150,100% Pure Corn Starch,13,4.53
12280,18159,28535,Organic Biologique Limes,4,5.06
12280,35939,28535,Organic Jalapeno Pepper,4,9.93
12282,29242,111451,Whole Grain Original Flavor Macaroni & Cheese Dinner,9,8.61
12282,40574,111451,Rice Cereal,14,1.69
12284,5450,49287,Small Hass Avocado,4,5.77
12285,29234,21335,Dijonnaise,13,7.61
12285,26209,21335,Limes,4,4.37
12285,35939,21335,Organic Jalapeno Pepper,4,9.93
12285,7298,21335,Adobo Seasoning,13,2.49
12286,26149,99526,Brushless Dog Toothpaste,8,5.69
12288,45051,121332,Pub Mix,19,8.23
12293,19677,118350,Original Pure Creamy Almond Milk,16,6.4
12293,28465,118350,Icelandic Style Skyr Blueberry Non-fat Yogurt,16,8.32
12294,43662,165255,"Yogurt, Strained Low-Fat, Coconut",16,11.87
12294,26209,165255,Limes,4,4.37
12294,45007,165255,Organic Zucchini,4,5.08
12294,16145,165255,Organic Cannellini Beans,15,5.1
12296,16759,179133,Organic Carrot Bunch,4,4.17
12299,29334,55418,Leek,4,6.09
12299,27428,55418,Dairy Pure Fresh Heavy Whipping Cream,16,12.5
12299,3699,55418,"Chard, Green, New England Grown",4,11.17
12300,13627,201869,English Breakfast Tea Bags,7,6.27
12302,23765,14321,Organic Smoked Turkey Breast,20,10.28
12303,18243,68542,Organic Stage 3 Zucchini Broccoli Medley Baby Food,18,3.4
12306,35042,183742,Black Beans,15,5.95
12308,38266,152416,Fresh Basil,4,10.07
12308,38164,152416,Almonds & Sea Salt in Dark Chocolate,19,9.32
12309,47630,183871,Medium Navel Orange,4,5.6
12312,39615,198157,Original Sweetened Dried Cranberries,19,8.61
12313,20362,180301,Ultra 8 1/2 in Plates - 32 CT,17,1.67
12314,6473,82998,Bag of Lemons,4,6.98
12316,15129,185187,Chunky Hot Salsa,13,1.03
12319,45007,173004,Organic Zucchini,4,5.08
12320,43772,21021,Cherubs Heavenly Salad Tomatoes,4,1.15
12320,5450,21021,Small Hass Avocado,4,5.77
12320,26209,21021,Limes,4,4.37
12321,43662,21314,"Yogurt, Strained Low-Fat, Coconut",16,11.87
12321,4962,21314,Yotoddler Organic Pear Spinach Mango Yogurt,16,10.68
12325,9597,83890,Sweet Kale Chopped Salad,4,3.58
12325,45076,83890,Slow Churned Light Ice Cream Cookies 'N Cream,1,9.56
12327,17183,155431,Peach Yoghurt,16,6.75
12329,15754,201039,Dark Chocolate High Protein Bars,11,4.35
12331,26209,99836,Limes,4,4.37
12336,15455,171861,Organic Extra Virgin Oil Olive,13,8.12
12336,33786,171861,Pepper Jack Cheese Crackers,19,6.56
12337,26736,48592,Red Wax Gouda,3,4.14
12339,11068,165142,Medium Cheddar Cheese Block,16,1.9
12340,34969,203512,Red Vine Tomato,4,9.25
12340,18435,203512,50% Less Sodium Garbanzo Beans,15,10.51
12340,32429,203512,Red Mango,4,3.5
12340,7350,203512,Natural Lime Flavor Sparkling Mineral Water,7,1.88
12340,33231,203512,Mild Lean Turkey Breakfast Sausage,12,5.38
12341,34969,107583,Red Vine Tomato,4,9.25
12341,49621,107583,Challah Bread,3,5.17
12342,16518,104686,Tropicals Sugar Free 1.65 fl oz Ice Pops,1,5.45
12342,717,104686,Sweeper Open Window Fresh Scent Wet Mopping Cloths Refill,17,4.92
12343,39408,72295,Gala Apples,4,4.03
12348,28745,26363,Oven Roasted Turkey,20,7.99
12348,38164,26363,Almonds & Sea Salt in Dark Chocolate,19,9.32
12350,37067,69114,Organic Banana,4,10.85
12351,28881,190414,Banana Cream Traditional Oikos Greek Yogurt,16,11.35
12352,5450,114883,Small Hass Avocado,4,5.77
12354,17426,50148,Simply Sea Salted Thick Cut Potato Chips,19,9.75
12354,449,50148,Chips Ahoy! Chewy Cookies,19,9.39
12358,42240,35395,Ultra Soft Facial Tissues,17,12.0
12359,18019,28250,Macaroni & Cheese Dinner Original Flavor,9,3.73
12361,16759,202642,Organic Carrot Bunch,4,4.17
12362,1194,151702,Natural Artisan Water,7,7.42
12362,31387,151702,Natural Almonds 100 Calorie Packs,19,12.4
12362,44570,151702,Kale Greens,4,4.15
12364,6473,163200,Bag of Lemons,4,6.98
12364,29506,163200,Pita Bread,3,5.14
12365,4289,102150,15 Calories Light Lemonade,7,8.58
12365,43183,102150,Deli Fresh Shaved Smoked Turkey Breast,20,12.45
12366,10369,71553,Organic Genoa Salami,20,2.35
12366,7893,71553,Gluten-Free Lemon Wafers,19,4.11
12366,43768,71553,Organic Bell Pepper,4,2.4
12371,39408,24065,Gala Apples,4,4.03
12371,25647,24065,Heirloom Tomato,4,4.3
12371,5083,24065,98% Fat Free Premium Ham With Natural Juices,20,8.9
12371,260,24065,Cantaloupe,4,3.01
12371,14563,24065,Puff Pastry Sheets,1,1.8
12371,6749,24065,Clasico Dark Roasted Sticks,7,1.86
12371,41635,24065,Selects Solid Light Tuna in Extra Virgin Olive Oil,15,4.49
12371,4006,24065,Hazelnut Spread With Skim Milk & Cocoa,13,4.62
12371,20674,24065,Golden Fries French Fried Potatoes,1,8.69
12372,45064,4971,Honey Wheat Bread,3,1.52
12372,30696,4971,Eggo Homestyle Waffles,1,6.45
12373,43374,28723,Organic Spicy Kale Krunch Super Food,19,7.82
12373,24124,28723,Green Vibrance,11,11.76
12373,36735,28723,Organic Roasted Sliced Chicken Breast,20,10.42
12375,36315,151430,Low Fat Split Pea Soup,15,12.38
12375,34214,151430,Pesto Pizza,1,5.46
12378,17151,110980,Honey Maid Cinnamon Grahams,19,9.77
12378,37619,110980,Light Vegetable Oil Spread,16,8.59
12378,42240,110980,Ultra Soft Facial Tissues,17,12.0
12378,36810,110980,Original Pancake and Baking Mix,14,5.95
12378,40203,110980,Mint Chip Ice Cream,1,5.4
12382,6729,104396,Cookie Tray,3,9.56
12384,37538,179347,Organic Sweet Pea,4,3.61
12384,26209,179347,Limes,4,4.37
12386,42736,119837,Unsalted Butter,16,9.28
12386,28052,119837,Aged Goat Cheese Bijou,16,6.39
12387,47380,198071,New York Style Nova Lox,12,8.72
12389,34974,187539,Baby Mum-Mum Banana  Rice Rusks,18,5.26
12389,27061,187539,Sweet Potato Apple Stage 2 Baby Food,18,2.61
12390,2535,82907,Shaved Parmesan,16,9.81
12392,43095,128638,Multi for Her + Omega-3 Fruit Gummies,11,7.11
12394,26604,121630,Organic Blackberries,4,8.08
12397,20034,42914,Potted Basil,4,6.24
12397,26209,42914,Limes,4,4.37
12397,24492,42914,All Natural Won Ton Wraps,6,5.98
12398,5183,103690,Sesame Chicken,1,8.44
12398,31564,103690,Crackers,19,1.11
12399,7898,3319,Ginger Beer,7,2.12
12399,6244,3319,Club Soda Lower Sodium,7,5.76
12399,35948,3319,Tonic Water,7,7.7
12399,32525,3319,Petite Truffle Brie,16,4.19
12399,7185,3319,Rosemary Mini Croccantini,19,4.79
12400,5902,204919,"Rice Crackers, Original",19,10.11
12401,45007,58150,Organic Zucchini,4,5.08
12401,37067,58150,Organic Banana,4,10.85
12402,34969,55035,Red Vine Tomato,4,9.25
12402,36315,55035,Low Fat Split Pea Soup,15,12.38
12402,3464,55035,"Organic Butterhead (Boston, Butter, Bibb) Lettuce",4,9.0
12403,2452,4178,Naturals Chicken Nuggets,1,1.24
12403,27061,4178,Sweet Potato Apple Stage 2 Baby Food,18,2.61
12404,6069,323,Maple Pumpkin Seeds with Sea Salt Chewy with a Crunch Granola Bars,19,7.32
12406,24830,32270,Organic Romaine,4,10.27
12406,42736,32270,Unsalted Butter,16,9.28
12407,24004,22317,Goldfish Parmesan Baked Snack Crackers,19,6.78
12407,28646,22317,Dobie Cleaning Pad,17,3.26
12409,38226,45527,Dark Chocolate Chips,19,2.18
12410,20034,161724,Potted Basil,4,6.24
12411,25647,33110,Heirloom Tomato,4,4.3
12411,47866,33110,Jalapeno Potato Chips,19,12.02
12412,45007,199634,Organic Zucchini,4,5.08
12412,5258,199634,Sparkling Water,7,10.95
12412,43768,199634,Organic Bell Pepper,4,2.4
12414,22369,68183,Dairy-Free Chocolate Protein Beverage,16,1.49
12414,33120,68183,Organic Egg Whites,16,5.33
12414,39448,68183,Cold Brew Coffee Mocha,16,11.23
12415,14870,118708,Icelandic Style Fat Free Plain Yogurt,16,4.27
12415,32429,118708,Red Mango,4,3.5
12416,4962,113235,Yotoddler Organic Pear Spinach Mango Yogurt,16,10.68
12417,21469,10830,Honest T Mango White Tea,7,4.63
12417,15693,10830,Organic Peach Oo La Long Tea,7,9.36
12417,20670,10830,Organic Lentil Vegetable Soup,15,10.83
12417,12240,10830,Vanilla Protein Almond Milk,16,3.4
12423,8092,94110,Organic Garlic & ButterCroutons,13,9.05
12424,12427,137274,Original Beef Jerky,19,3.08
12425,25647,111490,Heirloom Tomato,4,4.3
12425,26209,111490,Limes,4,4.37
12425,24535,111490,Plain Whole Milk Yogurt,16,6.17
12426,16759,32036,Organic Carrot Bunch,4,4.17
12427,37287,142025,Bath & Kitchen Multi-Surface Cleaner,17,5.78
12428,26604,13513,Organic Blackberries,4,8.08
12429,47792,156469,Organic Beans & Rice Cheddar Cheese Burrito,1,8.35
12430,48527,141798,Avocado,4,12.54
12431,22124,34740,Total 0% Raspberry Yogurt,16,9.08
12433,18027,118779,Ezekiel 4:9 Bread Organic Sprouted Whole Grain,3,11.3
12435,46802,54594,Pineapple Chunks,1,6.76
12437,33741,97440,Gluten Free Classic Hamburger Buns,3,10.9
12437,13733,97440,Red Potatoes,4,4.73
12437,16291,97440,Organic Extra Large Brown Omega 3 Eggs,16,8.98
12438,17789,126891,Soy Free Buttery Spread,16,11.19
12439,36619,81516,Pure Goat Milk Herb Chabis Cheese,16,8.5
12439,3464,81516,"Organic Butterhead (Boston, Butter, Bibb) Lettuce",4,9.0
12439,49621,81516,Challah Bread,3,5.17
12442,2664,33596,First Prunes,18,3.44
12442,45866,33596,Fig Newmans Fruit Filled Cookies,19,2.46
12442,38456,33596,Large Grapefruit,4,3.38
12444,32442,130177,Organic Original Tofu Veggie Burger,20,11.35
12444,46820,130177,Vanilla Pure Almond Milk,16,11.94
12445,45007,155773,Organic Zucchini,4,5.08
12445,47630,155773,Medium Navel Orange,4,5.6
12447,5450,41588,Small Hass Avocado,4,5.77
12447,26604,41588,Organic Blackberries,4,8.08
12449,32240,185345,Bibimbap Veggie Burgers,1,4.81
12451,19677,31396,Original Pure Creamy Almond Milk,16,6.4
12451,24830,31396,Organic Romaine,4,10.27
12451,18696,31396,Mild Red Enchilada Sauce,6,4.38
12453,30353,125132,Curate Cherry Lime Sparkling Water,7,1.86
12453,46807,125132,"Bananas, Raspberries & Oats Organic Baby Food",18,8.95
12455,16744,197483,Peanut & Gluten Free Smooth Almond Butter,13,8.17
12455,10527,197483,Whipped Butter,16,3.95
12455,19173,197483,Orange Calcium & Vitamin D Pulp Free,7,11.11
12455,26209,197483,Limes,4,4.37
12458,31215,169550,Lemon Yogurt,16,10.41
12458,5450,169550,Small Hass Avocado,4,5.77
12458,43768,169550,Organic Bell Pepper,4,2.4
12459,6104,111196,Whole Milk Plain Yogurt,16,1.76
12459,781,111196,Organic Shredded Mild Cheddar,16,2.78
12461,30827,98075,Seedless Cucumbers,4,5.22
12464,34969,17582,Red Vine Tomato,4,9.25
12467,23554,38134,Organic Vanilla Bean Ice Cream,1,6.65
12467,42300,38134,Organic Vitality Snack Chia Squeeze Blackberry Bliss,19,9.71
12469,4675,150121,Boniato Sweet Potato,4,9.16
12469,26172,150121,Light Sour Cream,16,7.26
12470,27690,141231,Apple Cinnamon GoGo Squeez,19,6.29
12472,49621,171349,Challah Bread,3,5.17
12472,2452,171349,Naturals Chicken Nuggets,1,1.24
12473,12427,187305,Original Beef Jerky,19,3.08
12473,31124,187305,Absolutely Zero Energy Drink,7,1.47
12474,36070,159033,"Super Spinach! Baby Spinach, Baby Bok Choy, Sweet Baby Kale",4,4.34
12475,12761,184998,Peanut Butter & Co Cinnamon Raisin Swirl,13,9.06
12475,30237,184998,Tofu Shirataki Angel Hair Noodle Substitute,6,9.59
12475,38701,184998,French Roast Coffee K-Cups,7,5.18
12475,7542,184998,Ready to Serve Brown & Wild 4.4 Oz Rice,9,11.19
12481,14870,167309,Icelandic Style Fat Free Plain Yogurt,16,4.27
12486,26133,134358,Classic Macaroni & Mild Cheddar Cheese,9,8.89
12486,33956,134358,Mighty Mango Juice Smoothie,7,7.47
12486,35336,134358,Naked Green Machine Boosted Juice Smoothie,7,1.11
12486,41488,134358,Chocolate Milk,16,4.77
12488,26604,161332,Organic Blackberries,4,8.08
12490,2431,93102,Organic Spicy Lemonade Juice Drink,7,1.41
12491,34969,1372,Red Vine Tomato,4,9.25
12491,11068,1372,Medium Cheddar Cheese Block,16,1.9
12491,45007,1372,Organic Zucchini,4,5.08
12491,35939,1372,Organic Jalapeno Pepper,4,9.93
12491,28745,1372,Oven Roasted Turkey,20,7.99
12492,12427,185797,Original Beef Jerky,19,3.08
12493,7116,186034,Large Enriched Bread,3,2.99
12494,5068,67337,Cauliflower Florets,4,5.04
12494,46541,67337,Corn Flakes,14,2.21
12495,23554,133875,Organic Vanilla Bean Ice Cream,1,6.65
12496,48595,125933,Organic Wheat Square Crackers,19,9.0
12496,10369,125933,Organic Genoa Salami,20,2.35
12496,44375,125933,Canned Aranciata Orange,7,3.21
12498,5450,111666,Small Hass Avocado,4,5.77
12498,6244,111666,Club Soda Lower Sodium,7,5.76
12499,19176,147590,Chocolate Chip Mini Cookies,19,7.12
12502,32080,56154,Refill Infant Milk-Based with Iron 16.6 oz Pouches Infant Formula Powder,18,11.51
12502,12312,56154,Lavender Hand Soap,11,11.33
12502,30353,56154,Curate Cherry Lime Sparkling Water,7,1.86
12506,4940,2754,Organic Plain Greek Yogurt,16,5.0
12506,14870,2754,Icelandic Style Fat Free Plain Yogurt,16,4.27
12508,11865,27836,Light & Lean Spaghetti Italiano with Meatless Meatballs,1,12.22
12508,44089,27836,Concord Grape Juice,7,11.36
12508,49621,27836,Challah Bread,3,5.17
12508,34214,27836,Pesto Pizza,1,5.46
12514,4289,74184,15 Calories Light Lemonade,7,8.58
12514,9557,74184,Chicken Breast Fillet,1,4.53
12514,43875,74184,Baby Food Stage 2 Blueberry Pear & Purple Carrot,18,6.11
12514,13064,74184,Sweet Water Hand Wash,11,8.6
12515,39982,171338,Sausage  Links,1,7.5
12515,37940,171338,Original Strawberry Low Fat Yogurt,16,12.55
12518,1194,160617,Natural Artisan Water,7,7.42
12521,4962,90082,Yotoddler Organic Pear Spinach Mango Yogurt,16,10.68
12523,6020,86521,Organic Crushed Red Pepper,13,8.11
12526,27796,9526,Real Mayonnaise,13,0.97
12527,33231,86947,Mild Lean Turkey Breakfast Sausage,12,5.38
12529,31564,143373,Crackers,19,1.11
12529,10819,143373,Original Craisins,19,8.5
12531,18359,195237,Bag of Red Delicious Apples,4,2.76
12532,26604,132453,Organic Blackberries,4,8.08
12533,32112,167308,Lemon Poppyseed Oat Bar,19,2.51
12533,27509,167308,Organic Seasoned Yukon Select Potatoes Hashed Browns,1,5.21
12533,14486,167308,One Bun Multigrain Whole Grain Pita,3,6.73
12535,12312,85887,Lavender Hand Soap,11,11.33
12536,44371,140969,Alaskan Salmon Burgers,1,11.21
12540,13431,201850,Flaky Biscuits,13,1.83
12541,1940,57996,Organic 2% Reduced Fat Milk,16,1.23
12542,6278,44543,Coconut Cream,6,4.21
12542,4620,44543,Ginger Root,4,9.03
12546,12919,93135,Coconut Sparkling Water,7,12.1
12547,40198,190024,Blueberry Yoghurt,16,8.81
12547,43662,190024,"Yogurt, Strained Low-Fat, Coconut",16,11.87
12548,46106,42610,Organic Sriracha Hummus,20,3.17
12549,19638,44734,Simply Jif Creamy Peanut Butter,13,8.98
12549,38456,44734,Large Grapefruit,4,3.38
12552,26604,173339,Organic Blackberries,4,8.08
12552,28635,173339,0% Greek Yogurt Black Cherry on the Bottom,16,7.7
12555,21278,11374,All Purpose Crushed Tomatoes,15,1.47
12556,17160,65320,Smooth & Creamy Organic Lowfat French Vanilla Yogurt,16,1.13
12556,5258,65320,Sparkling Water,7,10.95
12559,3923,43020,"Cashew, Sesame & Pimento Spread",13,10.63
12559,40268,43020,Organic Wheat-Free & Gluten-Free Original Crackers,19,3.71
12559,35939,43020,Organic Jalapeno Pepper,4,9.93
12564,33575,138945,Dairy Free French Vanilla Coconut Milk Creamer,16,8.48
12566,8390,141874,Diet Ginger Ale,7,12.0
12572,35425,185271,Gluten Free Brown Rice English Muffins 6 ct,3,11.37
12572,12932,185271,Super Greens Veggie Burgers,1,9.93
12572,11781,185271,"Mushroom, Spinach, and Salsa Tamales",6,2.28
12573,16698,149370,Uncured Pepperoni & Uncured Bacon,1,6.46
12575,2962,90875,"Milk, Reduced Fat, 2% Milkfat",16,8.89
12577,3318,19867,Cinnamon Swirl Raisin Bread,3,4.94
12578,29270,35876,Beet Apple Carrot Lemon Ginger Organic Cold Pressed Juice Beverage,7,5.56
12579,35939,65890,Organic Jalapeno Pepper,4,9.93
12579,34844,65890,Morning Blend 100% Juice,7,4.04
12579,22208,65890,Saag Paneer,20,5.12
12579,20842,65890,Total 0% Greek Yogurt,16,9.2
12582,11233,128389,100% Whole Wheat Pre-Sliced Sandwich Thins,3,5.2
12582,13115,128389,Natural Squeeze Grape Spread,13,0.96
12583,10106,80349,Honey & Maple Turkey Breast,20,8.53
12583,4962,80349,Yotoddler Organic Pear Spinach Mango Yogurt,16,10.68
12583,12955,80349,"Super Foods/Organic Apples, Spinach, Peas & Broccoli + Super Chia Snack Pouch",18,3.05
12583,890,80349,Organic Diced Tomatoes,15,1.35
12583,27415,80349,Great Northern Beans,15,7.65
12584,27796,100536,Real Mayonnaise,13,0.97
12584,35600,100536,Ritz Sour Cream & Onion Toasted Chips,19,7.15
12585,25647,46338,Heirloom Tomato,4,4.3
12585,45007,46338,Organic Zucchini,4,5.08
12585,46802,46338,Pineapple Chunks,1,6.76
12585,43192,46338,Dark with 70% Cacao Content Organic Chocolate Bar,19,5.04
12586,40310,127244,Oven Roasted Turkey Breast,20,8.23
12586,5406,127244,"Triple Zero Vanilla, Blended Greek Nonfat Yogurt",16,8.34
12586,9963,127244,Ultra Thin Pepper Jack Cheese Slices,16,6.1
12586,47330,127244,Double Chocolate Hot Cocoa Mix,7,6.99
12586,10388,127244,Classic Mixed Vegetables,1,11.96
12587,33120,44227,Organic Egg Whites,16,5.33
12588,43192,203557,Dark with 70% Cacao Content Organic Chocolate Bar,19,5.04
12588,260,203557,Cantaloupe,4,3.01
12588,39667,203557,Natural Shiitake Sesame Vinaigrette Dressing,13,3.06
12589,26209,44992,Limes,4,4.37
12590,17789,44217,Soy Free Buttery Spread,16,11.19
12592,45064,90578,Honey Wheat Bread,3,1.52
12592,32727,90578,Reduced Fat 4 Cheese Mexican Shredded Cheese,16,5.27
12592,47120,90578,Chicken Flavored Mexican Rice,9,2.37
12596,26209,199005,Limes,4,4.37
12596,47630,199005,Medium Navel Orange,4,5.6
12600,19972,56014,Semi-Sweet Chocolate Morsels,13,2.43
12601,34969,148566,Red Vine Tomato,4,9.25
12601,18653,148566,Super Shreds Superfood Brussels Sprouts,4,12.12
12603,38508,202989,Lightly Salted Kettle Potato Chips - Sea Salt,19,4.06
12609,38610,72223,Vanilla Spice Perfect Energy,7,2.29
12609,38817,72223,Sugarfree,7,2.12
12613,12919,99005,Coconut Sparkling Water,7,12.1
12613,10191,99005,Dunkin' Dark Roast Coffee Ground,7,11.32
12613,15925,99005,Macaroni and Cheese,1,9.5
12613,7606,99005,Greek 100 Protein Vanilla Fat Free Yogurt,16,4.2
12613,3223,99005,Garden Veggie Chips Sour Cream & Onion,19,7.16
12614,33540,5502,Whole Grain Organic Blueberry Waffles,1,4.77
12615,30753,165287,Organic Red Lentil Penne,9,2.58
12617,43017,156350,Pasta Joy Ready Brown Rice Pasta Lasagne,9,6.69
12617,15842,156350,Dairy Free Coconut Milk Yogurt Alternative,16,7.67
12617,45081,156350,Gluten-Free Pancake Mix,14,11.26
12617,32578,156350,Organic Fresh Squeezed Orange Juice,7,6.19
12618,20842,98893,Total 0% Greek Yogurt,16,9.2
12619,12312,42897,Lavender Hand Soap,11,11.33
12620,29015,62148,Honey Bunches of Oats Roasted Oats,14,10.54
12621,23765,21191,Organic Smoked Turkey Breast,20,10.28
12622,37468,61454,Rich and Creamy Vanilla Frosting,13,9.68
12622,35748,61454,Rainbow Jimmies Sprinkles,13,4.88
12623,19102,142728,White Albacore In Water Tuna,15,4.98
12623,25691,142728,Original Life Cereal,14,4.24
12623,27796,142728,Real Mayonnaise,13,0.97
12623,19003,142728,Celery,4,5.68
12623,25839,142728,Froot Loops Cereal,14,10.54
12623,12984,142728,Trix Cereal,14,4.12
12623,31173,142728,Original Enriched Parboiled Long Grain Rice,9,4.52
12624,15820,79061,Cafe Cuisine Sesame Chicken,1,4.26
12624,23296,79061,Blueberry on the Bottom Nonfat Greek Yogurt,16,2.27
12624,29925,79061,Sourdough Hearty Sliced Bread,3,8.52
12625,14437,136831,Total Greek Yogurt With Honey,16,6.44
12629,21683,33555,Organic Multigrain English Muffins,3,7.64
12631,5450,52222,Small Hass Avocado,4,5.77
12631,13431,52222,Flaky Biscuits,13,1.83
12631,38250,52222,Cheddar Squares Cheddar Squares,19,4.43
12635,22124,14990,Total 0% Raspberry Yogurt,16,9.08
12635,11068,14990,Medium Cheddar Cheese Block,16,1.9
12635,41259,14990,Poblano Pepper,4,10.56
12636,14870,127010,Icelandic Style Fat Free Plain Yogurt,16,4.27
12636,46802,127010,Pineapple Chunks,1,6.76
12637,19003,160556,Celery,4,5.68
12637,20483,160556,Cherry Flavored Allergy,11,7.0
12637,49352,160556,Natural Extra Sharp Cheddar Cheese,16,8.82
12638,13733,9007,Red Potatoes,4,4.73
12638,45007,9007,Organic Zucchini,4,5.08
12639,25552,12664,Organic Steel Cut Oats,14,4.64
12640,6473,118348,Bag of Lemons,4,6.98
12640,47866,118348,Jalapeno Potato Chips,19,12.02
12640,40900,118348,Single Serve Kona Blend Roast Medium Coffee K-Cups,7,2.93
12641,1194,191334,Natural Artisan Water,7,7.42
12641,2452,191334,Naturals Chicken Nuggets,1,1.24
12642,23054,62354,Whole Wheat Sourdough,3,2.06
12642,781,62354,Organic Shredded Mild Cheddar,16,2.78
12646,39408,199824,Gala Apples,4,4.03
12646,26209,199824,Limes,4,4.37
12648,45674,11210,Antioxidant Infusions Molokai Coconut,7,11.19
12648,7963,11210,Gluten Free Whole Grain Bread,1,4.53
12648,14870,11210,Icelandic Style Fat Free Plain Yogurt,16,4.27
12648,12053,11210,Panama Peach Antioxidant Infusion,7,3.45
12648,4145,11210,Organic Chicken Breast In Water,15,10.97
12653,46990,134701,Ground Buffalo,12,10.44
12654,18656,141290,Organic Red Potato,4,1.93
12654,36070,141290,"Super Spinach! Baby Spinach, Baby Bok Choy, Sweet Baby Kale",4,4.34
12655,45007,175813,Organic Zucchini,4,5.08
12656,42736,171039,Unsalted Butter,16,9.28
12658,1117,64981,Turkey Bacon,12,11.85
12659,28465,210,Icelandic Style Skyr Blueberry Non-fat Yogurt,16,8.32
12660,26172,95565,Light Sour Cream,16,7.26
12660,13249,95565,Skim Milk,16,9.33
12660,48527,95565,Avocado,4,12.54
12660,43183,95565,Deli Fresh Shaved Smoked Turkey Breast,20,12.45
12660,35124,95565,Southwest Chopped Salad Kit with Dressing,4,6.97
12663,49667,172656,Enchilada with Spanish Rice & Beans Meal,1,10.34
12663,44371,172656,Alaskan Salmon Burgers,1,11.21
12663,26629,172656,Cherry Pie Fruit & Nut Bar,19,1.38
12664,26209,48767,Limes,4,4.37
12664,6473,48767,Bag of Lemons,4,6.98
12667,27662,181456,Large Grade AA Cage Free Eggs,16,11.86
12667,21933,181456,Clover Honey Squeeze Bottle,13,4.48
12667,7751,181456,Tomato Ketchup,13,1.99
12669,26209,131306,Limes,4,4.37
12669,6278,131306,Coconut Cream,6,4.21
12669,13733,131306,Red Potatoes,4,4.73
12673,41765,113585,Club Sandwich Variety Pack,20,1.88
12674,20708,78037,Traditional New England Clam Chowder Soup,15,8.29
12674,47434,78037,Beef Flavor Cup Noodles,6,8.36
12676,1202,38344,Organic Whole Grain Oatmeal Cereal Baby Food,18,9.64
12677,23985,76018,Baby Eggplant,4,1.55
12678,45007,86384,Organic Zucchini,4,5.08
12678,26209,86384,Limes,4,4.37
12679,36735,67106,Organic Roasted Sliced Chicken Breast,20,10.42
12679,45007,67106,Organic Zucchini,4,5.08
12679,16759,67106,Organic Carrot Bunch,4,4.17
12680,22124,92239,Total 0% Raspberry Yogurt,16,9.08
12681,36618,52765,"12\"" Aluminium Foil",17,6.84
12681,42736,52765,Unsalted Butter,16,9.28
12682,26209,148724,Limes,4,4.37
12682,46802,148724,Pineapple Chunks,1,6.76
12682,45007,148724,Organic Zucchini,4,5.08
12682,16759,148724,Organic Carrot Bunch,4,4.17
12683,2962,68206,"Milk, Reduced Fat, 2% Milkfat",16,8.89
12683,19677,68206,Original Pure Creamy Almond Milk,16,6.4
12684,6985,103469,Alfredo Sauce,9,11.07
12689,20994,121291,Chinotto,7,12.09
12690,45007,76725,Organic Zucchini,4,5.08
12690,8321,76725,Italian Blend Fancy Shredded Cheese,16,2.39
12690,758,76725,No Sugar Added The Original Fudge Pops,1,11.67
12691,34969,83633,Red Vine Tomato,4,9.25
12692,22563,23001,Deluxe Extra Strong & Deep Foam Plates,17,6.94
12692,30751,23001,All-Purpose Flour,13,9.34
12692,30623,23001,Unsweetened 100% Cocoa,13,11.86
12693,32442,128169,Organic Original Tofu Veggie Burger,20,11.35
12694,30696,45160,Eggo Homestyle Waffles,1,6.45
12697,35742,184723,Honey Crunchy Flavor Corn Dogs 6 Count,1,7.19
12701,43740,120021,Sparkling Probiotic Drink Coconut,7,10.33
12704,5450,42480,Small Hass Avocado,4,5.77
12704,23765,42480,Organic Smoked Turkey Breast,20,10.28
12706,39046,28866,Smok Cured Turkey Bacon,12,6.84
12710,42475,176152,Unsalted Butter Quarters,16,2.61
12712,36070,13127,"Super Spinach! Baby Spinach, Baby Bok Choy, Sweet Baby Kale",4,4.34
12713,41729,80682,Sweet Grape Tomatoes,4,10.48
12715,18027,30542,Ezekiel 4:9 Bread Organic Sprouted Whole Grain,3,11.3
12715,1194,30542,Natural Artisan Water,7,7.42
12717,33527,29979,Organic Classic Rich Crackers,19,7.46
12717,260,29979,Cantaloupe,4,3.01
12718,2664,30675,First Prunes,18,3.44
12718,33527,30675,Organic Classic Rich Crackers,19,7.46
12719,44663,35220,Naturals Lite Goddess Dressing,13,0.88
12721,42345,11216,Baby Food Pouch - Roasted Carrot Spinach & Beans,18,4.39
12725,28465,68257,Icelandic Style Skyr Blueberry Non-fat Yogurt,16,8.32
12725,43662,68257,"Yogurt, Strained Low-Fat, Coconut",16,11.87
12725,36500,68257,Organic Beef Stew Baby Food Stage 3 Pouch,18,6.54
12725,28946,68257,Yogurt Tubes Blueberry,16,0.9
12725,47380,68257,New York Style Nova Lox,12,8.72
12725,4163,68257,Spanish Rice Pilaf Mix,9,7.87
12725,11354,68257,Spinach Florentine Ravioli,9,3.15
12727,34214,137343,Pesto Pizza,1,5.46
12727,26604,137343,Organic Blackberries,4,8.08
12727,35948,137343,Tonic Water,7,7.7
12728,35042,191250,Black Beans,15,5.95
12728,6638,191250,Organic Brown Rice Crisps Cereal,14,1.39
12728,4518,191250,Organic Pomegranate,4,0.94
12729,45064,71077,Honey Wheat Bread,3,1.52
12731,10,88483,Sparkling Orange Juice & Prickly Pear Beverage,7,7.1
12732,45210,164668,Organic Greek Lowfat Yogurt With Blueberries,16,5.69
12733,16490,108351,Old Fashioned Whole Wheat Bread,3,1.52
12735,45007,12050,Organic Zucchini,4,5.08
12738,5450,87912,Small Hass Avocado,4,5.77
12738,6568,87912,Snacks Mango,19,8.66
12739,39024,117944,Edamame In Pod,1,5.6
12740,6933,66241,Strained Whole-Milk Yogurt Blueberry,16,11.85
12742,37009,199763,Honey Mustard & Onion Deli Style Pretzel Crisps,19,7.06
12742,39055,199763,Mild Salsa Roja,20,12.54
12747,7606,39706,Greek 100 Protein Vanilla Fat Free Yogurt,16,4.2
12747,11432,39706,Chopped Kale,4,9.06
12747,10357,39706,California Almond Ice Cream,1,5.24
12748,31511,26086,Variety Pack Sandwich Cookies,19,8.24
12748,26604,26086,Organic Blackberries,4,8.08
12750,45866,97433,Fig Newmans Fruit Filled Cookies,19,2.46
12752,16398,138248,Guava Goddess Organic Kambucha,7,1.59
12752,47873,138248,Sparkling Probiotic Drink Mango Coconut,7,12.37
12752,8138,138248,Traditional Hummus,20,2.75
12755,5068,28479,Cauliflower Florets,4,5.04
12756,47211,160773,Kettle Cooked Potato Chips Original,19,3.65
12756,36906,160773,Sweet Potato Hash Browns,1,11.84
12758,33316,158562,Lemongrass & Clementine Zest Natural Dish Liquid,17,0.96
12758,4675,158562,Boniato Sweet Potato,4,9.16
12762,45007,113121,Organic Zucchini,4,5.08
12762,24830,113121,Organic Romaine,4,10.27
12762,14267,113121,Organic Refried Black Beans,15,9.37
12762,47965,113121,TLC Cherry Dark Chocolate Chewy Granola,19,7.49
12763,10529,38495,Mini Whole Grain Waffles,1,3.17
12766,42475,119897,Unsalted Butter Quarters,16,2.61
12766,45260,119897,Organic Virgin Coconut Oil,13,5.45
12766,17924,119897,Seltzer Water,7,3.66
12767,6104,75364,Whole Milk Plain Yogurt,16,1.76
12769,24830,131716,Organic Romaine,4,10.27
12769,43621,131716,Chik'n Patties,1,12.48
12772,45007,194400,Organic Zucchini,4,5.08
12775,7963,145702,Gluten Free Whole Grain Bread,1,4.53
12776,34969,126955,Red Vine Tomato,4,9.25
12777,42240,133298,Ultra Soft Facial Tissues,17,12.0
12779,46584,51074,YoKids Blueberry & Strawberry/Vanilla Yogurt,16,8.82
12779,25946,51074,Organic Vanilla Bean Ice Cream Sandwich,1,4.32
12779,17044,51074,French Baguette,3,6.85
12781,28465,18685,Icelandic Style Skyr Blueberry Non-fat Yogurt,16,8.32
12783,28915,120116,Penne Lisce,9,7.53
12783,8138,120116,Traditional Hummus,20,2.75
12783,260,120116,Cantaloupe,4,3.01
12783,34969,120116,Red Vine Tomato,4,9.25
12783,42736,120116,Unsalted Butter,16,9.28
12783,26209,120116,Limes,4,4.37
12785,1503,52889,Low Fat Cottage Cheese,16,1.45
12785,12779,52889,Spaghetti Squash,4,5.49
12785,2535,52889,Shaved Parmesan,16,9.81
12788,33575,29659,Dairy Free French Vanilla Coconut Milk Creamer,16,8.48
12790,47630,179937,Medium Navel Orange,4,5.6
12791,22089,176855,Vitamin D Milk,16,12.21
12791,31215,176855,Lemon Yogurt,16,10.41
12791,49247,176855,Coconut Yoghurt,16,4.8
12793,5450,15322,Small Hass Avocado,4,5.77
12793,45007,15322,Organic Zucchini,4,5.08
12794,45007,181663,Organic Zucchini,4,5.08
12796,45007,82929,Organic Zucchini,4,5.08
12797,30396,95513,Take & Toss Spill Proof 9 M+ Cups,18,7.73
12797,22124,95513,Total 0% Raspberry Yogurt,16,9.08
12797,5013,95513,Nutty for 'Nana Low-Fat Greek Yogurt,16,9.29
12797,26604,95513,Organic Blackberries,4,8.08
12797,43772,95513,Cherubs Heavenly Salad Tomatoes,4,1.15
12797,23292,95513,Flavor Full Buffalo Cauliflower,1,8.63
12798,46562,27770,Sweet & Salty Nut Granola Bars Peanut,19,3.56
12799,47141,14781,Cola,7,5.77
12802,26209,103111,Limes,4,4.37
12804,26177,35490,Organic Honey Nut O's Cereal,14,3.76
12805,38426,18698,Organic Cotton Balls,11,7.36
12805,46820,18698,Vanilla Pure Almond Milk,16,11.94
12805,46802,18698,Pineapple Chunks,1,6.76
12807,23296,171309,Blueberry on the Bottom Nonfat Greek Yogurt,16,2.27
12809,45683,90428,Heavy Duty Scrub Sponge,17,9.11
12810,8138,168811,Traditional Hummus,20,2.75
12811,16759,130277,Organic Carrot Bunch,4,4.17
12814,32700,57530,Original Whipped Cream,16,0.94
12814,9458,57530,Classic Lemonade,7,8.43
12816,19173,21929,Orange Calcium & Vitamin D Pulp Free,7,11.11
12817,26209,153989,Limes,4,4.37
12817,49621,153989,Challah Bread,3,5.17
12817,45007,153989,Organic Zucchini,4,5.08
12818,45874,56748,Little Champions Variety Pack,8,4.19
12821,20463,194495,Organic Fat-Free Milk,16,1.48
12821,35315,194495,Premium Green Tea,7,9.63
12822,3318,94384,Cinnamon Swirl Raisin Bread,3,4.94
12822,31564,94384,Crackers,19,1.11
12822,34969,94384,Red Vine Tomato,4,9.25
12822,41602,94384,Deli Select Ultra Thin Honey Ham,20,4.95
12822,3177,94384,Thick Spaghetti Pasta,9,1.79
12823,42500,105913,Orange & Lemon Flavor Variety Pack Sparkling Fruit Beverage,7,6.51
12825,5258,47084,Sparkling Water,7,10.95
12825,28413,47084,Bunny-Luv Organic Carrots,4,7.3
12827,6567,50591,Chocolate Peanut Butter Protein Bar,19,4.83
12828,29270,131868,Beet Apple Carrot Lemon Ginger Organic Cold Pressed Juice Beverage,7,5.56
12828,9955,131868,Unsweetened Organic Coconut Milk,16,6.48
12830,26209,198305,Limes,4,4.37
12832,46802,72615,Pineapple Chunks,1,6.76
12832,39408,72615,Gala Apples,4,4.03
12836,10527,34038,Whipped Butter,16,3.95
12839,49248,84859,Organic Farro,9,10.26
12841,18460,170700,Brussel Sprouts,4,3.07
12841,31564,170700,Crackers,19,1.11
12841,30696,170700,Eggo Homestyle Waffles,1,6.45
12841,16494,170700,Double Zipper Gallon Freezer Bags,17,0.98
12841,45259,170700,Clean Breeze High Efficiency Liquid Laundry Detergent,17,8.78
12841,42240,170700,Ultra Soft Facial Tissues,17,12.0
12843,17044,80450,French Baguette,3,6.85
12844,16409,37362,Purity Cold Pressed Juice,7,8.44
12848,44089,158898,Concord Grape Juice,7,11.36
12848,46820,158898,Vanilla Pure Almond Milk,16,11.94
12848,12572,158898,6 OZ LA PANZANELLA CROSTINI ORIGINAL CRACKERS,19,1.78
12848,26604,158898,Organic Blackberries,4,8.08
12849,16398,155618,Guava Goddess Organic Kambucha,7,1.59
12850,26209,94652,Limes,4,4.37
12850,38456,94652,Large Grapefruit,4,3.38
12850,3464,94652,"Organic Butterhead (Boston, Butter, Bibb) Lettuce",4,9.0
12850,24830,94652,Organic Romaine,4,10.27
12851,18656,109095,Organic Red Potato,4,1.93
12855,11323,50683,Medium Roast Extra Bold K-Cup Packs Coffee,7,1.24
12855,31564,50683,Crackers,19,1.11
12857,4149,1274,Frozen Organic Blueberries,4,11.59
12857,46802,1274,Pineapple Chunks,1,6.76
12859,16874,159711,Chocolate Fudge Brownie Ice Cream,1,4.04
12859,31533,159711,Spinach Feta in a Pocket Sandwich,1,2.06
12862,45007,116135,Organic Zucchini,4,5.08
12865,36086,108153,Philadelphia Original Cream Cheese,16,2.08
12865,42736,108153,Unsalted Butter,16,9.28
12865,30696,108153,Eggo Homestyle Waffles,1,6.45
12865,4163,108153,Spanish Rice Pilaf Mix,9,7.87
12865,3245,108153,Organic Stage 2 Apple Oatmeal With Cinnamon Baby Food,18,4.15
12865,39615,108153,Original Sweetened Dried Cranberries,19,8.61
12866,26209,183299,Limes,4,4.37
12866,4232,183299,"Ambrosia, Medium Roast",7,7.31
12867,26209,196408,Limes,4,4.37
12870,13733,109489,Red Potatoes,4,4.73
12870,45007,109489,Organic Zucchini,4,5.08
12874,4329,124558,Yellowfin Tuna in Pure Olive Oil,15,6.66
12878,1940,42737,Organic 2% Reduced Fat Milk,16,1.23
12878,20463,42737,Organic Fat-Free Milk,16,1.48
12878,35336,42737,Naked Green Machine Boosted Juice Smoothie,7,1.11
12882,2962,196573,"Milk, Reduced Fat, 2% Milkfat",16,8.89
12883,16759,21666,Organic Carrot Bunch,4,4.17
12883,5450,21666,Small Hass Avocado,4,5.77
12884,890,95063,Organic Diced Tomatoes,15,1.35
12884,33316,95063,Lemongrass & Clementine Zest Natural Dish Liquid,17,0.96
12885,18689,199817,Dairy-Free Chive Cream Cheese,16,10.12
12885,31127,199817,Sweet Batard,3,5.64
12888,13780,117158,Thyme,4,10.2
12889,35609,163969,Coconut Milk with Jasmine PetalsPurely Pampering Nourishing Body Wash,11,4.7
12889,40310,163969,Oven Roasted Turkey Breast,20,8.23
12889,36170,163969,Reduced Fat Original Baked Snack Crackers,19,1.11
12889,39046,163969,Smok Cured Turkey Bacon,12,6.84
12890,26604,116401,Organic Blackberries,4,8.08
12893,22703,129081,"Jack's Special, Medium Salsa",13,8.76
12893,28413,129081,Bunny-Luv Organic Carrots,4,7.3
12893,890,129081,Organic Diced Tomatoes,15,1.35
12899,30827,130489,Seedless Cucumbers,4,5.22
12902,26604,187706,Organic Blackberries,4,8.08
12902,18608,187706,WetJet Extra Power Pad Refill,17,5.28
12902,49265,187706,Milk Chocolate Candy,19,2.77
12905,18027,184974,Ezekiel 4:9 Bread Organic Sprouted Whole Grain,3,11.3
12907,7041,9185,Pecorino Romano,16,5.02
12909,45007,18650,Organic Zucchini,4,5.08
12909,26604,18650,Organic Blackberries,4,8.08
12912,19638,205177,Simply Jif Creamy Peanut Butter,13,8.98
12912,39615,205177,Original Sweetened Dried Cranberries,19,8.61
12913,30962,159011,Vanilla Greek Yogurt 0% Fat,16,12.25
12913,33527,159011,Organic Classic Rich Crackers,19,7.46
12913,57,159011,Flat Toothpicks,17,8.32
12914,16759,12807,Organic Carrot Bunch,4,4.17
12916,13249,115961,Skim Milk,16,9.33
12916,46444,115961,"8\"" Cherry Pie",3,1.31
12917,32877,34893,Yellow Zucchini,4,11.75
12917,43772,34893,Cherubs Heavenly Salad Tomatoes,4,1.15
12917,12779,34893,Spaghetti Squash,4,5.49
12917,48038,34893,Cauliflower Green,4,10.74
12917,42972,34893,Natural Pure Sparkling Water,7,4.77
12918,19003,56916,Celery,4,5.68
12920,43645,145259,"Eggs, Hard-Boiled",16,10.16
12921,18225,170233,Chocolate Hazelnut Creme De Pirouline,19,3.12
12921,36735,170233,Organic Roasted Sliced Chicken Breast,20,10.42
12922,41363,16624,Tofu Spring Roll,20,2.74
12924,28465,84581,Icelandic Style Skyr Blueberry Non-fat Yogurt,16,8.32
12924,43768,84581,Organic Bell Pepper,4,2.4
12925,34878,106907,Stackers Kosher Dill Pickles,13,6.56
12926,6104,11789,Whole Milk Plain Yogurt,16,1.76
12926,4163,11789,Spanish Rice Pilaf Mix,9,7.87
12926,35336,11789,Naked Green Machine Boosted Juice Smoothie,7,1.11
12927,26209,33863,Limes,4,4.37
12927,16840,33863,Mild Guacamole,20,2.21
12927,890,33863,Organic Diced Tomatoes,15,1.35
12927,45007,33863,Organic Zucchini,4,5.08
12929,7751,92444,Tomato Ketchup,13,1.99
12932,47966,185360,Old Fashioned Rolled Oats,14,2.74
12932,49549,185360,100% Lactose Free Ultra-Pasteurized Milk With Vitamin D,16,7.45
12933,35467,69889,Semi Sweet Chocolate Mega Chunks Dairy Nut & Soy Free,13,6.61
12936,46802,105011,Pineapple Chunks,1,6.76
12939,6104,25559,Whole Milk Plain Yogurt,16,1.76
12941,28745,196622,Oven Roasted Turkey,20,7.99
12942,21626,167449,Organic Cinnamon Raisin Granola,14,3.71
12945,13457,54921,Pad Thai Brown Rice Noodles,6,5.81
12947,27690,93450,Apple Cinnamon GoGo Squeez,19,6.29
12949,45160,16204,Original High Fiber 100% Vegetable Juice,7,5.63
12949,26209,16204,Limes,4,4.37
12952,26209,14598,Limes,4,4.37
12952,28527,14598,White Horseradish,13,12.12
12953,47792,17383,Organic Beans & Rice Cheddar Cheese Burrito,1,8.35
12955,27509,49977,Organic Seasoned Yukon Select Potatoes Hashed Browns,1,5.21
12958,26209,160722,Limes,4,4.37
12958,18656,160722,Organic Red Potato,4,1.93
12958,13780,160722,Thyme,4,10.2
12958,4149,160722,Frozen Organic Blueberries,4,11.59
12959,43488,122113,Cheese Pizza Rolls,1,7.49
12960,5258,110472,Sparkling Water,7,10.95
12962,19173,10419,Orange Calcium & Vitamin D Pulp Free,7,11.11
12963,15686,114856,Classic Pretzel Crackers,19,6.72
12965,23765,187108,Organic Smoked Turkey Breast,20,10.28
12966,18656,5745,Organic Red Potato,4,1.93
12966,12779,5745,Spaghetti Squash,4,5.49
12967,4981,178797,Parmesan and Rosemary Microwave Popcorn,19,10.97
12967,45866,178797,Fig Newmans Fruit Filled Cookies,19,2.46
12967,27690,178797,Apple Cinnamon GoGo Squeez,19,6.29
12967,38456,178797,Large Grapefruit,4,3.38
12968,33527,156505,Organic Classic Rich Crackers,19,7.46
12968,16840,156505,Mild Guacamole,20,2.21
12969,10258,103972,Pistachios,19,9.49
12970,38266,15177,Fresh Basil,4,10.07
12971,4341,138535,Lavender Conditioner,11,3.44
12972,45116,69862,Potatoes Sweet,4,1.02
12972,2369,69862,Brownie Brittle Toffee Crunch,19,6.76
12973,46820,50084,Vanilla Pure Almond Milk,16,11.94
12974,45007,172325,Organic Zucchini,4,5.08
12980,46802,160701,Pineapple Chunks,1,6.76
12980,31610,160701,Meatloaf and Mashed Potatoes,1,10.74
12980,8638,160701,Vanilla Milk Chocolate Almond Ice Cream Bars,1,8.33
12981,30696,132007,Eggo Homestyle Waffles,1,6.45
12981,28733,132007,Chicken Nuggets,1,11.03
12981,32211,132007,Whole Grains Oatnut Bread,3,8.78
12981,43409,132007,Frosted Mini-Wheats Original Cereal,14,12.46
12982,1194,113236,Natural Artisan Water,7,7.42
12982,48186,113236,Lactose Free Half & Half,16,9.32
12985,7120,52483,Organic Whole Wheat Sourdough Bread,3,7.86
12986,38562,45538,Pomegranate Arils,4,2.59
12988,6104,171781,Whole Milk Plain Yogurt,16,1.76
12989,19677,59109,Original Pure Creamy Almond Milk,16,6.4
12989,39265,59109,Ground Coriander,13,5.02
12990,26209,180214,Limes,4,4.37
12990,43768,180214,Organic Bell Pepper,4,2.4
12990,1194,180214,Natural Artisan Water,7,7.42
12991,40171,136723,Organic Sweet Vanilla Bean Nutrition Complete Protein Shake,11,4.83
12993,47630,17839,Medium Navel Orange,4,5.6
12993,45007,17839,Organic Zucchini,4,5.08
12994,7185,16136,Rosemary Mini Croccantini,19,4.79
12997,10369,46529,Organic Genoa Salami,20,2.35
12997,12614,46529,Yellow Grape Tomatoes,4,1.39
12997,48595,46529,Organic Wheat Square Crackers,19,9.0
12999,12427,43723,Original Beef Jerky,19,3.08
13001,32429,136643,Red Mango,4,3.5
13005,46770,17886,Raw Hummus,13,11.95
13007,7963,67446,Gluten Free Whole Grain Bread,1,4.53
13007,22124,67446,Total 0% Raspberry Yogurt,16,9.08
13009,781,86769,Organic Shredded Mild Cheddar,16,2.78
13009,40310,86769,Oven Roasted Turkey Breast,20,8.23
13009,10369,86769,Organic Genoa Salami,20,2.35
13010,22124,100698,Total 0% Raspberry Yogurt,16,9.08
13012,35384,200156,Adult Grain-Free & Poultry-Free Dog Food,8,5.05
13012,26604,200156,Organic Blackberries,4,8.08
13012,26209,200156,Limes,4,4.37
13012,8910,200156,Smooth Almond Butter,13,2.04
13014,26209,114776,Limes,4,4.37
13014,48595,114776,Organic Wheat Square Crackers,19,9.0
13017,260,71133,Cantaloupe,4,3.01
13018,42384,147674,Original Chili Seasoning Mix,13,6.33
13023,39814,116965,Hawaiian Style Teriyaki Chicken Bowl,1,4.39
13025,5450,197036,Small Hass Avocado,4,5.77
13026,47630,61000,Medium Navel Orange,4,5.6
13030,10842,46356,Plum Sauce,6,0.94
13031,26629,124660,Cherry Pie Fruit & Nut Bar,19,1.38
13035,13457,205745,Pad Thai Brown Rice Noodles,6,5.81
13036,17044,171790,French Baguette,3,6.85
13037,5072,151703,Dark Chocolate Raspberry Ice Cream Bars,1,3.54
13043,27796,166310,Real Mayonnaise,13,0.97
13044,24425,151119,"Freshly made pasta, rich meat sauce and Real Mozzarella cheese Lasagna with Meat & Sauce",1,8.56
13045,37193,137682,Shelled Edamame,1,1.74
13049,22069,36415,Sea Salt Caramel Frozen Greek Yogurt Bars,1,11.21
13049,7641,36415,Gluten Free Extra Crispy Fast Food French Fried Potatoes,1,3.81
13050,46802,86912,Pineapple Chunks,1,6.76
13050,10761,86912,Organic Yokids Lemonade/Blueberry Variety Pack Yogurt Squeezers Tubes,16,4.56
13050,33316,86912,Lemongrass & Clementine Zest Natural Dish Liquid,17,0.96
13056,38456,121179,Large Grapefruit,4,3.38
13056,38473,121179,Dark Coconut Toffee Organic Chocolate,19,6.98
13059,10191,91205,Dunkin' Dark Roast Coffee Ground,7,11.32
13059,43183,91205,Deli Fresh Shaved Smoked Turkey Breast,20,12.45
13059,16647,91205,Double Duty Advanced Odor Control Clumping Cat Litter,8,12.15
13060,19548,150717,Organic Lightly Roasted Crunchy Peanut Butter,13,1.58
13062,21278,52063,All Purpose Crushed Tomatoes,15,1.47
13062,20977,52063,The Natural Whipped Topping,16,9.73
13063,45007,24657,Organic Zucchini,4,5.08
13063,26209,24657,Limes,4,4.37
13063,43371,24657,Crushed Red Pepper,13,7.03
13064,42110,107957,Organic Macaroni Shells & Real Aged Cheddar,9,12.09
13064,16759,107957,Organic Carrot Bunch,4,4.17
13065,17993,200222,Shredded Colby & Monterey Jack Cheeses,16,8.89
13067,26604,59465,Organic Blackberries,4,8.08
13067,14371,59465,Organic Nonfat Milk,16,10.79
13068,36961,55754,Pink Cripps Apple,4,2.89
13068,47873,55754,Sparkling Probiotic Drink Mango Coconut,7,12.37
13068,33911,55754,Zero Calorie Cream Soda,7,7.55
13068,15567,55754,Crunchy Chickpeas Falafel,19,1.86
13071,6870,140721,Fresh Pressed Coconut Oil,13,12.22
13071,10754,140721,Apples and Plums Stage 2 Baby Food,18,5.06
13071,16508,140721,Stage 3 Hearty Meals - Chick Chick Organic Baby Food,18,11.78
13072,10761,80291,Organic Yokids Lemonade/Blueberry Variety Pack Yogurt Squeezers Tubes,16,4.56
13072,10603,80291,93% Ground Beef,12,3.6
13075,43768,99066,Organic Bell Pepper,4,2.4
13075,45007,99066,Organic Zucchini,4,5.08
13078,35292,167209,Cheese Creations Creamy Mozzarella Cheese Sauce,9,3.23
13079,46820,113323,Vanilla Pure Almond Milk,16,11.94
13079,35038,113323,Gluten Free Baking Flour,13,9.67
13079,22658,113323,Organic Curry Powder,13,9.64
13080,42972,19028,Natural Pure Sparkling Water,7,4.77
13080,18159,19028,Organic Biologique Limes,4,5.06
13082,22124,15885,Total 0% Raspberry Yogurt,16,9.08
13082,26604,15885,Organic Blackberries,4,8.08
13082,12572,15885,6 OZ LA PANZANELLA CROSTINI ORIGINAL CRACKERS,19,1.78
13084,45007,40975,Organic Zucchini,4,5.08
13086,20842,84698,Total 0% Greek Yogurt,16,9.2
13086,3464,84698,"Organic Butterhead (Boston, Butter, Bibb) Lettuce",4,9.0
13087,28785,19020,Organic Tahini,13,8.89
13089,43772,143434,Cherubs Heavenly Salad Tomatoes,4,1.15
13090,42404,126590,Multi Grain Waffles,1,12.48
13090,43409,126590,Frosted Mini-Wheats Original Cereal,14,12.46
13090,33021,126590,Reserve Cheddar Cheese,16,4.15
13090,30148,126590,Organic Stage 2 Chicken Brown Rice Baby Food,18,1.11
13091,43768,162992,Organic Bell Pepper,4,2.4
13091,36735,162992,Organic Roasted Sliced Chicken Breast,20,10.42
13091,33741,162992,Gluten Free Classic Hamburger Buns,3,10.9
13093,14005,130847,Ultimate Caesar Salad Kit,4,1.9
13095,11155,84505,Oikos Fat Free Black Cherry Greek Yogurt,16,7.26
13095,5734,84505,Pizzeria-Style Crust Supreme Speciale Pizza,1,4.83
13095,47965,84505,TLC Cherry Dark Chocolate Chewy Granola,19,7.49
13098,41488,7818,Chocolate Milk,16,4.77
13099,42475,59062,Unsalted Butter Quarters,16,2.61
13100,5488,156807,With Pineapple Pulp Free Orange Juice,7,9.04
13100,2575,156807,"Delights Chicken Sausage, Egg Whites, & Cheese English Muffin",1,1.32
13100,926,156807,Crispy Thin Crust White Pizza,1,7.03
13102,12276,114995,Chocolate Chip Cookie Dough Ice Cream,1,8.4
13102,10193,114995,Shredded Carrots,4,11.21
13104,38318,204249,Original Flavor Instant Oatmeal,14,8.98
13105,35176,50341,Cream Cheese Cream Cheese Spread,16,3.27
13106,2962,47763,"Milk, Reduced Fat, 2% Milkfat",16,8.89
13106,20842,47763,Total 0% Greek Yogurt,16,9.2
13107,28465,396,Icelandic Style Skyr Blueberry Non-fat Yogurt,16,8.32
13107,23535,396,Sea Salt Chickpeas,19,2.71
13107,19625,396,Organic Chicken & Vegetable Potstickers,1,11.18
13107,32335,396,Overnites Size 5 Diapers,18,7.17
13108,1940,21166,Organic 2% Reduced Fat Milk,16,1.23
13108,44022,21166,Original Bite Size Candies,19,8.05
13111,260,140793,Cantaloupe,4,3.01
13116,22920,105026,Roasted & Salted Shelled Pistachios,19,7.88
13118,18284,226,Homestyle Chicken Flavor Ramen Noodle Soup,9,7.63
13119,20604,197171,& Go! Hazelnut Spread + Pretzel Sticks,13,5.29
13119,2850,197171,U Curves Individually Wrapped Daily Panty Liners,11,9.9
13120,35948,111619,Tonic Water,7,7.7
13120,837,111619,California Merlot,5,6.1
13121,30702,119624,Hampshire 100% Natural Grade A Pasteurized Sour Cream,16,1.63
13121,30148,119624,Organic Stage 2 Chicken Brown Rice Baby Food,18,1.11
13124,27796,184705,Real Mayonnaise,13,0.97
13124,4277,184705,Honey Mustard Squeeze,13,8.21
13125,16518,37467,Tropicals Sugar Free 1.65 fl oz Ice Pops,1,5.45
13129,6104,14941,Whole Milk Plain Yogurt,16,1.76
13129,2962,14941,"Milk, Reduced Fat, 2% Milkfat",16,8.89
13130,18963,31760,Apple Cider Vinegar,13,9.67
13131,26209,176284,Limes,4,4.37
13131,26172,176284,Light Sour Cream,16,7.26
13134,7606,117536,Greek 100 Protein Vanilla Fat Free Yogurt,16,4.2
13135,5068,52465,Cauliflower Florets,4,5.04
13139,14131,57828,Traditional Hearty Chicken and Rotini Soup,15,10.24
13139,16874,57828,Chocolate Fudge Brownie Ice Cream,1,4.04
13140,34969,161446,Red Vine Tomato,4,9.25
13142,3464,140109,"Organic Butterhead (Boston, Butter, Bibb) Lettuce",4,9.0
13142,45007,140109,Organic Zucchini,4,5.08
13143,26604,82083,Organic Blackberries,4,8.08
13145,32500,94413,Organic Baby Food Garden Vegetables with Turkey,18,5.1
13147,42736,145553,Unsalted Butter,16,9.28
13149,13249,169712,Skim Milk,16,9.33
13149,38772,169712,Provolone,16,1.84
13151,1117,79409,Turkey Bacon,12,11.85
13154,22683,135807,Original Real Live Chocolate,19,7.12
13155,26604,103218,Organic Blackberries,4,8.08
13156,39408,111467,Gala Apples,4,4.03
13157,48595,184061,Organic Wheat Square Crackers,19,9.0
13158,48370,189669,Sensitive Toilet Paper,17,9.33
13158,16759,189669,Organic Carrot Bunch,4,4.17
13163,26209,143037,Limes,4,4.37
13165,25199,196015,Classic Chicken Salad,20,4.26
13165,49519,196015,Raspberry Essence Water,7,10.84
13167,8138,72136,Traditional Hummus,20,2.75
13167,39781,72136,Original 7 Grain Crackers,19,6.08
13167,10369,72136,Organic Genoa Salami,20,2.35
13167,32442,72136,Organic Original Tofu Veggie Burger,20,11.35
13167,42736,72136,Unsalted Butter,16,9.28
13167,37193,72136,Shelled Edamame,1,1.74
13167,26209,72136,Limes,4,4.37
13170,43338,153736,Pyramid Black Tea Bags,7,3.76
13170,2962,153736,"Milk, Reduced Fat, 2% Milkfat",16,8.89
13172,45599,102501,Organic Strawberry Lemonade Fruit Juice Drink,7,6.8
13172,35907,102501,California Black Bread,3,5.26
13172,34166,102501,Organic Shredded Parmesan,16,8.84
13174,40310,27557,Oven Roasted Turkey Breast,20,8.23
13174,26172,27557,Light Sour Cream,16,7.26
13174,13249,27557,Skim Milk,16,9.33
13175,47866,199854,Jalapeno Potato Chips,19,12.02
13176,6999,142234,Organic Fresh Pressed Pure Lemon Juice,7,7.32
13177,26604,179715,Organic Blackberries,4,8.08
13178,27684,25517,Peanut Butter Chocolate Chip Vegan Cookie Dough,13,7.28
13179,11961,176093,Organic Nuts & Vanilla Beverage,7,8.66
13184,2596,203656,Lemon Cake Ice Cream,1,2.8
13185,34969,121836,Red Vine Tomato,4,9.25
13189,12919,115985,Coconut Sparkling Water,7,12.1
13190,28785,55104,Organic Tahini,13,8.89
13190,16145,55104,Organic Cannellini Beans,15,5.1
13190,26209,55104,Limes,4,4.37
13190,45007,55104,Organic Zucchini,4,5.08
13191,13113,151862,Organic Apple Juice Boxes,7,9.79
13192,26209,176297,Limes,4,4.37
13192,4977,176297,Mushroom Barley Soup,20,8.5
13194,18027,9227,Ezekiel 4:9 Bread Organic Sprouted Whole Grain,3,11.3
13194,34969,9227,Red Vine Tomato,4,9.25
13194,35065,9227,Orange Strawberry Banana Juice,7,2.03
13196,43772,157185,Cherubs Heavenly Salad Tomatoes,4,1.15
13198,11432,18679,Chopped Kale,4,9.06
13199,26209,189246,Limes,4,4.37
13199,38456,189246,Large Grapefruit,4,3.38
13202,40310,80061,Oven Roasted Turkey Breast,20,8.23
13202,19677,80061,Original Pure Creamy Almond Milk,16,6.4
13202,11068,80061,Medium Cheddar Cheese Block,16,1.9
13205,27464,59640,Direct Trade House Blend Medium Roast Ground Coffee,7,11.02
13206,27662,56525,Large Grade AA Cage Free Eggs,16,11.86
13206,34861,56525,Beets Bunch,4,1.06
13208,48099,42423,Truffle Parmesan Macaroni & Cheese Bowl,1,9.05
13208,37733,42423,Uncured Pepperoni Mini Pizza Bagels Frozen Snacks,1,4.16
13208,38250,42423,Cheddar Squares Cheddar Squares,19,4.43
13211,40974,65098,Chopped Garlic,13,6.81
13213,15366,147017,Blueberry Soy Yogurt,16,7.71
13214,26604,162473,Organic Blackberries,4,8.08
13214,26209,162473,Limes,4,4.37
13215,33120,107592,Organic Egg Whites,16,5.33
13215,18689,107592,Dairy-Free Chive Cream Cheese,16,10.12
13215,12919,107592,Coconut Sparkling Water,7,12.1
13215,48335,107592,Chocolate Brownie Energy Bar,19,11.61
13215,47885,107592,Black Bean Salad,20,11.99
13215,34079,107592,Oatmeal Blueberry & Hazelnut Cup,14,5.77
13215,28785,107592,Organic Tahini,13,8.89
13216,1747,198896,Teriyaki Beef Jerky,19,6.84
13218,45007,41976,Organic Zucchini,4,5.08
13220,43662,150701,"Yogurt, Strained Low-Fat, Coconut",16,11.87
13221,36735,197303,Organic Roasted Sliced Chicken Breast,20,10.42
13223,48144,44903,Tater Tots,1,1.22
13224,40589,141217,Lemonlime Electrolyte Tabs,7,3.78
13225,33503,51064,Zucchini Banana & Amaranth Organic Baby Food,18,3.23
13226,11304,127525,Ground Black Silk Dark Coffee,7,5.82
13226,35271,127525,100% Colombian Ground Medium Dark Coffee,7,2.54
13226,27796,127525,Real Mayonnaise,13,0.97
13226,10060,127525,Original BBQ Sauce,13,8.23
13226,7751,127525,Tomato Ketchup,13,1.99
13226,35383,127525,Classic White Bread,3,6.03
13226,22090,127525,Corn De Maiz Blanco Tortillas,3,8.11
13226,42736,127525,Unsalted Butter,16,9.28
13227,19677,95160,Original Pure Creamy Almond Milk,16,6.4
13227,26604,95160,Organic Blackberries,4,8.08
13231,17044,32667,French Baguette,3,6.85
13233,25705,78806,Butterhead Lettuce,4,0.98
13233,34969,78806,Red Vine Tomato,4,9.25
13233,18471,78806,Organic Light Agave Nectar,13,0.93
13236,13097,137126,Fresh Cut Butternut Squash,4,10.69
13236,890,137126,Organic Diced Tomatoes,15,1.35
13240,18027,46749,Ezekiel 4:9 Bread Organic Sprouted Whole Grain,3,11.3
13240,5258,46749,Sparkling Water,7,10.95
13240,21626,46749,Organic Cinnamon Raisin Granola,14,3.71
13240,21614,46749,Crackers Harvest Whole Wheat,19,2.38
13240,24535,46749,Plain Whole Milk Yogurt,16,6.17
13242,22920,178209,Roasted & Salted Shelled Pistachios,19,7.88
13243,26172,104088,Light Sour Cream,16,7.26
13244,16759,157045,Organic Carrot Bunch,4,4.17
13244,38996,157045,Grape Tomatoes,4,4.64
13244,45007,157045,Organic Zucchini,4,5.08
13245,890,141782,Organic Diced Tomatoes,15,1.35
13245,8056,141782,Berry Bounty Trail Mix,19,8.47
13249,46584,101442,YoKids Blueberry & Strawberry/Vanilla Yogurt,16,8.82
13254,46992,88069,Real Cheddar Baked Cheese Puffs,19,3.16
13254,34969,88069,Red Vine Tomato,4,9.25
13254,12250,88069,EF California White Basmati Eco-Farmed 2 lb Rice,9,8.48
13254,26209,88069,Limes,4,4.37
13256,45210,38767,Organic Greek Lowfat Yogurt With Blueberries,16,5.69
13256,21469,38767,Honest T Mango White Tea,7,4.63
13256,15693,38767,Organic Peach Oo La Long Tea,7,9.36
13256,8279,38767,Honeysuckle Nectarine Probiotic Tea Tonic,7,7.73
13256,26629,38767,Cherry Pie Fruit & Nut Bar,19,1.38
13257,38772,17450,Provolone,16,1.84
13258,43772,155252,Cherubs Heavenly Salad Tomatoes,4,1.15
13259,45007,103737,Organic Zucchini,4,5.08
13261,26604,26714,Organic Blackberries,4,8.08
13261,45007,26714,Organic Zucchini,4,5.08
13261,43768,26714,Organic Bell Pepper,4,2.4
13262,30878,77646,Organic Chopped Ginger,13,1.6
13262,890,77646,Organic Diced Tomatoes,15,1.35
13262,18656,77646,Organic Red Potato,4,1.93
13263,28520,160351,DairyPure Fat Free Milk,16,2.53
13263,46584,160351,YoKids Blueberry & Strawberry/Vanilla Yogurt,16,8.82
13263,48595,160351,Organic Wheat Square Crackers,19,9.0
13268,28635,24565,0% Greek Yogurt Black Cherry on the Bottom,16,7.7
13268,2639,24565,Lemon Blended Non-Fat Greek Yogurt,16,4.24
13269,7092,57851,Melatonin NutraSpray Sublingual Orange Flavor,2,11.02
13269,890,57851,Organic Diced Tomatoes,15,1.35
13270,47141,19227,Cola,7,5.77
13272,33624,166681,Splash Tropical Blend Juice,7,10.7
13273,38439,54772,Mara Natha Organic Peanut Butter Creamy,13,12.09
13276,10888,114966,Organic Gummy Worms,19,11.12
13276,4714,114966,Dark Chocolate Crunch,19,5.55
13276,38996,114966,Grape Tomatoes,4,4.64
13277,28963,7701,Naked Sponges - 2 CT,17,1.05
13279,24830,3242,Organic Romaine,4,10.27
13279,33709,3242,All Natural Medium Fire-Roasted Tomato & Jalapeno Salsa,13,4.1
13280,20842,182129,Total 0% Greek Yogurt,16,9.2
13280,46584,182129,YoKids Blueberry & Strawberry/Vanilla Yogurt,16,8.82
13281,45007,183497,Organic Zucchini,4,5.08
13281,26604,183497,Organic Blackberries,4,8.08
13281,1025,183497,Organic Fresh Basil,4,11.34
13283,7041,74198,Pecorino Romano,16,5.02
13285,39024,153981,Edamame In Pod,1,5.6
13285,46252,153981,Original Thin Rye Crispbread,19,7.26
13287,45051,68741,Pub Mix,19,8.23
13290,37066,151645,Original Cherry Orchard Yogurt,16,9.7
13290,44318,151645,Vanilla Latte Chilled Espresso Beverage,2,3.11
13290,13706,151645,Caramel Macchiato Latte,7,11.17
13290,10527,151645,Whipped Butter,16,3.95
13290,28749,151645,Clasico Instant Coffee,7,5.59
13290,8838,151645,French Bread Pizza Deluxe,1,11.65
13290,17096,151645,Mixed Fruit in 100% Cherry  Juice,15,10.62
13290,18225,151645,Chocolate Hazelnut Creme De Pirouline,19,3.12
13294,16759,147307,Organic Carrot Bunch,4,4.17
13294,19393,147307,Balsamic Dressing & Marinade,13,6.62
13295,12276,10159,Chocolate Chip Cookie Dough Ice Cream,1,8.4
13296,40268,201274,Organic Wheat-Free & Gluten-Free Original Crackers,19,3.71
13299,15693,13523,Organic Peach Oo La Long Tea,7,9.36
13301,29270,157891,Beet Apple Carrot Lemon Ginger Organic Cold Pressed Juice Beverage,7,5.56
13303,45007,67080,Organic Zucchini,4,5.08
13304,8080,177663,Lime Ranch Avocado Oil Potato Chips,19,10.29
13305,36961,169629,Pink Cripps Apple,4,2.89
13307,36968,70708,Organics Big Bird's Apple 100% Juice,7,4.85
13307,17021,70708,Baked Mini Beef Meatballs,1,9.94
13307,26604,70708,Organic Blackberries,4,8.08
13307,48595,70708,Organic Wheat Square Crackers,19,9.0
13307,26209,70708,Limes,4,4.37
13308,49519,98682,Raspberry Essence Water,7,10.84
13309,23804,1901,Organic Icelandic Key Lime Yogurt,16,10.6
13309,49247,1901,Coconut Yoghurt,16,4.8
13309,8138,1901,Traditional Hummus,20,2.75
13310,46802,132235,Pineapple Chunks,1,6.76
13312,24957,79357,Roasted Giant Corn,19,6.18
13314,30958,198045,Honey Mustard and Onion Pretzels Pieces,19,7.24
13314,11853,198045,Instant Action Clumping Litter,8,3.7
13316,26209,200790,Limes,4,4.37
13317,17789,164359,Soy Free Buttery Spread,16,11.19
13319,6104,189116,Whole Milk Plain Yogurt,16,1.76
13319,5450,189116,Small Hass Avocado,4,5.77
13319,6069,189116,Maple Pumpkin Seeds with Sea Salt Chewy with a Crunch Granola Bars,19,7.32
13319,2664,189116,First Prunes,18,3.44
13320,16759,100241,Organic Carrot Bunch,4,4.17
13321,26604,168173,Organic Blackberries,4,8.08
13321,17025,168173,Country Dijon Mustard,13,8.15
13322,7963,13656,Gluten Free Whole Grain Bread,1,4.53
13322,35383,13656,Classic White Bread,3,6.03
13322,14437,13656,Total Greek Yogurt With Honey,16,6.44
13324,47966,6077,Old Fashioned Rolled Oats,14,2.74
13325,33540,174276,Whole Grain Organic Blueberry Waffles,1,4.77
13325,22069,174276,Sea Salt Caramel Frozen Greek Yogurt Bars,1,11.21
13326,38343,125757,Salsa de Chile Fresco,15,2.32
13327,18656,72709,Organic Red Potato,4,1.93
13327,12462,72709,Protein PLUS Vanilla Bean Protein Shake,7,8.01
13327,32578,72709,Organic Fresh Squeezed Orange Juice,7,6.19
13327,26168,72709,Newman O's Creme Filled Mint Chocolate Cookies,19,5.37
13328,26209,63869,Limes,4,4.37
13330,45007,114268,Organic Zucchini,4,5.08
13330,41259,114268,Poblano Pepper,4,10.56
13333,49621,180075,Challah Bread,3,5.17
13333,13249,180075,Skim Milk,16,9.33
13335,47141,141822,Cola,7,5.77
13336,18689,48813,Dairy-Free Chive Cream Cheese,16,10.12
13336,43621,48813,Chik'n Patties,1,12.48
13340,24535,170217,Plain Whole Milk Yogurt,16,6.17
13343,20842,142020,Total 0% Greek Yogurt,16,9.2
13346,44133,51978,Sundried Tomatoes in Olive Oil,15,2.64
13346,12614,51978,Yellow Grape Tomatoes,4,1.39
13346,45007,51978,Organic Zucchini,4,5.08
13349,26209,106310,Limes,4,4.37
13349,29577,106310,Prepared Cheese Product Slices,16,3.57
13349,14645,106310,De Mexico,7,11.72
13352,24830,169638,Organic Romaine,4,10.27
13353,45007,17108,Organic Zucchini,4,5.08
13353,3469,17108,Organic Vegetarian Mild Refried Beans With Green Chiles,15,5.89
13353,28946,17108,Yogurt Tubes Blueberry,16,0.9
13353,41956,17108,Aduki Beans,15,6.63
13353,23554,17108,Organic Vanilla Bean Ice Cream,1,6.65
13354,4981,157786,Parmesan and Rosemary Microwave Popcorn,19,10.97
13354,18027,157786,Ezekiel 4:9 Bread Organic Sprouted Whole Grain,3,11.3
13354,41806,157786,Organic Greek Whole Milk Blended Strawberry Yogurt,16,7.97
13354,33107,157786,Homestyle Meals Organic Baby Food,18,5.81
13356,5258,101145,Sparkling Water,7,10.95
13360,43286,64680,Fruit & Nuts in Yogurt Fruit & Nut Bar,19,11.94
13360,22548,64680,Coldbrew Coffee Pops,1,5.89
13361,35176,71967,Cream Cheese Cream Cheese Spread,16,3.27
13362,31127,16976,Sweet Batard,3,5.64
13364,29978,38464,Flushable Moist Wipes,11,3.3
13364,38610,38464,Vanilla Spice Perfect Energy,7,2.29
13364,47965,38464,TLC Cherry Dark Chocolate Chewy Granola,19,7.49
13364,16072,38464,Sport Chocolate Peanut Butter Protein Bar,19,6.96
13364,5934,38464,153; Double Chocolate Brownie Bites 5.3 Oz,19,2.13
13366,26209,124064,Limes,4,4.37
13366,890,124064,Organic Diced Tomatoes,15,1.35
13367,260,202217,Cantaloupe,4,3.01
13367,44663,202217,Naturals Lite Goddess Dressing,13,0.88
13367,42110,202217,Organic Macaroni Shells & Real Aged Cheddar,9,12.09
13368,33120,37804,Organic Egg Whites,16,5.33
13369,45007,44676,Organic Zucchini,4,5.08
13371,5450,149809,Small Hass Avocado,4,5.77
13372,19003,189089,Celery,4,5.68
13375,13097,180365,Fresh Cut Butternut Squash,4,10.69
13380,13113,156213,Organic Apple Juice Boxes,7,9.79
13381,26293,191280,Organic Tart Cherry Juice,7,10.5
13385,17160,161501,Smooth & Creamy Organic Lowfat French Vanilla Yogurt,16,1.13
13388,30827,180635,Seedless Cucumbers,4,5.22
13391,26133,56285,Classic Macaroni & Mild Cheddar Cheese,9,8.89
13392,42145,198183,Organic Seven Whole Grains,9,8.83
13397,13113,87041,Organic Apple Juice Boxes,7,9.79
13403,8138,147855,Traditional Hummus,20,2.75
13404,17183,29283,Peach Yoghurt,16,6.75
13404,35948,29283,Tonic Water,7,7.7
13405,39459,113458,Multi Surface Antibacterial,17,1.52
13409,35042,25368,Black Beans,15,5.95
13409,14372,25368,Original 5-Cheese Pizza,1,2.88
13409,22487,25368,Quick Tie Tall Kitchen Bags,17,12.17
13410,7533,167461,Low-Fat Strawberry Banana on the Bottom Greek Yogurt,16,6.64
13411,2664,119788,First Prunes,18,3.44
13412,46106,123658,Organic Sriracha Hummus,20,3.17
13414,32700,117499,Original Whipped Cream,16,0.94
13417,46802,14303,Pineapple Chunks,1,6.76
13420,33120,88736,Organic Egg Whites,16,5.33
13421,45007,18831,Organic Zucchini,4,5.08
13421,26209,18831,Limes,4,4.37
13421,260,18831,Cantaloupe,4,3.01
13421,6568,18831,Snacks Mango,19,8.66
13422,7963,147831,Gluten Free Whole Grain Bread,1,4.53
13422,25,147831,Salted Caramel Lean Protein & Fiber Bar,19,5.44
13422,42736,147831,Unsalted Butter,16,9.28
13424,32700,75140,Original Whipped Cream,16,0.94
13426,39722,195391,Stone Ground Organic Corn Tortillas,3,6.35
13426,20067,195391,Original Plain Mega Probiotic,11,8.54
13427,38996,40124,Grape Tomatoes,4,4.64
13427,46847,40124,Quick Cooking Rolled Oats Irish Oatmeal,14,6.01
13427,40268,40124,Organic Wheat-Free & Gluten-Free Original Crackers,19,3.71
13428,4960,185205,Three Cheese Mini Pizza Bagels Frozen Snacks,1,5.28
13428,890,185205,Organic Diced Tomatoes,15,1.35
13429,43662,17544,"Yogurt, Strained Low-Fat, Coconut",16,11.87
13432,42945,125797,Enriched Unsweetened Quinoamilk Beverage,16,6.03
13434,43772,167608,Cherubs Heavenly Salad Tomatoes,4,1.15
13435,43703,63857,Manchego Cheese,16,9.37
13436,46106,156395,Organic Sriracha Hummus,20,3.17
13436,5450,156395,Small Hass Avocado,4,5.77
13438,26604,99237,Organic Blackberries,4,8.08
13442,22105,133245,Ultra Thin Sliced Provolone Cheese,16,2.41
13445,26209,33716,Limes,4,4.37
13445,46584,33716,YoKids Blueberry & Strawberry/Vanilla Yogurt,16,8.82
13446,16586,51479,Apricot Night Cream for Dry Skin,11,9.41
13446,28465,51479,Icelandic Style Skyr Blueberry Non-fat Yogurt,16,8.32
13446,32442,51479,Organic Original Tofu Veggie Burger,20,11.35
13446,18027,51479,Ezekiel 4:9 Bread Organic Sprouted Whole Grain,3,11.3
13446,44089,51479,Concord Grape Juice,7,11.36
13447,47893,81768,Steel Cut Irish Oatmeal,14,4.81
13448,22920,67155,Roasted & Salted Shelled Pistachios,19,7.88
13448,37460,67155,No Sugar Added Variety Fruit Bars,1,5.99
13450,6205,38890,Pistachios Roasted & Salted,19,10.1
13452,26209,94573,Limes,4,4.37
13453,30353,133356,Curate Cherry Lime Sparkling Water,7,1.86
13456,38456,118713,Large Grapefruit,4,3.38
13456,26488,118713,Organic Strawberry Grassfed Whole Milk Yogurt,16,10.35
13461,890,53921,Organic Diced Tomatoes,15,1.35
13462,26177,1850,Organic Honey Nut O's Cereal,14,3.76
13469,3464,18283,"Organic Butterhead (Boston, Butter, Bibb) Lettuce",4,9.0
13469,47792,18283,Organic Beans & Rice Cheddar Cheese Burrito,1,8.35
13470,18027,205695,Ezekiel 4:9 Bread Organic Sprouted Whole Grain,3,11.3
13470,26629,205695,Cherry Pie Fruit & Nut Bar,19,1.38
13473,41488,99702,Chocolate Milk,16,4.77
13473,26665,99702,Tandoor Baked Naan,3,8.66
13473,43409,99702,Frosted Mini-Wheats Original Cereal,14,12.46
13474,13431,203482,Flaky Biscuits,13,1.83
13474,43999,203482,"Bucatini, No. 15",9,12.25
13474,18656,203482,Organic Red Potato,4,1.93
13476,46562,181116,Sweet & Salty Nut Granola Bars Peanut,19,3.56
13478,34969,144119,Red Vine Tomato,4,9.25
13478,43772,144119,Cherubs Heavenly Salad Tomatoes,4,1.15
13478,49352,144119,Natural Extra Sharp Cheddar Cheese,16,8.82
13479,30962,32644,Vanilla Greek Yogurt 0% Fat,16,12.25
13480,22419,80277,Jasmine Enriched Long Grain Rice,9,9.53
13480,30645,80277,Pulled Pork,12,7.7
13482,33575,108539,Dairy Free French Vanilla Coconut Milk Creamer,16,8.48
13484,23554,66524,Organic Vanilla Bean Ice Cream,1,6.65
13486,40310,192287,Oven Roasted Turkey Breast,20,8.23
13486,26021,192287,Caramel Nut Brownie,19,9.85
13486,47792,192287,Organic Beans & Rice Cheddar Cheese Burrito,1,8.35
13486,15011,192287,"Pita Chips, Simply Naked",19,11.46
13486,27413,192287,100% Mighty Mango Juice Smoothie,7,7.25
13486,38164,192287,Almonds & Sea Salt in Dark Chocolate,19,9.32
13487,35469,164070,Enchilada Black Bean Vegetable,1,3.44
13491,8460,140403,Hearty Thick Cut Bacon,12,5.7
13492,7303,21366,Unsweet Blackberry Sparkling Water,7,4.32
13492,6794,21366,Thin Regular Liners,11,1.84
13493,19173,133235,Orange Calcium & Vitamin D Pulp Free,7,11.11
13495,27163,136928,Spicy Nacho Tortilla Chips,19,4.01
13498,39408,97517,Gala Apples,4,4.03
13499,18471,123254,Organic Light Agave Nectar,13,0.93
13499,42972,123254,Natural Pure Sparkling Water,7,4.77
13499,22504,123254,Organic Mountain Forest Amber Honey,13,2.16
13505,6104,129397,Whole Milk Plain Yogurt,16,1.76
13507,35948,188068,Tonic Water,7,7.7
13509,8638,70003,Vanilla Milk Chocolate Almond Ice Cream Bars,1,8.33
13511,10375,145905,Self-Rising Flour,13,3.43
13513,5126,95118,Smoothing Coconut Body Wash,11,5.8
13513,36116,95118,Pimento Cheese Dip,16,3.06
13513,18159,95118,Organic Biologique Limes,4,5.06
13514,1560,159756,Bag Of Ice,1,11.41
13519,22089,41116,Vitamin D Milk,16,12.21
13519,46584,41116,YoKids Blueberry & Strawberry/Vanilla Yogurt,16,8.82
13520,39443,60744,Organic Multigrain Apple Cobbler Cereal Bars,14,7.04
13521,30645,65798,Pulled Pork,12,7.7
13521,45076,65798,Slow Churned Light Ice Cream Cookies 'N Cream,1,9.56
13522,13780,158257,Thyme,4,10.2
13523,47885,109689,Black Bean Salad,20,11.99
13525,6069,37750,Maple Pumpkin Seeds with Sea Salt Chewy with a Crunch Granola Bars,19,7.32
13525,47965,37750,TLC Cherry Dark Chocolate Chewy Granola,19,7.49
13528,42110,189336,Organic Macaroni Shells & Real Aged Cheddar,9,12.09
13528,7751,189336,Tomato Ketchup,13,1.99
13528,2452,189336,Naturals Chicken Nuggets,1,1.24
13528,23554,189336,Organic Vanilla Bean Ice Cream,1,6.65
13529,17021,61010,Baked Mini Beef Meatballs,1,9.94
13530,2452,23405,Naturals Chicken Nuggets,1,1.24
13530,19451,23405,Comforting Chamomile Tea,7,12.54
13531,45544,19229,Organic Plain Nonfat Greek Yogurt,16,8.48
13531,14870,19229,Icelandic Style Fat Free Plain Yogurt,16,4.27
13536,1940,177976,Organic 2% Reduced Fat Milk,16,1.23
13536,4933,177976,with Olive Oil Mayonnaise,13,7.02
13536,31564,177976,Crackers,19,1.11
13537,14486,23568,One Bun Multigrain Whole Grain Pita,3,6.73
13538,19677,198453,Original Pure Creamy Almond Milk,16,6.4
13538,28465,198453,Icelandic Style Skyr Blueberry Non-fat Yogurt,16,8.32
13538,5450,198453,Small Hass Avocado,4,5.77
13539,39203,187244,Unsweetened Cucumber Water,7,1.65
13540,19677,91879,Original Pure Creamy Almond Milk,16,6.4
13540,28745,91879,Oven Roasted Turkey,20,7.99
13540,28465,91879,Icelandic Style Skyr Blueberry Non-fat Yogurt,16,8.32
13540,23765,91879,Organic Smoked Turkey Breast,20,10.28
13541,4977,159402,Mushroom Barley Soup,20,8.5
13541,6680,159402,Potato Gnocchi,9,11.32
13542,28465,181943,Icelandic Style Skyr Blueberry Non-fat Yogurt,16,8.32
13542,43662,181943,"Yogurt, Strained Low-Fat, Coconut",16,11.87
13546,26665,94764,Tandoor Baked Naan,3,8.66
13546,2053,94764,Organic Ground Coriander,13,0.94
13546,22920,94764,Roasted & Salted Shelled Pistachios,19,7.88
13546,16726,94764,Roasted Red Chili Paste,6,7.32
13546,28990,94764,Curly Parsley Bunch,4,6.7
13547,39408,146718,Gala Apples,4,4.03
13547,39057,146718,Hazelnut Light Roast K-Cup Packs,7,2.05
13548,37067,140383,Organic Banana,4,10.85
13552,26604,159891,Organic Blackberries,4,8.08
13556,5450,116231,Small Hass Avocado,4,5.77
13556,39408,116231,Gala Apples,4,4.03
13559,260,160567,Cantaloupe,4,3.01
13559,40699,160567,Golden Nugget Mandarin,4,1.59
13559,26209,160567,Limes,4,4.37
13561,26177,1850,Organic Honey Nut O's Cereal,14,3.76
13561,16398,1850,Guava Goddess Organic Kambucha,7,1.59
13565,4163,188998,Spanish Rice Pilaf Mix,9,7.87
13565,16759,188998,Organic Carrot Bunch,4,4.17
13566,26209,69740,Limes,4,4.37
13566,12276,69740,Chocolate Chip Cookie Dough Ice Cream,1,8.4
13567,27796,197996,Real Mayonnaise,13,0.97
13568,22565,92133,"Disinfecting Wipes, Lemon Scent",17,6.39
13571,42110,140941,Organic Macaroni Shells & Real Aged Cheddar,9,12.09
13571,21683,140941,Organic Multigrain English Muffins,3,7.64
13572,7041,154274,Pecorino Romano,16,5.02
13572,13431,154274,Flaky Biscuits,13,1.83
13573,17025,46269,Country Dijon Mustard,13,8.15
13573,28785,46269,Organic Tahini,13,8.89
13574,5450,11344,Small Hass Avocado,4,5.77
13574,4163,11344,Spanish Rice Pilaf Mix,9,7.87
13575,22658,112172,Organic Curry Powder,13,9.64
13575,20842,112172,Total 0% Greek Yogurt,16,9.2
13575,49284,112172,Fennel Seed,13,3.57
13576,260,91303,Cantaloupe,4,3.01
13576,17096,91303,Mixed Fruit in 100% Cherry  Juice,15,10.62
13578,31350,107763,Salted Almond Butter Filled Dark Chocolate Bar,19,6.27
13579,26209,108656,Limes,4,4.37
13579,1025,108656,Organic Fresh Basil,4,11.34
13584,3631,187426,Organic Whole Milk French Vanilla Yogurt,16,1.49
13584,18159,187426,Organic Biologique Limes,4,5.06
13588,31215,46186,Lemon Yogurt,16,10.41
13588,19677,46186,Original Pure Creamy Almond Milk,16,6.4
13590,24532,174545,Cranberry Almond Chicken Salad,3,2.66
13591,46820,181678,Vanilla Pure Almond Milk,16,11.94
13591,27509,181678,Organic Seasoned Yukon Select Potatoes Hashed Browns,1,5.21
13593,45007,102656,Organic Zucchini,4,5.08
13595,890,46087,Organic Diced Tomatoes,15,1.35
13595,3464,46087,"Organic Butterhead (Boston, Butter, Bibb) Lettuce",4,9.0
13595,38439,46087,Mara Natha Organic Peanut Butter Creamy,13,12.09
13596,21240,105762,Orange Sports Drink,7,6.71
13601,26209,81359,Limes,4,4.37
13603,12276,176067,Chocolate Chip Cookie Dough Ice Cream,1,8.4
13603,17993,176067,Shredded Colby & Monterey Jack Cheeses,16,8.89
13606,48812,158439,Variety Pack,17,7.23
13607,39408,61387,Gala Apples,4,4.03
13609,9283,14634,Organic Bucatini,9,1.54
13611,10106,101735,Honey & Maple Turkey Breast,20,8.53
13612,26604,156645,Organic Blackberries,4,8.08
13612,22124,156645,Total 0% Raspberry Yogurt,16,9.08
13614,30696,98859,Eggo Homestyle Waffles,1,6.45
13614,39397,98859,Chicken in a Biskit Baked Snack Crackers,19,3.31
13615,45007,179960,Organic Zucchini,4,5.08
13616,38772,75223,Provolone,16,1.84
13619,41259,164038,Poblano Pepper,4,10.56
13619,40836,164038,Anaheim Pepper,4,2.23
13619,26209,164038,Limes,4,4.37
13620,47141,29274,Cola,7,5.77
13620,41602,29274,Deli Select Ultra Thin Honey Ham,20,4.95
13626,49247,66179,Coconut Yoghurt,16,4.8
13627,39459,143216,Multi Surface Antibacterial,17,1.52
13629,24830,62610,Organic Romaine,4,10.27
13629,32781,62610,Gluten Free Sunrise Crunchy Maple Cereal,14,8.64
13630,7041,110146,Pecorino Romano,16,5.02
13635,33897,106367,Chicken Wings,12,5.64
13635,45007,106367,Organic Zucchini,4,5.08
13638,14870,40139,Icelandic Style Fat Free Plain Yogurt,16,4.27
13639,7606,104932,Greek 100 Protein Vanilla Fat Free Yogurt,16,4.2
13639,43875,104932,Baby Food Stage 2 Blueberry Pear & Purple Carrot,18,6.11
13640,18656,206045,Organic Red Potato,4,1.93
13641,5450,62191,Small Hass Avocado,4,5.77
13641,36735,62191,Organic Roasted Sliced Chicken Breast,20,10.42
13641,11865,62191,Light & Lean Spaghetti Italiano with Meatless Meatballs,1,12.22
13641,30727,62191,Vanilla Almond Fit Granola,14,7.19
13642,26209,13354,Limes,4,4.37
13642,16759,13354,Organic Carrot Bunch,4,4.17
13643,30827,191817,Seedless Cucumbers,4,5.22
13644,26209,39371,Limes,4,4.37
13648,44570,93950,Kale Greens,4,4.15
13649,44570,58596,Kale Greens,4,4.15
13651,36735,188272,Organic Roasted Sliced Chicken Breast,20,10.42
13651,39408,188272,Gala Apples,4,4.03
13652,26209,174063,Limes,4,4.37
13652,14267,174063,Organic Refried Black Beans,15,9.37
13653,23296,96842,Blueberry on the Bottom Nonfat Greek Yogurt,16,2.27
13653,36070,96842,"Super Spinach! Baby Spinach, Baby Bok Choy, Sweet Baby Kale",4,4.34
13653,32211,96842,Whole Grains Oatnut Bread,3,8.78
13654,40310,99576,Oven Roasted Turkey Breast,20,8.23
13655,717,175724,Sweeper Open Window Fresh Scent Wet Mopping Cloths Refill,17,4.92
13655,45566,175724,Clean Up Cleaner with Bleach Fresh Scent,17,12.39
13656,26604,47166,Organic Blackberries,4,8.08
13656,10925,47166,Honey Power O's,14,5.91
13656,32071,47166,Cereal Comet Crispies,14,6.26
13657,15132,71205,Xanthan Gum,13,3.75
13659,13113,142131,Organic Apple Juice Boxes,7,9.79
13659,10369,142131,Organic Genoa Salami,20,2.35
13661,44667,109700,Super Moist Chocolate Fudge Cake Mix,13,8.89
13662,43409,43371,Frosted Mini-Wheats Original Cereal,14,12.46
13662,44292,43371,Premium Unsweetened Iced Tea,7,7.57
13662,4817,43371,Cinnamon Apple Sauce,15,7.87
13663,47573,202045,Ginger Snap Sprouted Cookies,19,1.63
13665,42388,109406,Essentials Organic Mighty Greens Juice,7,8.34
13666,26604,4652,Organic Blackberries,4,8.08
13667,890,34794,Organic Diced Tomatoes,15,1.35
13667,33120,34794,Organic Egg Whites,16,5.33
13667,27690,34794,Apple Cinnamon GoGo Squeez,19,6.29
13667,13733,34794,Red Potatoes,4,4.73
13669,35042,1235,Black Beans,15,5.95
13671,39408,9945,Gala Apples,4,4.03
13673,46770,21551,Raw Hummus,13,11.95
13673,42300,21551,Organic Vitality Snack Chia Squeeze Blackberry Bliss,19,9.71
13673,3081,21551,"Organic Creamies Strawberry, Raspberry & Carrot Freeze-Dried Fruit Snacks",18,1.21
13673,29506,21551,Pita Bread,3,5.14
13674,5450,126216,Small Hass Avocado,4,5.77
13674,47630,126216,Medium Navel Orange,4,5.6
13676,18608,171417,WetJet Extra Power Pad Refill,17,5.28
13676,12466,171417,Alkaline C Batteries,17,10.79
13677,2535,127915,Shaved Parmesan,16,9.81
13678,43768,162360,Organic Bell Pepper,4,2.4
13682,42110,43968,Organic Macaroni Shells & Real Aged Cheddar,9,12.09
13684,14553,17096,Oats & Honey Granola,14,2.32
13684,47866,17096,Jalapeno Potato Chips,19,12.02
13685,26209,90198,Limes,4,4.37
13686,30494,19482,Organic Mango Slices,19,7.63
13686,39408,19482,Gala Apples,4,4.03
13687,16759,104598,Organic Carrot Bunch,4,4.17
13687,37067,104598,Organic Banana,4,10.85
13689,1940,21931,Organic 2% Reduced Fat Milk,16,1.23
13689,8138,21931,Traditional Hummus,20,2.75
13689,10106,21931,Honey & Maple Turkey Breast,20,8.53
13689,5256,21931,"Fruit Spread, Concord Grape",13,9.71
13689,4163,21931,Spanish Rice Pilaf Mix,9,7.87
13693,7963,2627,Gluten Free Whole Grain Bread,1,4.53
13694,38164,122230,Almonds & Sea Salt in Dark Chocolate,19,9.32
13694,40198,122230,Blueberry Yoghurt,16,8.81
13695,46584,105177,YoKids Blueberry & Strawberry/Vanilla Yogurt,16,8.82
13697,7963,183865,Gluten Free Whole Grain Bread,1,4.53
13698,10258,6654,Pistachios,19,9.49
13698,48812,6654,Variety Pack,17,7.23
13698,1747,6654,Teriyaki Beef Jerky,19,6.84
13699,32578,186623,Organic Fresh Squeezed Orange Juice,7,6.19
13702,32429,142496,Red Mango,4,3.5
13703,12061,165966,Scar Treatment Sheets,11,8.5
13704,10527,175312,Whipped Butter,16,3.95
13705,33120,115750,Organic Egg Whites,16,5.33
13707,19677,182599,Original Pure Creamy Almond Milk,16,6.4
13708,46584,44101,YoKids Blueberry & Strawberry/Vanilla Yogurt,16,8.82
13709,7751,158669,Tomato Ketchup,13,1.99
13710,44292,169148,Premium Unsweetened Iced Tea,7,7.57
13711,24532,39594,Cranberry Almond Chicken Salad,3,2.66
13719,21506,50037,Organic Raisin Bran Cereal,14,2.69
13719,24185,50037,Zero Dish Soap Fragrance Free,17,8.86
13719,32877,50037,Yellow Zucchini,4,11.75
13719,18159,50037,Organic Biologique Limes,4,5.06
13719,37055,50037,Organic Cheesy Ravioli,15,10.77
13720,43772,132006,Cherubs Heavenly Salad Tomatoes,4,1.15
13720,405,132006,100% Organic Diced Tomatoes,15,2.11
13722,29894,12046,Organic Dark Brown Sugar,13,7.64
13722,14477,12046,Organic Spaghetti,9,7.55
13722,47792,12046,Organic Beans & Rice Cheddar Cheese Burrito,1,8.35
13722,38456,12046,Large Grapefruit,4,3.38
13722,26604,12046,Organic Blackberries,4,8.08
13723,30827,181778,Seedless Cucumbers,4,5.22
13725,5258,75543,Sparkling Water,7,10.95
13725,30827,75543,Seedless Cucumbers,4,5.22
13734,890,181055,Organic Diced Tomatoes,15,1.35
13734,26209,181055,Limes,4,4.37
13734,44375,181055,Canned Aranciata Orange,7,3.21
13735,15455,39821,Organic Extra Virgin Oil Olive,13,8.12
13735,26209,39821,Limes,4,4.37
13735,35939,39821,Organic Jalapeno Pepper,4,9.93
13735,34969,39821,Red Vine Tomato,4,9.25
13737,23554,154215,Organic Vanilla Bean Ice Cream,1,6.65
13737,45007,154215,Organic Zucchini,4,5.08
13739,10,96192,Sparkling Orange Juice & Prickly Pear Beverage,7,7.1
13739,24830,96192,Organic Romaine,4,10.27
13740,45260,179448,Organic Virgin Coconut Oil,13,5.45
13741,48186,176785,Lactose Free Half & Half,16,9.32
13742,40310,11785,Oven Roasted Turkey Breast,20,8.23
13742,15979,11785,Extra Sharp Cheddar Cheese Block,16,4.85
13743,16759,92020,Organic Carrot Bunch,4,4.17
13745,48370,107523,Sensitive Toilet Paper,17,9.33
13750,7751,73486,Tomato Ketchup,13,1.99
13751,45007,94988,Organic Zucchini,4,5.08
13752,14114,23172,Orange Chicken,1,12.2
13753,32923,152340,Organic Triple Berry Blend,1,11.94
13754,781,21389,Organic Shredded Mild Cheddar,16,2.78
13755,47866,82065,Jalapeno Potato Chips,19,12.02
13755,23765,82065,Organic Smoked Turkey Breast,20,10.28
13755,20842,82065,Total 0% Greek Yogurt,16,9.2
13757,47792,162705,Organic Beans & Rice Cheddar Cheese Burrito,1,8.35
13760,46280,161469,Light & Fit Greek Blueberry Greek Yogurt,16,1.19
13760,31087,161469,Whole Kernel Corn No Salt Added,15,2.25
13760,14131,161469,Traditional Hearty Chicken and Rotini Soup,15,10.24
13762,26209,17338,Limes,4,4.37
13762,11068,17338,Medium Cheddar Cheese Block,16,1.9
13762,46820,17338,Vanilla Pure Almond Milk,16,11.94
13764,837,151016,California Merlot,5,6.1
13767,19906,68046,Fresh Whole White Mushrooms,4,2.73
13778,42404,52662,Multi Grain Waffles,1,12.48
13779,16759,13509,Organic Carrot Bunch,4,4.17
13780,19173,161563,Orange Calcium & Vitamin D Pulp Free,7,11.11
13780,260,161563,Cantaloupe,4,3.01
13781,16759,90654,Organic Carrot Bunch,4,4.17
13781,45007,90654,Organic Zucchini,4,5.08
13782,27413,172633,100% Mighty Mango Juice Smoothie,7,7.25
13782,4163,172633,Spanish Rice Pilaf Mix,9,7.87
13784,38456,100379,Large Grapefruit,4,3.38
13785,20518,205267,"Club Delight Sausage, Egg, & Cheese Sandwiches",12,0.91
13786,24830,88011,Organic Romaine,4,10.27
13789,32134,40018,Lactose Free Plain Kefir,16,3.11
13789,30753,40018,Organic Red Lentil Penne,9,2.58
13789,26209,40018,Limes,4,4.37
13789,37003,40018,"Organic Apples, Carrots and Parsnips Puree",18,5.87
13789,18656,40018,Organic Red Potato,4,1.93
13792,6999,200942,Organic Fresh Pressed Pure Lemon Juice,7,7.32
13792,35042,200942,Black Beans,15,5.95
13796,8638,57581,Vanilla Milk Chocolate Almond Ice Cream Bars,1,8.33
13796,7185,57581,Rosemary Mini Croccantini,19,4.79
13797,7289,159487,"Invisible Dry Antiperspirant/Deodorant, Shower Fresh",11,3.62
13801,43647,75451,Organic Asparagus Spears,1,11.18
13803,35078,123537,Seriously Sharp Cheddar Cheese,16,4.43
13804,47792,163383,Organic Beans & Rice Cheddar Cheese Burrito,1,8.35
13804,77,163383,Coconut Chocolate Chip Energy Bar,19,12.13
13804,2452,163383,Naturals Chicken Nuggets,1,1.24
13806,5450,131675,Small Hass Avocado,4,5.77
13806,44570,131675,Kale Greens,4,4.15
13807,40310,124983,Oven Roasted Turkey Breast,20,8.23
13807,37402,124983,Original Pancake Syrup,13,12.02
13807,28990,124983,Curly Parsley Bunch,4,6.7
13807,26209,124983,Limes,4,4.37
13807,5450,124983,Small Hass Avocado,4,5.77
13808,8138,41697,Traditional Hummus,20,2.75
13810,26209,193606,Limes,4,4.37
13810,37754,193606,Organic Blended Raspberry Whole Milk Greek Yogurt,16,4.34
13813,19828,51163,Red Delicious Apples,4,5.14
13814,3631,101459,Organic Whole Milk French Vanilla Yogurt,16,1.49
13818,26604,158884,Organic Blackberries,4,8.08
13819,26209,119348,Limes,4,4.37
13820,42444,191672,Diet Dr Pepper,7,1.51
13820,3260,191672,Chips Ahoy!/Nutter Butter/Oreo Cookies,19,8.29
13821,47380,139891,New York Style Nova Lox,12,8.72
13822,30353,8411,Curate Cherry Lime Sparkling Water,7,1.86
13823,18677,61615,"Minis, Coconut Milk, Non-Dairy Frozen Dessert, no sugar added Vanilla Bar",1,11.94
13823,14746,61615,Round Mesh Scrubber,17,6.83
13828,43821,103908,1 Apple + 1 Mango Fruit Bar,19,4.67
13828,38508,103908,Lightly Salted Kettle Potato Chips - Sea Salt,19,4.06
13831,13249,183080,Skim Milk,16,9.33
13831,41716,183080,Jalapeno,19,11.83
13832,36735,121917,Organic Roasted Sliced Chicken Breast,20,10.42
13833,16759,1874,Organic Carrot Bunch,4,4.17
13834,30827,186260,Seedless Cucumbers,4,5.22
13835,17331,191961,Coconut Oil Kettle Cooked Potato Chips Sea Salt,19,5.75
13835,29974,191961,Gluten Free Cinnamon French Toast Sticks,1,12.54
13835,37733,191961,Uncured Pepperoni Mini Pizza Bagels Frozen Snacks,1,4.16
13837,13598,122352,Soy & Dairy Free Plain Unsweetened Almond Milk Yogurt,21,4.21
13837,26209,122352,Limes,4,4.37
13838,24830,156788,Organic Romaine,4,10.27
13838,42736,156788,Unsalted Butter,16,9.28
13839,1194,62988,Natural Artisan Water,7,7.42
13839,38456,62988,Large Grapefruit,4,3.38
13841,20947,146845,Passionberry Bliss Kombucha Drink,7,11.87
13842,26209,195253,Limes,4,4.37
13845,17110,53673,Original Liquid Coffee Creamer,2,1.1
13849,27500,123142,Kids Choice Bread Whole Grain White,3,5.17
13849,22955,123142,Diced Ham,12,10.83
13849,19173,123142,Orange Calcium & Vitamin D Pulp Free,7,11.11
13849,26795,123142,Snack Mix Original Recipe,19,7.43
13857,39448,197007,Cold Brew Coffee Mocha,16,11.23
13859,14095,7278,"Green Beans, Organic, Cut",15,11.02
13860,26604,65597,Organic Blackberries,4,8.08
13860,5450,65597,Small Hass Avocado,4,5.77
13861,19828,11574,Red Delicious Apples,4,5.14
13864,26209,121231,Limes,4,4.37
13864,46673,121231,Ultra Original Scent Dishwashing Liquid,17,8.73
13864,18019,121231,Macaroni & Cheese Dinner Original Flavor,9,3.73
13870,17678,156376,Large Pitted California Ripe Olives,13,4.03
13870,43821,156376,1 Apple + 1 Mango Fruit Bar,19,4.67
13870,25,156376,Salted Caramel Lean Protein & Fiber Bar,19,5.44
13871,35055,91909,Just Cranberry Unsweetened Juice,7,8.57
13871,10500,91909,Cool Mint® Antiseptic Adult Mouthwash,11,12.18
13871,24291,91909,Neosporin 24 Hour Infection Protection First Aid Antibiotic Ointment,11,6.37
13873,21057,133719,Organic Brown Rice Spaghetti,9,6.56
13874,20518,169398,"Club Delight Sausage, Egg, & Cheese Sandwiches",12,0.91
13875,25199,142331,Classic Chicken Salad,20,4.26
13875,26209,142331,Limes,4,4.37
13876,26604,96408,Organic Blackberries,4,8.08
13880,20842,32427,Total 0% Greek Yogurt,16,9.2
13881,46584,164811,YoKids Blueberry & Strawberry/Vanilla Yogurt,16,8.82
13882,47966,9850,Old Fashioned Rolled Oats,14,2.74
13884,16145,185516,Organic Cannellini Beans,15,5.1
13884,43768,185516,Organic Bell Pepper,4,2.4
13884,26604,185516,Organic Blackberries,4,8.08
13884,39781,185516,Original 7 Grain Crackers,19,6.08
13886,46106,118530,Organic Sriracha Hummus,20,3.17
13888,25618,168985,Belgian Golden Ale,5,7.97
13889,17789,134746,Soy Free Buttery Spread,16,11.19
13889,16759,134746,Organic Carrot Bunch,4,4.17
13889,18027,134746,Ezekiel 4:9 Bread Organic Sprouted Whole Grain,3,11.3
13889,33468,134746,White Pita,3,8.87
13889,18656,134746,Organic Red Potato,4,1.93
13889,6104,134746,Whole Milk Plain Yogurt,16,1.76
13891,38772,18435,Provolone,16,1.84
13896,44570,177950,Kale Greens,4,4.15
13896,26209,177950,Limes,4,4.37
13897,27690,46257,Apple Cinnamon GoGo Squeez,19,6.29
13897,4962,46257,Yotoddler Organic Pear Spinach Mango Yogurt,16,10.68
13897,39408,46257,Gala Apples,4,4.03
13897,2429,46257,"Seriously Sharp Cheddar Cheese Cracker Cut Slices,",16,8.44
13898,38772,68983,Provolone,16,1.84
13898,43662,68983,"Yogurt, Strained Low-Fat, Coconut",16,11.87
13898,40310,68983,Oven Roasted Turkey Breast,20,8.23
13900,20899,139107,Goo Berry Pie Probugs Kefir,16,6.29
13900,48953,139107,Lettuce Medley,4,4.64
13900,41363,139107,Tofu Spring Roll,20,2.74
13901,47141,80729,Cola,7,5.77
13901,28956,80729,Party Cutlery Full Size Assorted,17,2.97
13903,6104,127584,Whole Milk Plain Yogurt,16,1.76
13903,29270,127584,Beet Apple Carrot Lemon Ginger Organic Cold Pressed Juice Beverage,7,5.56
13904,30630,82148,"Yogurt, Sheep Milk, Blackberry",16,7.92
13904,31215,82148,Lemon Yogurt,16,10.41
13909,18963,145955,Apple Cider Vinegar,13,9.67
13911,26604,27772,Organic Blackberries,4,8.08
13911,16759,27772,Organic Carrot Bunch,4,4.17
13911,13431,27772,Flaky Biscuits,13,1.83
13912,39408,190930,Gala Apples,4,4.03
13912,14867,190930,Honey Bunny Grahams,19,3.63
13914,13097,202282,Fresh Cut Butternut Squash,4,10.69
13916,7963,25685,Gluten Free Whole Grain Bread,1,4.53
13916,6568,25685,Snacks Mango,19,8.66
13916,16145,25685,Organic Cannellini Beans,15,5.1
13917,43772,4252,Cherubs Heavenly Salad Tomatoes,4,1.15
13918,40826,82204,Manhattan Style Whole Kosher Pickles,13,1.78
13919,30827,177004,Seedless Cucumbers,4,5.22
13920,36070,181691,"Super Spinach! Baby Spinach, Baby Bok Choy, Sweet Baby Kale",4,4.34
13921,3071,46748,Extreme Clean Whitening Action Flouride Toothpaste - Mint Blast,11,2.82
13922,36315,154787,Low Fat Split Pea Soup,15,12.38
13922,32304,154787,Reduced Sodium Vegetable Lentil & Roasted Red Peppers Soup,15,0.99
13923,1940,129536,Organic 2% Reduced Fat Milk,16,1.23
13923,26209,129536,Limes,4,4.37
13924,19677,96247,Original Pure Creamy Almond Milk,16,6.4
13927,4163,117971,Spanish Rice Pilaf Mix,9,7.87
13929,1940,78310,Organic 2% Reduced Fat Milk,16,1.23
13931,45210,53078,Organic Greek Lowfat Yogurt With Blueberries,16,5.69
13935,35271,74813,100% Colombian Ground Medium Dark Coffee,7,2.54
13935,43804,74813,Crushed in Tomato Puree Tomatoes,15,12.44
13935,43772,74813,Cherubs Heavenly Salad Tomatoes,4,1.15
13935,16494,74813,Double Zipper Gallon Freezer Bags,17,0.98
13937,38772,72461,Provolone,16,1.84
13940,40203,195112,Mint Chip Ice Cream,1,5.4
13940,43338,195112,Pyramid Black Tea Bags,7,3.76
13940,33575,195112,Dairy Free French Vanilla Coconut Milk Creamer,16,8.48
13940,12572,195112,6 OZ LA PANZANELLA CROSTINI ORIGINAL CRACKERS,19,1.78
13941,45866,147765,Fig Newmans Fruit Filled Cookies,19,2.46
13942,16759,167392,Organic Carrot Bunch,4,4.17
13943,38164,81183,Almonds & Sea Salt in Dark Chocolate,19,9.32
13943,45210,81183,Organic Greek Lowfat Yogurt With Blueberries,16,5.69
13945,46802,108537,Pineapple Chunks,1,6.76
13946,42736,163562,Unsalted Butter,16,9.28
13948,30461,20053,Organic Multigrain Mild Green Mojo Tortilla Chips,19,7.11
13948,29457,20053,Mixed Melon Chunks,4,0.91
13949,43838,43318,Wine & Cider Mulling Spices Warm Drink Blend,13,8.88
13949,3843,43318,Organic Brussels Sprouts,4,8.41
13951,1194,58324,Natural Artisan Water,7,7.42
13952,13974,117697,Reduced Fat Creamy Peanut Butter Spread,13,8.81
13952,26604,117697,Organic Blackberries,4,8.08
13953,1202,68746,Organic Whole Grain Oatmeal Cereal Baby Food,18,9.64
13953,34974,68746,Baby Mum-Mum Banana  Rice Rusks,18,5.26
13954,19677,203125,Original Pure Creamy Almond Milk,16,6.4
13955,8138,77925,Traditional Hummus,20,2.75
13956,260,42996,Cantaloupe,4,3.01
13958,14267,144435,Organic Refried Black Beans,15,9.37
13959,17789,31389,Soy Free Buttery Spread,16,11.19
13959,10603,31389,93% Ground Beef,12,3.6
13960,46802,7809,Pineapple Chunks,1,6.76
13962,34969,143080,Red Vine Tomato,4,9.25
13962,47792,143080,Organic Beans & Rice Cheddar Cheese Burrito,1,8.35
13962,26209,143080,Limes,4,4.37
13962,27509,143080,Organic Seasoned Yukon Select Potatoes Hashed Browns,1,5.21
13963,20915,54907,Mozzarella Light Low Moisture Part Skim String Cheese,16,3.56
13965,14371,181681,Organic Nonfat Milk,16,10.79
13965,16759,181681,Organic Carrot Bunch,4,4.17
13967,49667,21356,Enchilada with Spanish Rice & Beans Meal,1,10.34
13967,7483,21356,Chive & Onion Cream Cheese Spread,16,11.48
13967,28303,21356,Sala Picante (Hot Sauce),6,1.78
13968,13763,158543,Organic Baby Cereal Protein-Packed Quinoa 6+Mths,14,4.2
13968,33120,158543,Organic Egg Whites,16,5.33
13969,1194,70742,Natural Artisan Water,7,7.42
13971,27690,34794,Apple Cinnamon GoGo Squeez,19,6.29
13971,3843,34794,Organic Brussels Sprouts,4,8.41
13972,26604,150220,Organic Blackberries,4,8.08
13972,5450,150220,Small Hass Avocado,4,5.77
13972,38456,150220,Large Grapefruit,4,3.38
13973,43662,13440,"Yogurt, Strained Low-Fat, Coconut",16,11.87
13973,6933,13440,Strained Whole-Milk Yogurt Blueberry,16,11.85
13974,16145,11068,Organic Cannellini Beans,15,5.1
13976,25552,28733,Organic Steel Cut Oats,14,4.64
13976,45007,28733,Organic Zucchini,4,5.08
13976,35425,28733,Gluten Free Brown Rice English Muffins 6 ct,3,11.37
13976,5450,28733,Small Hass Avocado,4,5.77
13976,39024,28733,Edamame In Pod,1,5.6
13976,34942,28733,Kahuna Crunch Trail Mix,19,5.24
13978,40310,30418,Oven Roasted Turkey Breast,20,8.23
13978,781,30418,Organic Shredded Mild Cheddar,16,2.78
13978,4962,30418,Yotoddler Organic Pear Spinach Mango Yogurt,16,10.68
13979,42964,10156,Gluten Free Spaghetti Pasta,9,9.5
13980,26209,118490,Limes,4,4.37
13981,45007,117323,Organic Zucchini,4,5.08
13983,26604,183765,Organic Blackberries,4,8.08
13983,7041,183765,Pecorino Romano,16,5.02
13984,36961,61288,Pink Cripps Apple,4,2.89
13985,19173,178989,Orange Calcium & Vitamin D Pulp Free,7,11.11
13986,14371,34466,Organic Nonfat Milk,16,10.79
13986,26209,34466,Limes,4,4.37
13986,46847,34466,Quick Cooking Rolled Oats Irish Oatmeal,14,6.01
13986,1025,34466,Organic Fresh Basil,4,11.34
13990,25930,71046,Pure Cane Confectioners 10-X Powdered Sugar,13,9.37
13993,7963,117288,Gluten Free Whole Grain Bread,1,4.53
13995,49247,105550,Coconut Yoghurt,16,4.8
13995,42110,105550,Organic Macaroni Shells & Real Aged Cheddar,9,12.09
13996,7963,142176,Gluten Free Whole Grain Bread,1,4.53
13999,35383,73710,Classic White Bread,3,6.03
14000,12566,167114,Organic Black Mustard Seed,13,10.81
14000,16759,167114,Organic Carrot Bunch,4,4.17
14000,26209,167114,Limes,4,4.37
14004,5445,89602,Protein Zone Protein Juice Smoothie,7,5.82
14004,27413,89602,100% Mighty Mango Juice Smoothie,7,7.25
14004,36810,89602,Original Pancake and Baking Mix,14,5.95
14005,22716,51784,Gluten Free Fettuccini Roasted Garlic,9,2.1
14006,30827,148233,Seedless Cucumbers,4,5.22
14008,5085,47029,Organic Stage 1 First Peas Baby Food,18,4.64
14008,12240,47029,Vanilla Protein Almond Milk,16,3.4
14014,30827,186260,Seedless Cucumbers,4,5.22
14015,5085,171109,Organic Stage 1 First Peas Baby Food,18,4.64
14016,1104,136145,Plain Yogurt,16,4.36
14021,26604,205031,Organic Blackberries,4,8.08
14023,47792,75628,Organic Beans & Rice Cheddar Cheese Burrito,1,8.35
14023,12572,75628,6 OZ LA PANZANELLA CROSTINI ORIGINAL CRACKERS,19,1.78
14023,32035,75628,Toasted Pine Nut Couscous Mix,9,8.57
14023,28745,75628,Oven Roasted Turkey,20,7.99
14025,29270,136969,Beet Apple Carrot Lemon Ginger Organic Cold Pressed Juice Beverage,7,5.56
14025,20542,136969,Lime Ginger Lemon Agave,7,7.7
14026,26629,170382,Cherry Pie Fruit & Nut Bar,19,1.38
14026,26177,170382,Organic Honey Nut O's Cereal,14,3.76
14026,46584,170382,YoKids Blueberry & Strawberry/Vanilla Yogurt,16,8.82
14026,46807,170382,"Bananas, Raspberries & Oats Organic Baby Food",18,8.95
14026,26209,170382,Limes,4,4.37
14028,32700,198396,Original Whipped Cream,16,0.94
14028,4006,198396,Hazelnut Spread With Skim Milk & Cocoa,13,4.62
14028,18019,198396,Macaroni & Cheese Dinner Original Flavor,9,3.73
14028,22242,198396,Swirl Bread Cinnamon,3,1.7
14028,7116,198396,Large Enriched Bread,3,2.99
14029,28990,50592,Curly Parsley Bunch,4,6.7
14029,32211,50592,Whole Grains Oatnut Bread,3,8.78
14029,26209,50592,Limes,4,4.37
14031,17789,145596,Soy Free Buttery Spread,16,11.19
14031,38226,145596,Dark Chocolate Chips,19,2.18
14032,49026,103208,Plain Almond Milk Yogurt,16,12.26
14032,26209,103208,Limes,4,4.37
14032,28820,103208,"Master Brew Kombucha, Grapefruit",7,8.19
14033,45007,56187,Organic Zucchini,4,5.08
14036,10193,152406,Shredded Carrots,4,11.21
14037,10761,38402,Organic Yokids Lemonade/Blueberry Variety Pack Yogurt Squeezers Tubes,16,4.56
14037,343,38402,Organic Whole Peeled Baby Carrots,4,5.78
14039,20842,143423,Total 0% Greek Yogurt,16,9.2
14045,24028,14421,Sparkling Water Grape Apple,21,2.37
14047,5582,109343,Greener Clean Heavy Duty Scrub Sponge,17,10.42
14048,36070,117119,"Super Spinach! Baby Spinach, Baby Bok Choy, Sweet Baby Kale",4,4.34
14050,35469,196769,Enchilada Black Bean Vegetable,1,3.44
14050,33956,196769,Mighty Mango Juice Smoothie,7,7.47
14050,34844,196769,Morning Blend 100% Juice,7,4.04
14052,1940,189546,Organic 2% Reduced Fat Milk,16,1.23
14053,35176,125656,Cream Cheese Cream Cheese Spread,16,3.27
14053,10761,125656,Organic Yokids Lemonade/Blueberry Variety Pack Yogurt Squeezers Tubes,16,4.56
14053,38439,125656,Mara Natha Organic Peanut Butter Creamy,13,12.09
14053,1086,125656,Jack's Special Salsa Medium Hot,13,5.17
14055,43772,168862,Cherubs Heavenly Salad Tomatoes,4,1.15
14057,23554,174555,Organic Vanilla Bean Ice Cream,1,6.65
14059,7232,94734,Fresh Citrus Antibacterial Hand Soap Moisturizers,2,1.45
14061,6999,11924,Organic Fresh Pressed Pure Lemon Juice,7,7.32
14064,4962,77925,Yotoddler Organic Pear Spinach Mango Yogurt,16,10.68
14065,26604,121036,Organic Blackberries,4,8.08
14065,3843,121036,Organic Brussels Sprouts,4,8.41
14065,34969,121036,Red Vine Tomato,4,9.25
14065,5450,121036,Small Hass Avocado,4,5.77
14065,47630,121036,Medium Navel Orange,4,5.6
14065,47893,121036,Steel Cut Irish Oatmeal,14,4.81
14067,35939,174063,Organic Jalapeno Pepper,4,9.93
14067,26209,174063,Limes,4,4.37
14068,16759,139130,Organic Carrot Bunch,4,4.17
14069,19709,31669,El Ciprés Whole Bean Coffee,7,1.94
14069,25937,31669,Semi Soft Part-Skim Slices,16,9.92
14074,7963,190162,Gluten Free Whole Grain Bread,1,4.53
14074,34969,190162,Red Vine Tomato,4,9.25
14076,38456,175472,Large Grapefruit,4,3.38
14078,14744,94222,Organic Steak Sauce,13,4.83
14079,47569,71388,Turkey & Cheddar Cracker Stackers,20,12.27
14080,24062,76556,Flourless  Sprouted Whole Grain 7-Sprouted Grains English Muffins,3,4.68
14080,26021,76556,Caramel Nut Brownie,19,9.85
14081,36070,69311,"Super Spinach! Baby Spinach, Baby Bok Choy, Sweet Baby Kale",4,4.34
14082,24830,131329,Organic Romaine,4,10.27
14082,49026,131329,Plain Almond Milk Yogurt,16,12.26
14084,14577,59905,Cinnamon Cashew Vanilla Organic Cold-Pressed Coffee,7,10.71
14084,29270,59905,Beet Apple Carrot Lemon Ginger Organic Cold Pressed Juice Beverage,7,5.56
14084,39509,59905,Organic Sunny Citrus Bunny Fruit Snacks,19,8.41
14086,8138,146613,Traditional Hummus,20,2.75
14086,39408,146613,Gala Apples,4,4.03
14086,260,146613,Cantaloupe,4,3.01
14087,18881,185114,Coconut Milk Vanilla Frozen Dessert,1,2.62
14089,40268,116673,Organic Wheat-Free & Gluten-Free Original Crackers,19,3.71
14090,43768,193200,Organic Bell Pepper,4,2.4
14094,10,118335,Sparkling Orange Juice & Prickly Pear Beverage,7,7.1
14094,19677,118335,Original Pure Creamy Almond Milk,16,6.4
14094,28465,118335,Icelandic Style Skyr Blueberry Non-fat Yogurt,16,8.32
14094,5450,118335,Small Hass Avocado,4,5.77
14094,30494,118335,Organic Mango Slices,19,7.63
14095,27662,111782,Large Grade AA Cage Free Eggs,16,11.86
14097,35729,141106,Turkey Meatloaf,20,6.57
14099,13249,26412,Skim Milk,16,9.33
14100,24830,139513,Organic Romaine,4,10.27
14102,3464,165337,"Organic Butterhead (Boston, Butter, Bibb) Lettuce",4,9.0
14103,39127,75725,Classic Crust Pepperoni Pizza,1,6.67
14105,39024,137983,Edamame In Pod,1,5.6
14105,11068,137983,Medium Cheddar Cheese Block,16,1.9
14106,5258,163781,Sparkling Water,7,10.95
14107,4962,9486,Yotoddler Organic Pear Spinach Mango Yogurt,16,10.68
14107,42693,9486,Talenti Banana Chocolate Swirl Gelato,1,11.63
14107,5450,9486,Small Hass Avocado,4,5.77
14109,16759,165222,Organic Carrot Bunch,4,4.17
14109,39024,165222,Edamame In Pod,1,5.6
14110,15693,200860,Organic Peach Oo La Long Tea,7,9.36
14110,21469,200860,Honest T Mango White Tea,7,4.63
14110,5450,200860,Small Hass Avocado,4,5.77
14111,12572,45790,6 OZ LA PANZANELLA CROSTINI ORIGINAL CRACKERS,19,1.78
14113,26209,91857,Limes,4,4.37
14114,24004,197427,Goldfish Parmesan Baked Snack Crackers,19,6.78
14116,26604,10343,Organic Blackberries,4,8.08
14117,14506,146872,Ovals Hamburger Dill Chips,13,0.88
14118,17025,173605,Country Dijon Mustard,13,8.15
14118,37733,173605,Uncured Pepperoni Mini Pizza Bagels Frozen Snacks,1,4.16
14120,21863,60820,Fire Roasted Red Peppers,15,3.44
14121,36735,53976,Organic Roasted Sliced Chicken Breast,20,10.42
14127,26604,51239,Organic Blackberries,4,8.08
14128,1940,27295,Organic 2% Reduced Fat Milk,16,1.23
14128,45064,27295,Honey Wheat Bread,3,1.52
14128,47169,27295,100% O-J Juice,7,8.64
14128,43772,27295,Cherubs Heavenly Salad Tomatoes,4,1.15
14129,6069,189427,Maple Pumpkin Seeds with Sea Salt Chewy with a Crunch Granola Bars,19,7.32
14129,32602,189427,"Cashews, Halves and Pieces",19,9.56
14131,6104,146338,Whole Milk Plain Yogurt,16,1.76
14132,48868,113369,Boneless Pork Loin Roast,12,1.01
14132,35065,113369,Orange Strawberry Banana Juice,7,2.03
14135,16561,23106,Spicy Red Pepper,9,2.69
14135,10500,23106,Cool Mint® Antiseptic Adult Mouthwash,11,12.18
14136,44570,141624,Kale Greens,4,4.15
14137,30148,187556,Organic Stage 2 Chicken Brown Rice Baby Food,18,1.11
14139,35938,72988,Orange Vitamin C Immune Support Adult Gummies,11,7.91
14140,449,89348,Chips Ahoy! Chewy Cookies,19,9.39
14143,32578,81357,Organic Fresh Squeezed Orange Juice,7,6.19
14145,37221,41351,Mocha Coffee,7,3.11
14145,42736,41351,Unsalted Butter,16,9.28
14146,30727,139392,Vanilla Almond Fit Granola,14,7.19
14148,10863,72577,Grain Free Turkey & Salmon Formula Cat Food,8,10.33
14148,43536,72577,Sprouted Seven-Grain Baguette,3,2.0
14150,23054,73346,Whole Wheat Sourdough,3,2.06
14150,890,73346,Organic Diced Tomatoes,15,1.35
14150,1025,73346,Organic Fresh Basil,4,11.34
14150,43768,73346,Organic Bell Pepper,4,2.4
14150,16759,73346,Organic Carrot Bunch,4,4.17
14150,17044,73346,French Baguette,3,6.85
14151,47141,180905,Cola,7,5.77
14151,45007,180905,Organic Zucchini,4,5.08
14151,34969,180905,Red Vine Tomato,4,9.25
14151,5068,180905,Cauliflower Florets,4,5.04
14151,26209,180905,Limes,4,4.37
14151,35939,180905,Organic Jalapeno Pepper,4,9.93
14152,36086,166534,Philadelphia Original Cream Cheese,16,2.08
14152,26209,166534,Limes,4,4.37
14152,38049,166534,Crispy Rounds Tortilla Chips,19,1.15
14153,449,123268,Chips Ahoy! Chewy Cookies,19,9.39
14155,24830,20342,Organic Romaine,4,10.27
14155,45007,20342,Organic Zucchini,4,5.08
14156,5450,56999,Small Hass Avocado,4,5.77
14156,35948,56999,Tonic Water,7,7.7
14157,42110,170830,Organic Macaroni Shells & Real Aged Cheddar,9,12.09
14157,13511,170830,Low Fat Strawberry Yogurt Bars,1,1.31
14159,23783,38291,"Almond Coconut Bar, Organic",19,2.09
14159,20385,38291,Raw Manuka Honey,13,8.39
14160,47025,73439,Naturally Light Indian Tonic Water,7,10.58
14160,26209,73439,Limes,4,4.37
14162,26604,135494,Organic Blackberries,4,8.08
14162,43772,135494,Cherubs Heavenly Salad Tomatoes,4,1.15
14162,39046,135494,Smok Cured Turkey Bacon,12,6.84
14163,5450,96129,Small Hass Avocado,4,5.77
14163,26209,96129,Limes,4,4.37
14163,19003,96129,Celery,4,5.68
14163,83,96129,100% Whole Wheat Pita Bread,3,11.72
14163,1117,96129,Turkey Bacon,12,11.85
14163,22524,96129,Cream Cheese Bar,16,1.12
14164,35470,122673,Water Mineral,7,11.28
14167,46802,26602,Pineapple Chunks,1,6.76
14169,42469,53587,Pacific Cod Fillet,12,5.47
14169,38456,53587,Large Grapefruit,4,3.38
14169,26209,53587,Limes,4,4.37
14173,29865,175087,Sorbet Strawberry Limonata,1,8.89
14173,31727,175087,"Organic Tomato Paste, No Salt Added",15,10.09
14173,17183,175087,Peach Yoghurt,16,6.75
14173,21614,175087,Crackers Harvest Whole Wheat,19,2.38
14173,23765,175087,Organic Smoked Turkey Breast,20,10.28
14173,15414,175087,Double Smoked Uncured Center Cut Bacon,12,11.55
14177,611,174683,Uncured Hard Salami,20,7.19
14179,31564,203166,Crackers,19,1.11
14179,30958,203166,Honey Mustard and Onion Pretzels Pieces,19,7.24
14181,22124,32528,Total 0% Raspberry Yogurt,16,9.08
14182,3843,163134,Organic Brussels Sprouts,4,8.41
14183,24837,118380,Organic Dried Mushrooms Medley,9,2.71
14183,45007,118380,Organic Zucchini,4,5.08
14183,16759,118380,Organic Carrot Bunch,4,4.17
14184,22658,27907,Organic Curry Powder,13,9.64
14186,27796,138631,Real Mayonnaise,13,0.97
14187,20636,74452,Pure Sport Body Wash,11,9.5
14188,19514,116007,Reclosable Sandwich Bags,17,6.88
14189,35939,87217,Organic Jalapeno Pepper,4,9.93
14189,1025,87217,Organic Fresh Basil,4,11.34
14192,45282,147507,Gluten Free Tofu Scramble Breakfast Wrap,1,3.5
14192,35065,147507,Orange Strawberry Banana Juice,7,2.03
14193,7751,89027,Tomato Ketchup,13,1.99
14193,35042,89027,Black Beans,15,5.95
14194,48595,5493,Organic Wheat Square Crackers,19,9.0
14194,27198,5493,Conditioner Clarifying Lemon,11,1.95
14194,23554,5493,Organic Vanilla Bean Ice Cream,1,6.65
14195,18027,26130,Ezekiel 4:9 Bread Organic Sprouted Whole Grain,3,11.3
14196,45007,17282,Organic Zucchini,4,5.08
14197,29195,248,Wild Sardines in Extra Virgin Olive Oil,15,5.4
14197,26209,248,Limes,4,4.37
14198,7963,128295,Gluten Free Whole Grain Bread,1,4.53
14199,27949,23878,Avocado Oil Canyon Cut Kettle Cooked Potato Chips Sea Salt,19,0.97
14202,30827,166540,Seedless Cucumbers,4,5.22
14204,35470,124211,Water Mineral,7,11.28
14205,28465,24434,Icelandic Style Skyr Blueberry Non-fat Yogurt,16,8.32
14208,39404,97084,G2 Low Calorie Raspberry Lemonade,7,8.58
14208,43768,97084,Organic Bell Pepper,4,2.4
14208,45007,97084,Organic Zucchini,4,5.08
14208,2639,97084,Lemon Blended Non-Fat Greek Yogurt,16,4.24
14208,34878,97084,Stackers Kosher Dill Pickles,13,6.56
14215,45815,204571,Organic Florets Broccoli,1,12.12
14217,34969,8806,Red Vine Tomato,4,9.25
14219,11068,202392,Medium Cheddar Cheese Block,16,1.9
14221,7079,96210,Organic Alfalfa Sprouts,4,7.88
14224,25425,190054,Organic Petite Diced Tomatoes,15,7.63
14226,45007,43851,Organic Zucchini,4,5.08
14228,3843,124144,Organic Brussels Sprouts,4,8.41
14228,19514,124144,Reclosable Sandwich Bags,17,6.88
14229,1025,37007,Organic Fresh Basil,4,11.34
14229,14958,37007,Ground Smoked Paprika,13,12.23
14230,30827,179616,Seedless Cucumbers,4,5.22
14234,27690,135927,Apple Cinnamon GoGo Squeez,19,6.29
14236,25705,59890,Butterhead Lettuce,4,0.98
14236,26604,59890,Organic Blackberries,4,8.08
14238,32569,166465,Peanut Butter Cracker Sandwiches,19,8.5
14238,4675,166465,Boniato Sweet Potato,4,9.16
14239,23054,58490,Whole Wheat Sourdough,3,2.06
14240,26604,52153,Organic Blackberries,4,8.08
14242,15273,129846,Organic Jumbo Grade A Pastured Eggs,16,5.15
14243,25647,170548,Heirloom Tomato,4,4.3
14243,13780,170548,Thyme,4,10.2
14244,20899,167030,Goo Berry Pie Probugs Kefir,16,6.29
14244,45007,167030,Organic Zucchini,4,5.08
14249,35470,187404,Water Mineral,7,11.28
14249,34214,187404,Pesto Pizza,1,5.46
14251,26209,72115,Limes,4,4.37
14251,24830,72115,Organic Romaine,4,10.27
14255,10106,24226,Honey & Maple Turkey Breast,20,8.53
14256,26133,74246,Classic Macaroni & Mild Cheddar Cheese,9,8.89
14257,16490,63776,Old Fashioned Whole Wheat Bread,3,1.52
14258,33468,184691,White Pita,3,8.87
14260,26209,167271,Limes,4,4.37
14261,6104,56513,Whole Milk Plain Yogurt,16,1.76
14261,2664,56513,First Prunes,18,3.44
14261,38895,56513,Super Natural Organic Reduced Fat 2% Milk,16,4.95
14262,26209,43905,Limes,4,4.37
14262,32429,43905,Red Mango,4,3.5
14265,45007,203173,Organic Zucchini,4,5.08
14265,38471,203173,Protein Plus Rotini Pasta,9,4.25
14267,10442,69722,Low Fat Madagascar Vanilla Kefir Probiotic Cultured Milk Smoothie,16,9.63
14268,19173,102268,Orange Calcium & Vitamin D Pulp Free,7,11.11
14270,45007,96538,Organic Zucchini,4,5.08
14271,260,49934,Cantaloupe,4,3.01
14271,31215,49934,Lemon Yogurt,16,10.41
14271,35042,49934,Black Beans,15,5.95
14272,890,150547,Organic Diced Tomatoes,15,1.35
14276,4234,190231,Liquid Eggs 99% Real Egg Product,16,8.93
14277,26209,114134,Limes,4,4.37
14279,260,59199,Cantaloupe,4,3.01
14280,27509,93881,Organic Seasoned Yukon Select Potatoes Hashed Browns,1,5.21
14282,28946,67020,Yogurt Tubes Blueberry,16,0.9
14282,5450,67020,Small Hass Avocado,4,5.77
14283,3843,147067,Organic Brussels Sprouts,4,8.41
14285,48186,64013,Lactose Free Half & Half,16,9.32
14286,8348,116571,Organic Red Seedless Grapes,4,2.35
14286,17021,116571,Baked Mini Beef Meatballs,1,9.94
14290,20842,173501,Total 0% Greek Yogurt,16,9.2
14290,45351,173501,Sesame Ginger Low Fat Dressing,13,12.45
14291,16759,12239,Organic Carrot Bunch,4,4.17
14292,11707,190098,Peanut Butter Chocolate Chip Macrobar,19,8.92
14292,45007,190098,Organic Zucchini,4,5.08
14292,48935,190098,Organic Pecans,19,3.3
14293,42372,175491,Pineapple on the Bottom Greek Yogurt,16,11.02
14293,48335,175491,Chocolate Brownie Energy Bar,19,11.61
14293,24492,175491,All Natural Won Ton Wraps,6,5.98
14293,7751,175491,Tomato Ketchup,13,1.99
14293,35042,175491,Black Beans,15,5.95
14294,43772,149335,Cherubs Heavenly Salad Tomatoes,4,1.15
14295,16759,19963,Organic Carrot Bunch,4,4.17
14296,28749,144935,Clasico Instant Coffee,7,5.59
14297,40310,15197,Oven Roasted Turkey Breast,20,8.23
14297,26209,15197,Limes,4,4.37
14297,45819,15197,Nacho Sliced Jalapenos,6,7.46
14302,38266,57071,Fresh Basil,4,10.07
14302,36070,57071,"Super Spinach! Baby Spinach, Baby Bok Choy, Sweet Baby Kale",4,4.34
14303,27690,194218,Apple Cinnamon GoGo Squeez,19,6.29
14303,21739,194218,Hazelnut Truffle Dark Chocolate Bar,19,6.49
14303,43875,194218,Baby Food Stage 2 Blueberry Pear & Purple Carrot,18,6.11
14308,30657,84663,Cheddar Cheese Alternative,16,6.56
14309,32700,187712,Original Whipped Cream,16,0.94
14309,23928,187712,Butter Chicken Simmer Sauce,6,6.25
14309,48588,187712,All Natural Ground Chicken,12,1.57
14310,17877,89127,Original Petroleum Jelly,11,12.08
14311,26604,1828,Organic Blackberries,4,8.08
14311,36810,1828,Original Pancake and Baking Mix,14,5.95
14313,18689,2880,Dairy-Free Chive Cream Cheese,16,10.12
14315,45007,145520,Organic Zucchini,4,5.08
14319,10140,49808,Organic Fontina Cheese,16,2.13
14321,43662,6468,"Yogurt, Strained Low-Fat, Coconut",16,11.87
14321,28465,6468,Icelandic Style Skyr Blueberry Non-fat Yogurt,16,8.32
14322,5068,116251,Cauliflower Florets,4,5.04
14323,6933,102310,Strained Whole-Milk Yogurt Blueberry,16,11.85
14324,47141,68921,Cola,7,5.77
14325,29020,6441,Whiskey,5,10.04
14325,7053,6441,Lime Beer,5,3.46
14326,6104,23524,Whole Milk Plain Yogurt,16,1.76
14327,6104,96547,Whole Milk Plain Yogurt,16,1.76
14327,23765,96547,Organic Smoked Turkey Breast,20,10.28
14327,26209,96547,Limes,4,4.37
14327,21278,96547,All Purpose Crushed Tomatoes,15,1.47
14327,16145,96547,Organic Cannellini Beans,15,5.1
14327,41806,96547,Organic Greek Whole Milk Blended Strawberry Yogurt,16,7.97
14327,4809,96547,Greek Whole Milk Blended Blueberry Yogurt,16,6.38
14327,37754,96547,Organic Blended Raspberry Whole Milk Greek Yogurt,16,4.34
14330,26209,18270,Limes,4,4.37
14331,43768,162940,Organic Bell Pepper,4,2.4
14332,38279,185178,Multi-Grain Soft Taco,3,3.33
14332,44331,185178,Grow & Gain Chocolate Shake Nutritional Drink,18,7.44
14334,1194,119476,Natural Artisan Water,7,7.42
14334,8743,119476,Fully Cooked Turkey Sausage Patties,12,6.96
14334,40198,119476,Blueberry Yoghurt,16,8.81
14334,3631,119476,Organic Whole Milk French Vanilla Yogurt,16,1.49
14335,26604,102301,Organic Blackberries,4,8.08
14336,47792,121934,Organic Beans & Rice Cheddar Cheese Burrito,1,8.35
14336,15567,121934,Crunchy Chickpeas Falafel,19,1.86
14340,260,94102,Cantaloupe,4,3.01
14340,26604,94102,Organic Blackberries,4,8.08
14341,1700,45426,White Cheddar Popcorn,19,5.86
14341,39448,45426,Cold Brew Coffee Mocha,16,11.23
14342,46169,50679,Pure Honey,13,9.7
14343,11865,45648,Light & Lean Spaghetti Italiano with Meatless Meatballs,1,12.22
14344,30910,3807,Double Stuf Golden Sandwich Cookies,19,5.49
14344,42240,3807,Ultra Soft Facial Tissues,17,12.0
14351,10761,73608,Organic Yokids Lemonade/Blueberry Variety Pack Yogurt Squeezers Tubes,16,4.56
14351,7518,73608,Chicken Flavored Bone 4 Inch Dog Chew,8,1.43
14351,20542,73608,Lime Ginger Lemon Agave,7,7.7
14351,43768,73608,Organic Bell Pepper,4,2.4
14353,45007,49405,Organic Zucchini,4,5.08
14356,40055,166804,Unbleached Bread Flour,13,11.91
14357,10106,26885,Honey & Maple Turkey Breast,20,8.53
14357,16145,26885,Organic Cannellini Beans,15,5.1
14358,6919,171747,California Balsamic Oak Aged Olive Oil,13,7.13
14360,26604,48369,Organic Blackberries,4,8.08
14361,46820,78718,Vanilla Pure Almond Milk,16,11.94
14362,14394,125807,"Hello Morning Blueberry, Banana & Quinoa Oatmeal",18,5.91
14365,47866,127009,Jalapeno Potato Chips,19,12.02
14365,38473,127009,Dark Coconut Toffee Organic Chocolate,19,6.98
14365,38164,127009,Almonds & Sea Salt in Dark Chocolate,19,9.32
14367,26209,166208,Limes,4,4.37
14371,16759,78836,Organic Carrot Bunch,4,4.17
14372,28745,198567,Oven Roasted Turkey,20,7.99
14372,42300,198567,Organic Vitality Snack Chia Squeeze Blackberry Bliss,19,9.71
14373,44402,129995,Unsalted Chicken Cooking Stock,15,0.95
14374,32624,73332,Acorn Squash,4,11.22
14374,14267,73332,Organic Refried Black Beans,15,9.37
14374,1940,73332,Organic 2% Reduced Fat Milk,16,1.23
14374,26209,73332,Limes,4,4.37
14374,13780,73332,Thyme,4,10.2
14377,43421,69474,"Little Yums Spinach, Apple, and Kale Teething Wafers",18,5.55
14377,43875,69474,Baby Food Stage 2 Blueberry Pear & Purple Carrot,18,6.11
14377,15336,69474,Tiny Fruits+Veggies Freeze Dried Snacks Banana Mango & Edamame,19,7.03
14380,33468,120163,White Pita,3,8.87
14380,45007,120163,Organic Zucchini,4,5.08
14382,24830,194162,Organic Romaine,4,10.27
14382,33709,194162,All Natural Medium Fire-Roasted Tomato & Jalapeno Salsa,13,4.1
14384,11233,174508,100% Whole Wheat Pre-Sliced Sandwich Thins,3,5.2
14384,39408,174508,Gala Apples,4,4.03
14388,5450,150641,Small Hass Avocado,4,5.77
14390,15336,21000,Tiny Fruits+Veggies Freeze Dried Snacks Banana Mango & Edamame,19,7.03
14391,43772,72125,Cherubs Heavenly Salad Tomatoes,4,1.15
14391,30494,72125,Organic Mango Slices,19,7.63
14395,10,110673,Sparkling Orange Juice & Prickly Pear Beverage,7,7.1
14400,30415,36,"Truffle, Sea Salt",19,6.37
14401,46252,112272,Original Thin Rye Crispbread,19,7.26
14403,24185,60183,Zero Dish Soap Fragrance Free,17,8.86
14404,35284,81668,Dark Chocolate Sugar Free Pudding Snacks,16,10.5
14405,28465,173759,Icelandic Style Skyr Blueberry Non-fat Yogurt,16,8.32
14409,8910,109935,Smooth Almond Butter,13,2.04
14410,27662,51911,Large Grade AA Cage Free Eggs,16,11.86
14410,28745,51911,Oven Roasted Turkey,20,7.99
14411,36735,161622,Organic Roasted Sliced Chicken Breast,20,10.42
14411,33468,161622,White Pita,3,8.87
14411,38562,161622,Pomegranate Arils,4,2.59
14412,26604,169163,Organic Blackberries,4,8.08
14414,34430,24930,Sea Salt & Vinegar Kettle Cooked Potato Chips,19,8.83
14415,44836,94792,Karia Chardonnay,5,9.47
14416,42736,20017,Unsalted Butter,16,9.28
14416,22124,20017,Total 0% Raspberry Yogurt,16,9.08
14416,32569,20017,Peanut Butter Cracker Sandwiches,19,8.5
14417,18491,132837,Signature Egg Sausage & Cheese Burritos,1,10.29
14418,27275,119704,Pineapple Strawberry Sparkling Water,7,7.09
14421,32429,42116,Red Mango,4,3.5
14421,26209,42116,Limes,4,4.37
14421,34861,42116,Beets Bunch,4,1.06
14423,16518,41043,Tropicals Sugar Free 1.65 fl oz Ice Pops,1,5.45
14423,24771,41043,"Fabric Softener Dryer Sheets, April Fresh scent",17,8.12
14424,2002,36630,"The \""World's Best\"" Veggie Burger",1,0.89
14425,40310,177063,Oven Roasted Turkey Breast,20,8.23
14425,44167,177063,Pacific Cooler Juice Drink,7,2.33
14427,3285,120662,Strawberry Squeeze Fruit Spread,13,9.07
14427,4277,120662,Honey Mustard Squeeze,13,8.21
14428,46802,116213,Pineapple Chunks,1,6.76
14431,5068,109550,Cauliflower Florets,4,5.04
14431,48527,109550,Avocado,4,12.54
14432,22124,74234,Total 0% Raspberry Yogurt,16,9.08
14434,4962,48610,Yotoddler Organic Pear Spinach Mango Yogurt,16,10.68
14438,42736,33334,Unsalted Butter,16,9.28
14438,1503,33334,Low Fat Cottage Cheese,16,1.45
14438,24492,33334,All Natural Won Ton Wraps,6,5.98
14438,24830,33334,Organic Romaine,4,10.27
14439,11152,120253,Eggplant Large,4,9.3
14439,45007,120253,Organic Zucchini,4,5.08
14439,32700,120253,Original Whipped Cream,16,0.94
14439,19252,120253,Essentially Enriched Body Lotion,11,9.47
14441,28518,89804,Organic Rice Ramen,9,2.64
14441,19677,89804,Original Pure Creamy Almond Milk,16,6.4
14444,38772,187247,Provolone,16,1.84
14444,41806,187247,Organic Greek Whole Milk Blended Strawberry Yogurt,16,7.97
14445,7079,185594,Organic Alfalfa Sprouts,4,7.88
14448,26604,184974,Organic Blackberries,4,8.08
14450,5450,32820,Small Hass Avocado,4,5.77
14455,7963,47094,Gluten Free Whole Grain Bread,1,4.53
14455,23630,47094,Multi-Seed Original Crackers,19,4.37
14456,47751,120107,Bueno,19,9.08
14457,44371,89125,Alaskan Salmon Burgers,1,11.21
14458,26604,24319,Organic Blackberries,4,8.08
14458,26209,24319,Limes,4,4.37
14459,21949,189974,White Cheddar Semisoft Cheese,16,9.24
14459,39408,189974,Gala Apples,4,4.03
14460,6069,198543,Maple Pumpkin Seeds with Sea Salt Chewy with a Crunch Granola Bars,19,7.32
14460,22124,198543,Total 0% Raspberry Yogurt,16,9.08
14460,46820,198543,Vanilla Pure Almond Milk,16,11.94
14461,28453,201639,Premium Old World Style Black Forest Ham,20,9.07
14461,29577,201639,Prepared Cheese Product Slices,16,3.57
14461,12774,201639,Jumbo Spaghetti & Meatballs In Hearty Tomato Sauce,15,10.83
14468,40268,23832,Organic Wheat-Free & Gluten-Free Original Crackers,19,3.71
14469,22504,181787,Organic Mountain Forest Amber Honey,13,2.16
14470,26209,184776,Limes,4,4.37
14472,12126,74034,Chopped Baby Spinach,1,2.99
14472,34969,74034,Red Vine Tomato,4,9.25
14472,43772,74034,Cherubs Heavenly Salad Tomatoes,4,1.15
14474,22912,164946,85% Ground Beef Patties,12,10.71
14474,43662,164946,"Yogurt, Strained Low-Fat, Coconut",16,11.87
14474,32578,164946,Organic Fresh Squeezed Orange Juice,7,6.19
14475,890,67418,Organic Diced Tomatoes,15,1.35
14476,26209,56323,Limes,4,4.37
14478,2493,38748,Wild Cherry Drink,7,6.21
14481,38772,180444,Provolone,16,1.84
14482,30702,5439,Hampshire 100% Natural Grade A Pasteurized Sour Cream,16,1.63
14485,2596,44687,Lemon Cake Ice Cream,1,2.8
14486,8452,74578,Wild Blueberry Supreme Muffin Mix,13,4.42
14487,36735,167155,Organic Roasted Sliced Chicken Breast,20,10.42
14489,40589,107330,Lemonlime Electrolyte Tabs,7,3.78
14491,41803,93644,Uncrustables Peanut Butter & Strawberry Jam Sandwiches,1,2.96
14491,33956,93644,Mighty Mango Juice Smoothie,7,7.47
14491,7483,93644,Chive & Onion Cream Cheese Spread,16,11.48
14493,41543,72640,Strawberry Dairy-Free Probiotic Drinkable Cashewgurt,21,9.25
14493,28745,72640,Oven Roasted Turkey,20,7.99
14497,27662,169948,Large Grade AA Cage Free Eggs,16,11.86
14498,1117,30213,Turkey Bacon,12,11.85
14498,31387,30213,Natural Almonds 100 Calorie Packs,19,12.4
14500,30827,169039,Seedless Cucumbers,4,5.22
14501,22290,79931,Organic Chai Tea Bags,7,5.1
14501,46802,79931,Pineapple Chunks,1,6.76
14501,42736,79931,Unsalted Butter,16,9.28
14502,36735,190409,Organic Roasted Sliced Chicken Breast,20,10.42
14502,28666,190409,Organic Vitality Snack Wild Raspberry,18,8.37
14507,33540,49237,Whole Grain Organic Blueberry Waffles,1,4.77
14508,45007,163324,Organic Zucchini,4,5.08
14511,19171,33824,100% Lactose Free Organic 2% Reduced Fat Milk,16,9.21
14512,1940,161554,Organic 2% Reduced Fat Milk,16,1.23
14513,1940,39098,Organic 2% Reduced Fat Milk,16,1.23
14514,19677,37322,Original Pure Creamy Almond Milk,16,6.4
14515,2677,146263,Yerba Mate Sparkling Classic Gold,7,2.49
14515,16070,146263,Organic Elmo Noodlemania Soup,15,1.52
14516,44570,106337,Kale Greens,4,4.15
14516,38996,106337,Grape Tomatoes,4,4.64
14516,27796,106337,Real Mayonnaise,13,0.97
14519,38456,5453,Large Grapefruit,4,3.38
14520,20842,39133,Total 0% Greek Yogurt,16,9.2
14520,20636,39133,Pure Sport Body Wash,11,9.5
14521,890,16948,Organic Diced Tomatoes,15,1.35
14523,42736,105300,Unsalted Butter,16,9.28
14523,29894,105300,Organic Dark Brown Sugar,13,7.64
14524,45007,64906,Organic Zucchini,4,5.08
14526,27433,30763,Artisan French Rolls,1,4.71
14527,26209,154678,Limes,4,4.37
14529,34969,78154,Red Vine Tomato,4,9.25
14529,26209,78154,Limes,4,4.37
14529,40598,78154,Fudge Brownie Mix,13,11.23
14529,40310,78154,Oven Roasted Turkey Breast,20,8.23
14530,4316,41051,Cheese Trio Quiche,1,5.3
14530,449,41051,Chips Ahoy! Chewy Cookies,19,9.39
14530,22920,41051,Roasted & Salted Shelled Pistachios,19,7.88
14530,8460,41051,Hearty Thick Cut Bacon,12,5.7
14530,32700,41051,Original Whipped Cream,16,0.94
14531,42736,127525,Unsalted Butter,16,9.28
14531,260,127525,Cantaloupe,4,3.01
14531,18359,127525,Bag of Red Delicious Apples,4,2.76
14535,8224,34667,Chicken Bouillon Cubes,15,2.12
14535,890,34667,Organic Diced Tomatoes,15,1.35
14535,8523,34667,Scoops,19,8.31
14535,23751,34667,Classic Guacamole Spicy Mix,13,10.52
14536,46802,107362,Pineapple Chunks,1,6.76
14539,38513,121390,No Stick Extra Virgin Olive Oil Cooking Spray,13,3.01
14540,30827,3192,Seedless Cucumbers,4,5.22
14541,260,184769,Cantaloupe,4,3.01
14542,44371,9109,Alaskan Salmon Burgers,1,11.21
14544,8460,56734,Hearty Thick Cut Bacon,12,5.7
14546,38456,172760,Large Grapefruit,4,3.38
14548,39781,99064,Original 7 Grain Crackers,19,6.08
14548,39408,99064,Gala Apples,4,4.03
14549,22463,16298,Chicken Taco Seasoning Mix,13,10.27
14551,35470,103118,Water Mineral,7,11.28
14553,1035,108578,Chamomile Citrus Caffeine Free Herbal Tea Artisan Whole Leaf Pouches,7,9.97
14554,22920,150757,Roasted & Salted Shelled Pistachios,19,7.88
14554,1503,150757,Low Fat Cottage Cheese,16,1.45
14556,28635,31012,0% Greek Yogurt Black Cherry on the Bottom,16,7.7
14558,4169,100244,Original Pork Sausage,12,5.12
14559,7116,56330,Large Enriched Bread,3,2.99
14560,12240,41059,Vanilla Protein Almond Milk,16,3.4
14561,35034,18011,Peppermint Sugar Free Gum,19,6.12
14562,33741,32186,Gluten Free Classic Hamburger Buns,3,10.9
14562,45081,32186,Gluten-Free Pancake Mix,14,11.26
14564,8138,70122,Traditional Hummus,20,2.75
14565,45007,119078,Organic Zucchini,4,5.08
14565,5450,119078,Small Hass Avocado,4,5.77
14565,30494,119078,Organic Mango Slices,19,7.63
14565,28745,119078,Oven Roasted Turkey,20,7.99
14565,7350,119078,Natural Lime Flavor Sparkling Mineral Water,7,1.88
14566,1194,69729,Natural Artisan Water,7,7.42
14566,42372,69729,Pineapple on the Bottom Greek Yogurt,16,11.02
14566,47141,69729,Cola,7,5.77
14568,1700,154942,White Cheddar Popcorn,19,5.86
14568,30696,154942,Eggo Homestyle Waffles,1,6.45
14574,8638,59959,Vanilla Milk Chocolate Almond Ice Cream Bars,1,8.33
14574,41602,59959,Deli Select Ultra Thin Honey Ham,20,4.95
14575,12427,57367,Original Beef Jerky,19,3.08
14575,39408,57367,Gala Apples,4,4.03
14576,35042,64606,Black Beans,15,5.95
14576,27830,64606,Baby Lima Beans,1,11.89
14577,13708,174957,"Liquid Hand Soap, Refill, Lavender Scent",11,3.43
14578,26209,139829,Limes,4,4.37
14578,260,139829,Cantaloupe,4,3.01
14578,32016,139829,Fresh Fussilli,9,1.28
14578,37538,139829,Organic Sweet Pea,4,3.61
14578,35939,139829,Organic Jalapeno Pepper,4,9.93
14578,5450,139829,Small Hass Avocado,4,5.77
14579,40268,188307,Organic Wheat-Free & Gluten-Free Original Crackers,19,3.71
14580,18689,64474,Dairy-Free Chive Cream Cheese,16,10.12
14580,26652,64474,Dairy Free Cheddar Style Shells & Cheese,9,6.99
14580,12315,64474,Dairy Free Hazelnut Coconut Milk Creamer,16,12.03
14580,33527,64474,Organic Classic Rich Crackers,19,7.46
14580,19906,64474,Fresh Whole White Mushrooms,4,2.73
14580,34844,64474,Morning Blend 100% Juice,7,4.04
14580,46820,64474,Vanilla Pure Almond Milk,16,11.94
14581,48099,17166,Truffle Parmesan Macaroni & Cheese Bowl,1,9.05
14581,13431,17166,Flaky Biscuits,13,1.83
14581,27509,17166,Organic Seasoned Yukon Select Potatoes Hashed Browns,1,5.21
14581,37055,17166,Organic Cheesy Ravioli,15,10.77
14588,20842,151797,Total 0% Greek Yogurt,16,9.2
14588,35939,151797,Organic Jalapeno Pepper,4,9.93
14588,36070,151797,"Super Spinach! Baby Spinach, Baby Bok Choy, Sweet Baby Kale",4,4.34
14590,28465,79753,Icelandic Style Skyr Blueberry Non-fat Yogurt,16,8.32
14590,10369,79753,Organic Genoa Salami,20,2.35
14592,38817,27435,Sugarfree,7,2.12
14592,46515,27435,Cheez-It Packs,19,1.69
14592,7276,27435,Berry Blend Dried Fruit,19,7.47
14593,14437,45175,Total Greek Yogurt With Honey,16,6.44
14594,21612,90126,Men +Care Clean Comfort Body and Face Wash,11,6.23
14595,25,184111,Salted Caramel Lean Protein & Fiber Bar,19,5.44
14596,18027,18261,Ezekiel 4:9 Bread Organic Sprouted Whole Grain,3,11.3
14597,26604,77343,Organic Blackberries,4,8.08
14598,38164,64801,Almonds & Sea Salt in Dark Chocolate,19,9.32
14599,11068,73138,Medium Cheddar Cheese Block,16,1.9
14599,13256,73138,Cappuccino,19,5.67
14599,26629,73138,Cherry Pie Fruit & Nut Bar,19,1.38
14599,22159,73138,Red Machine Juice Smoothie,7,2.1
14599,9530,73138,Premium Strawberry Banana Fruit Smoothie Blend,7,4.78
14601,48527,184024,Avocado,4,12.54
14601,40268,184024,Organic Wheat-Free & Gluten-Free Original Crackers,19,3.71
14605,47211,160773,Kettle Cooked Potato Chips Original,19,3.65
14605,36906,160773,Sweet Potato Hash Browns,1,11.84
14607,44277,125911,Natural Boneless Skinless Chicken Thighs,12,4.34
14608,4962,191334,Yotoddler Organic Pear Spinach Mango Yogurt,16,10.68
14608,1025,191334,Organic Fresh Basil,4,11.34
14608,38558,191334,Organic Low Fat Cottage Cheese,16,9.47
14608,35383,191334,Classic White Bread,3,6.03
14610,44368,61437,Fresh Mozzarella Cheese,16,11.12
14612,32700,120559,Original Whipped Cream,16,0.94
14612,37247,120559,Instant Vanilla Pudding & Pie Filling,13,3.69
14612,43183,120559,Deli Fresh Shaved Smoked Turkey Breast,20,12.45
14617,31185,156936,Red Beans & Rice New Orleans Recipe,9,5.97
14617,26209,156936,Limes,4,4.37
14617,13733,156936,Red Potatoes,4,4.73
14617,36070,156936,"Super Spinach! Baby Spinach, Baby Bok Choy, Sweet Baby Kale",4,4.34
14617,31564,156936,Crackers,19,1.11
14617,27464,156936,Direct Trade House Blend Medium Roast Ground Coffee,7,11.02
14617,45683,156936,Heavy Duty Scrub Sponge,17,9.11
14617,8237,156936,Go Fresh Cool Moisture Beauty Bar Soap,11,10.98
14617,35042,156936,Black Beans,15,5.95
14617,1117,156936,Turkey Bacon,12,11.85
14618,2664,88135,First Prunes,18,3.44
14619,17183,20731,Peach Yoghurt,16,6.75
14619,22124,20731,Total 0% Raspberry Yogurt,16,9.08
14619,40198,20731,Blueberry Yoghurt,16,8.81
14622,21614,205550,Crackers Harvest Whole Wheat,19,2.38
14622,18881,205550,Coconut Milk Vanilla Frozen Dessert,1,2.62
14624,4977,190746,Mushroom Barley Soup,20,8.5
14624,33810,190746,Citrus Dish Soap,17,9.69
14624,34969,190746,Red Vine Tomato,4,9.25
14625,13974,49299,Reduced Fat Creamy Peanut Butter Spread,13,8.81
14625,26604,49299,Organic Blackberries,4,8.08
14625,13249,49299,Skim Milk,16,9.33
14625,42829,49299,Vanilla Chocolate Almond Crunch Bar,1,1.05
14626,16759,37019,Organic Carrot Bunch,4,4.17
14626,45007,37019,Organic Zucchini,4,5.08
14628,48595,130903,Organic Wheat Square Crackers,19,9.0
14628,26209,130903,Limes,4,4.37
14628,42110,130903,Organic Macaroni Shells & Real Aged Cheddar,9,12.09
14629,5450,115544,Small Hass Avocado,4,5.77
14629,44570,115544,Kale Greens,4,4.15
14629,44212,115544,Chili Mix,13,0.99
14629,26209,115544,Limes,4,4.37
14629,35948,115544,Tonic Water,7,7.7
14629,32624,115544,Acorn Squash,4,11.22
14630,19173,92699,Orange Calcium & Vitamin D Pulp Free,7,11.11
14630,40198,92699,Blueberry Yoghurt,16,8.81
14630,48595,92699,Organic Wheat Square Crackers,19,9.0
14631,12315,61197,Dairy Free Hazelnut Coconut Milk Creamer,16,12.03
14633,38318,195804,Original Flavor Instant Oatmeal,14,8.98
14635,26209,95620,Limes,4,4.37
14635,46462,95620,Crossovers Caramel Hny Almond,19,11.73
14636,17044,90728,French Baguette,3,6.85
14637,20842,8061,Total 0% Greek Yogurt,16,9.2
14641,43875,84132,Baby Food Stage 2 Blueberry Pear & Purple Carrot,18,6.11
14642,40310,114036,Oven Roasted Turkey Breast,20,8.23
14643,48099,126562,Truffle Parmesan Macaroni & Cheese Bowl,1,9.05
14644,1503,59569,Low Fat Cottage Cheese,16,1.45
14645,26209,9868,Limes,4,4.37
14646,23765,173138,Organic Smoked Turkey Breast,20,10.28
14648,28465,87802,Icelandic Style Skyr Blueberry Non-fat Yogurt,16,8.32
14648,39781,87802,Original 7 Grain Crackers,19,6.08
14648,43662,87802,"Yogurt, Strained Low-Fat, Coconut",16,11.87
14648,26209,87802,Limes,4,4.37
14649,33135,142485,Organic Blueberry Kefir,16,8.24
14651,37355,94745,Organic Extra Virgin Coconut Oil,13,1.06
14652,22286,42257,Organic Super Beet Juice,7,11.88
14652,30962,42257,Vanilla Greek Yogurt 0% Fat,16,12.25
14652,27044,42257,Maple Almond Butter,13,8.9
14652,18656,42257,Organic Red Potato,4,1.93
14652,7773,42257,Hazelnut Toffee Dark Chocolate Bar,19,6.72
14652,45413,42257,Hand Wash Lavander Flower & Mint,11,5.12
14652,37067,42257,Organic Banana,4,10.85
14653,23183,135411,Carnation Evaporated Milk,13,6.6
14658,43662,190736,"Yogurt, Strained Low-Fat, Coconut",16,11.87
14658,45007,190736,Organic Zucchini,4,5.08
14659,46280,197792,Light & Fit Greek Blueberry Greek Yogurt,16,1.19
14661,37810,83396,99% Dark Chocolate Critters,19,11.09
14661,42796,83396,Broccoli Pot Pie With Cheddar Cheese Sauce,1,6.75
14661,405,83396,100% Organic Diced Tomatoes,15,2.11
14663,26604,5970,Organic Blackberries,4,8.08
14664,6104,39455,Whole Milk Plain Yogurt,16,1.76
14667,39024,15461,Edamame In Pod,1,5.6
14669,12844,127547,Blue Edition Blueberry Flavored Energy Drink,7,6.37
14673,5450,73276,Small Hass Avocado,4,5.77
14675,3469,10446,Organic Vegetarian Mild Refried Beans With Green Chiles,15,5.89
14675,37067,10446,Organic Banana,4,10.85
14675,46770,10446,Raw Hummus,13,11.95
14675,18677,10446,"Minis, Coconut Milk, Non-Dairy Frozen Dessert, no sugar added Vanilla Bar",1,11.94
14675,36070,10446,"Super Spinach! Baby Spinach, Baby Bok Choy, Sweet Baby Kale",4,4.34
14678,4933,203186,with Olive Oil Mayonnaise,13,7.02
14678,22740,203186,Vegetable Oil Spread with Calcium,16,10.87
14678,14005,203186,Ultimate Caesar Salad Kit,4,1.9
14678,36086,203186,Philadelphia Original Cream Cheese,16,2.08
14678,42475,203186,Unsalted Butter Quarters,16,2.61
14678,37067,203186,Organic Banana,4,10.85
14680,717,46491,Sweeper Open Window Fresh Scent Wet Mopping Cloths Refill,17,4.92
14681,8866,151453,Organic White Chocolate Peanut Butter Cups,19,4.23
14682,43621,4129,Chik'n Patties,1,12.48
14685,24535,21560,Plain Whole Milk Yogurt,16,6.17
14685,7751,21560,Tomato Ketchup,13,1.99
14685,40198,21560,Blueberry Yoghurt,16,8.81
14687,44292,108105,Premium Unsweetened Iced Tea,7,7.57
14687,47843,108105,Froot Loops Family Size Cereal,14,12.15
14689,46584,192626,YoKids Blueberry & Strawberry/Vanilla Yogurt,16,8.82
14689,16508,192626,Stage 3 Hearty Meals - Chick Chick Organic Baby Food,18,11.78
14689,11212,192626,Apple Blueberry Fruit Yogurt Smoothie,18,11.52
14690,42814,138795,Raw Cashews,19,6.39
14691,16840,76678,Mild Guacamole,20,2.21
14693,43768,187288,Organic Bell Pepper,4,2.4
14693,33746,187288,Simply Stock Organic Vegetable Unsalted Stock,15,11.09
14694,38562,96048,Pomegranate Arils,4,2.59
14694,18027,96048,Ezekiel 4:9 Bread Organic Sprouted Whole Grain,3,11.3
14694,20842,96048,Total 0% Greek Yogurt,16,9.2
14695,3213,125291,Spicy Black Bean & Kale Organic Soup,15,1.63
14695,6999,125291,Organic Fresh Pressed Pure Lemon Juice,7,7.32
14695,18881,125291,Coconut Milk Vanilla Frozen Dessert,1,2.62
14695,28424,125291,Tex Mex Jackfruit,16,8.49
14699,9955,84886,Unsweetened Organic Coconut Milk,16,6.48
14700,26209,31096,Limes,4,4.37
14704,46802,109906,Pineapple Chunks,1,6.76
14705,34969,108494,Red Vine Tomato,4,9.25
14705,34844,108494,Morning Blend 100% Juice,7,4.04
14705,44089,108494,Concord Grape Juice,7,11.36
14705,38740,108494,Ginger Peach Black Bagged Tea,7,9.46
14705,8092,108494,Organic Garlic & ButterCroutons,13,9.05
14707,12974,54141,Organic Horseradish Mustard,13,5.38
14707,8056,54141,Berry Bounty Trail Mix,19,8.47
14707,32578,54141,Organic Fresh Squeezed Orange Juice,7,6.19
14708,15790,4823,Organic Veggie Bites,1,4.88
14708,26604,4823,Organic Blackberries,4,8.08
14710,6104,122542,Whole Milk Plain Yogurt,16,1.76
14711,16927,203178,Instant Rice Vermicelli Noodles,6,7.24
14714,6999,69028,Organic Fresh Pressed Pure Lemon Juice,7,7.32
14717,34969,70702,Red Vine Tomato,4,9.25
14718,10193,6808,Shredded Carrots,4,11.21
14719,11919,203326,"Tender white meat chicken in a red chile lime sauce with a medley of roasted corn, peppers, and rice Chile Lime Chicken",1,7.47
14725,44570,179661,Kale Greens,4,4.15
14726,43662,73747,"Yogurt, Strained Low-Fat, Coconut",16,11.87
14727,12312,72988,Lavender Hand Soap,11,11.33
14730,45007,178860,Organic Zucchini,4,5.08
14730,260,178860,Cantaloupe,4,3.01
14730,37067,178860,Organic Banana,4,10.85
14730,35383,178860,Classic White Bread,3,6.03
14730,10369,178860,Organic Genoa Salami,20,2.35
14731,42736,140355,Unsalted Butter,16,9.28
14731,24492,140355,All Natural Won Ton Wraps,6,5.98
14735,2962,82159,"Milk, Reduced Fat, 2% Milkfat",16,8.89
14735,20670,82159,Organic Lentil Vegetable Soup,15,10.83
14735,41437,82159,Hearty Minestrone with Vegetables Soup,15,11.43
14735,4698,82159,Oscillo Oscillococcinum Quick-Dissolving Pellets,11,1.47
14735,22504,82159,Organic Mountain Forest Amber Honey,13,2.16
14736,30827,174454,Seedless Cucumbers,4,5.22
14737,23985,119782,Baby Eggplant,4,1.55
14738,26209,17163,Limes,4,4.37
14739,42736,42910,Unsalted Butter,16,9.28
14739,611,42910,Uncured Hard Salami,20,7.19
14742,19514,22274,Reclosable Sandwich Bags,17,6.88
14743,23765,171096,Organic Smoked Turkey Breast,20,10.28
14744,41999,149481,Cut Tulips (Choose Color),4,1.99
14744,1025,149481,Organic Fresh Basil,4,11.34
14744,5450,149481,Small Hass Avocado,4,5.77
14745,1940,189319,Organic 2% Reduced Fat Milk,16,1.23
14746,21506,5045,Organic Raisin Bran Cereal,14,2.69
14747,24830,114605,Organic Romaine,4,10.27
14747,20842,114605,Total 0% Greek Yogurt,16,9.2
14747,26209,114605,Limes,4,4.37
14748,22504,33481,Organic Mountain Forest Amber Honey,13,2.16
14748,16145,33481,Organic Cannellini Beans,15,5.1
14748,26209,33481,Limes,4,4.37
14748,34969,33481,Red Vine Tomato,4,9.25
14749,26209,193462,Limes,4,4.37
14751,28745,15968,Oven Roasted Turkey,20,7.99
14751,38772,15968,Provolone,16,1.84
14751,10668,15968,Organic Mixed Herbs,4,4.24
14752,26172,177238,Light Sour Cream,16,7.26
14754,21225,118530,Honey Bunches With Almonds Cereal,14,1.97
14756,11707,125525,Peanut Butter Chocolate Chip Macrobar,19,8.92
14756,26209,125525,Limes,4,4.37
14757,7542,161131,Ready to Serve Brown & Wild 4.4 Oz Rice,9,11.19
14761,38772,160539,Provolone,16,1.84
14761,8092,160539,Organic Garlic & ButterCroutons,13,9.05
14763,38558,35044,Organic Low Fat Cottage Cheese,16,9.47
14766,890,109175,Organic Diced Tomatoes,15,1.35
14767,24830,185524,Organic Romaine,4,10.27
14768,1194,21334,Natural Artisan Water,7,7.42
14771,34969,47608,Red Vine Tomato,4,9.25
14774,10603,171018,93% Ground Beef,12,3.6
14776,44292,109056,Premium Unsweetened Iced Tea,7,7.57
14776,40674,109056,Peas & Carrots,1,8.83
14777,26209,76750,Limes,4,4.37
14777,21614,76750,Crackers Harvest Whole Wheat,19,2.38
14780,39408,52919,Gala Apples,4,4.03
14780,10060,52919,Original BBQ Sauce,13,8.23
14780,32286,52919,Jersey Tomato Sauce,9,9.8
14781,46802,71884,Pineapple Chunks,1,6.76
14783,47630,85310,Medium Navel Orange,4,5.6
14783,20067,85310,Original Plain Mega Probiotic,11,8.54
14783,9955,85310,Unsweetened Organic Coconut Milk,16,6.48
14785,13780,160053,Thyme,4,10.2
14785,7773,160053,Hazelnut Toffee Dark Chocolate Bar,19,6.72
14786,10106,115375,Honey & Maple Turkey Breast,20,8.53
14786,25705,115375,Butterhead Lettuce,4,0.98
14790,7350,29167,Natural Lime Flavor Sparkling Mineral Water,7,1.88
14790,45007,29167,Organic Zucchini,4,5.08
14793,31726,46184,Original Redness Relief Sterile Tetrahydrozoline HCl Eye Drops,11,8.61
14794,30878,59785,Organic Chopped Ginger,13,1.6
14795,31387,192015,Natural Almonds 100 Calorie Packs,19,12.4
14795,38471,192015,Protein Plus Rotini Pasta,9,4.25
14796,48878,74555,Kale & Sea Salt Popcorn,19,8.59
14798,36362,192398,"Baked Crackers, Cheddar Cheese",14,3.95
14798,1025,192398,Organic Fresh Basil,4,11.34
14798,3464,192398,"Organic Butterhead (Boston, Butter, Bibb) Lettuce",4,9.0
14798,20842,192398,Total 0% Greek Yogurt,16,9.2
14800,7963,17684,Gluten Free Whole Grain Bread,1,4.53
14801,32235,74642,No Caffeine Lemon Lime Soda,7,1.07
14803,12572,71237,6 OZ LA PANZANELLA CROSTINI ORIGINAL CRACKERS,19,1.78
14806,2298,39836,"Muffins, Mini, Flax, Chocolate Brownie",3,8.0
14806,40310,39836,Oven Roasted Turkey Breast,20,8.23
14806,18550,39836,Organic Original Coconut Smoothie,7,9.29
14807,17789,73969,Soy Free Buttery Spread,16,11.19
14808,5597,97882,"Deep Green Blends, Kale",4,1.7
14813,40310,146851,Oven Roasted Turkey Breast,20,8.23
14814,5450,149809,Small Hass Avocado,4,5.77
14814,26604,149809,Organic Blackberries,4,8.08
14814,1233,149809,Baking Bar Ghirardelli 60% Cacao,13,5.48
14815,30827,128581,Seedless Cucumbers,4,5.22
14818,17044,6698,French Baguette,3,6.85
14818,42110,6698,Organic Macaroni Shells & Real Aged Cheddar,9,12.09
14820,43662,159573,"Yogurt, Strained Low-Fat, Coconut",16,11.87
14820,1700,159573,White Cheddar Popcorn,19,5.86
14820,28465,159573,Icelandic Style Skyr Blueberry Non-fat Yogurt,16,8.32
14821,38772,105428,Provolone,16,1.84
14821,28946,105428,Yogurt Tubes Blueberry,16,0.9
14822,10761,6401,Organic Yokids Lemonade/Blueberry Variety Pack Yogurt Squeezers Tubes,16,4.56
14823,1940,27295,Organic 2% Reduced Fat Milk,16,1.23
14823,47169,27295,100% O-J Juice,7,8.64
14825,45751,79454,Light Weight Instant Action  Litter,8,3.43
14826,12955,98204,"Super Foods/Organic Apples, Spinach, Peas & Broccoli + Super Chia Snack Pouch",18,3.05
14827,22504,188608,Organic Mountain Forest Amber Honey,13,2.16
14827,12693,188608,Cherry And Almond 70% Dark Chocolate Bar,19,10.27
14827,38473,188608,Dark Coconut Toffee Organic Chocolate,19,6.98
14827,22627,188608,Gluten Free Flour,13,7.99
14828,19625,137495,Organic Chicken & Vegetable Potstickers,1,11.18
14828,12974,137495,Organic Horseradish Mustard,13,5.38
14829,13780,171624,Thyme,4,10.2
14830,22912,184755,85% Ground Beef Patties,12,10.71
14830,44570,184755,Kale Greens,4,4.15
14832,49273,157805,Light and Lean Quinoa Black Beans with Butternut Squash and Chard,1,1.34
14835,24735,60835,Red Velvet Cake Ice Cream,1,6.4
14836,17044,773,French Baguette,3,6.85
14836,42736,773,Unsalted Butter,16,9.28
14836,260,773,Cantaloupe,4,3.01
14837,32578,101036,Organic Fresh Squeezed Orange Juice,7,6.19
14838,31461,136896,Cheese Tamale Verde,1,11.15
14838,35150,136896,Organic Salted Caramel Chocolate Truffles,19,12.23
14838,1194,136896,Natural Artisan Water,7,7.42
14838,13431,136896,Flaky Biscuits,13,1.83
14838,32505,136896,Francese Home Bake Rolls,3,5.48
14839,45007,57621,Organic Zucchini,4,5.08
14841,30827,59054,Seedless Cucumbers,4,5.22
14841,29015,59054,Honey Bunches of Oats Roasted Oats,14,10.54
14842,27796,67266,Real Mayonnaise,13,0.97
14843,45064,190207,Honey Wheat Bread,3,1.52
14843,17993,190207,Shredded Colby & Monterey Jack Cheeses,16,8.89
14843,10888,190207,Organic Gummy Worms,19,11.12
14843,8743,190207,Fully Cooked Turkey Sausage Patties,12,6.96
14847,5450,63776,Small Hass Avocado,4,5.77
14851,3318,83745,Cinnamon Swirl Raisin Bread,3,4.94
14851,39982,83745,Sausage  Links,1,7.5
14851,45619,83745,G Series Blueberry Pomegranate,7,10.08
14852,26209,166919,Limes,4,4.37
14853,37940,136927,Original Strawberry Low Fat Yogurt,16,12.55
14853,36735,136927,Organic Roasted Sliced Chicken Breast,20,10.42
14853,43772,136927,Cherubs Heavenly Salad Tomatoes,4,1.15
14853,49352,136927,Natural Extra Sharp Cheddar Cheese,16,8.82
14853,2668,136927,Whips! Strawberry Mist Yogurt Mousse,16,11.64
14855,1000,27672,Apricots,10,1.27
14855,42469,27672,Pacific Cod Fillet,12,5.47
14856,24830,142964,Organic Romaine,4,10.27
14856,38456,142964,Large Grapefruit,4,3.38
14857,13249,128710,Skim Milk,16,9.33
14858,1700,173946,White Cheddar Popcorn,19,5.86
14858,3177,173946,Thick Spaghetti Pasta,9,1.79
14858,41354,173946,All Occasion Classic White Paper Plates,17,6.31
14858,34969,173946,Red Vine Tomato,4,9.25
14859,26604,104242,Organic Blackberries,4,8.08
14862,26209,2604,Limes,4,4.37
14862,2652,2604,Chocolate Blend Granola,14,10.48
14862,18471,2604,Organic Light Agave Nectar,13,0.93
14863,6069,83560,Maple Pumpkin Seeds with Sea Salt Chewy with a Crunch Granola Bars,19,7.32
14863,594,83560,Gluten Free Peanut Butter Berry  Chewy With A Crunch Granola Bars,19,11.11
14865,7963,77582,Gluten Free Whole Grain Bread,1,4.53
14866,32115,101975,93/7 Ground Beef,2,12.26
14867,12053,5543,Panama Peach Antioxidant Infusion,7,3.45
14867,45116,5543,Potatoes Sweet,4,1.02
14867,44888,5543,Organic Peeled Butternut Squash,4,10.33
14867,23039,5543,Fat Free Cream Cheese,16,1.3
14869,45007,203896,Organic Zucchini,4,5.08
14869,9955,203896,Unsweetened Organic Coconut Milk,16,6.48
14871,33120,140164,Organic Egg Whites,16,5.33
14871,26604,140164,Organic Blackberries,4,8.08
14871,40310,140164,Oven Roasted Turkey Breast,20,8.23
14872,18435,176281,50% Less Sodium Garbanzo Beans,15,10.51
14873,33120,101856,Organic Egg Whites,16,5.33
14874,18881,67705,Coconut Milk Vanilla Frozen Dessert,1,2.62
14875,18027,186747,Ezekiel 4:9 Bread Organic Sprouted Whole Grain,3,11.3
14876,28698,49107,Asian Noodle Salad,20,1.65
14878,33527,107814,Organic Classic Rich Crackers,19,7.46
14878,14553,107814,Oats & Honey Granola,14,2.32
14880,39408,146834,Gala Apples,4,4.03
14880,13075,146834,Dried Figs,19,9.12
14880,42475,146834,Unsalted Butter Quarters,16,2.61
14881,10106,48361,Honey & Maple Turkey Breast,20,8.53
14881,49026,48361,Plain Almond Milk Yogurt,16,12.26
14881,32781,48361,Gluten Free Sunrise Crunchy Maple Cereal,14,8.64
14883,7350,4869,Natural Lime Flavor Sparkling Mineral Water,7,1.88
14884,9448,91849,Original Liquid Fabric Softener,17,12.43
14891,13249,35416,Skim Milk,16,9.33
14891,27690,35416,Apple Cinnamon GoGo Squeez,19,6.29
14892,12614,197900,Yellow Grape Tomatoes,4,1.39
14892,5068,197900,Cauliflower Florets,4,5.04
14892,49621,197900,Challah Bread,3,5.17
14892,44570,197900,Kale Greens,4,4.15
14893,30962,79254,Vanilla Greek Yogurt 0% Fat,16,12.25
14895,34861,29176,Beets Bunch,4,1.06
14896,35336,75432,Naked Green Machine Boosted Juice Smoothie,7,1.11
14898,13113,136281,Organic Apple Juice Boxes,7,9.79
14898,38996,136281,Grape Tomatoes,4,4.64
14900,47630,45331,Medium Navel Orange,4,5.6
14901,1700,50607,White Cheddar Popcorn,19,5.86
14903,6568,43344,Snacks Mango,19,8.66
14906,32505,112298,Francese Home Bake Rolls,3,5.48
14906,23296,112298,Blueberry on the Bottom Nonfat Greek Yogurt,16,2.27
14907,42372,94840,Pineapple on the Bottom Greek Yogurt,16,11.02
14908,26604,119061,Organic Blackberries,4,8.08
14908,39408,119061,Gala Apples,4,4.03
14908,1025,119061,Organic Fresh Basil,4,11.34
14909,48546,30079,Banana Smoothie Mix,7,9.94
14909,39982,30079,Sausage  Links,1,7.5
14909,45674,30079,Antioxidant Infusions Molokai Coconut,7,11.19
14910,34969,63452,Red Vine Tomato,4,9.25
14910,14645,63452,De Mexico,7,11.72
14910,39225,63452,Golden Fishless Filet,1,3.02
14911,18019,103738,Macaroni & Cheese Dinner Original Flavor,9,3.73
14911,30958,103738,Honey Mustard and Onion Pretzels Pieces,19,7.24
14912,1700,55066,White Cheddar Popcorn,19,5.86
14913,28946,51508,Yogurt Tubes Blueberry,16,0.9
14914,45007,47448,Organic Zucchini,4,5.08
14917,20518,19074,"Club Delight Sausage, Egg, & Cheese Sandwiches",12,0.91
14917,30827,19074,Seedless Cucumbers,4,5.22
14918,8056,16874,Berry Bounty Trail Mix,19,8.47
14918,26209,16874,Limes,4,4.37
14920,18963,61321,Apple Cider Vinegar,13,9.67
14920,36333,61321,Heirloom Bean Veggie Burgers,1,6.03
14924,4149,87990,Frozen Organic Blueberries,4,11.59
14924,48812,87990,Variety Pack,17,7.23
14925,39265,171699,Ground Coriander,13,5.02
14926,9597,15962,Sweet Kale Chopped Salad,4,3.58
14927,45007,171712,Organic Zucchini,4,5.08
14928,34969,115405,Red Vine Tomato,4,9.25
14930,42736,187619,Unsalted Butter,16,9.28
14930,19003,187619,Celery,4,5.68
14930,27662,187619,Large Grade AA Cage Free Eggs,16,11.86
14931,1025,26897,Organic Fresh Basil,4,11.34
14931,7079,26897,Organic Alfalfa Sprouts,4,7.88
14932,28465,157671,Icelandic Style Skyr Blueberry Non-fat Yogurt,16,8.32
14932,13249,157671,Skim Milk,16,9.33
14934,39408,14075,Gala Apples,4,4.03
14938,36792,30698,Gluten Free Omega Flax & Fiber Bread,3,3.98
14938,18656,30698,Organic Red Potato,4,1.93
14939,3836,158167,Spinach And Artichoke Hummus,20,6.73
14940,20842,198405,Total 0% Greek Yogurt,16,9.2
14941,26604,197521,Organic Blackberries,4,8.08
14942,17044,38902,French Baguette,3,6.85
14943,29974,173381,Gluten Free Cinnamon French Toast Sticks,1,12.54
14945,27001,94678,Organic Seasoned Rice Vinegar Dressing,6,0.91
14947,19003,81707,Celery,4,5.68
14949,29153,94509,Classic Pizza Crust,13,8.07
14952,20542,196488,Lime Ginger Lemon Agave,7,7.7
14952,3464,196488,"Organic Butterhead (Boston, Butter, Bibb) Lettuce",4,9.0
14953,14154,21116,Reduced Fat Sharp Cheddar Cheese,16,1.34
14953,32727,21116,Reduced Fat 4 Cheese Mexican Shredded Cheese,16,5.27
14953,4478,21116,Chocolate Fudge Brownie Frozen Yogurt,1,8.48
14954,1000,7746,Apricots,10,1.27
14954,36103,7746,Extra Light Olive Oil,13,2.69
14954,5258,7746,Sparkling Water,7,10.95
14954,24532,7746,Cranberry Almond Chicken Salad,3,2.66
14959,18019,99721,Macaroni & Cheese Dinner Original Flavor,9,3.73
14959,13287,99721,Bistro Bowl Chicken Caesar Salad,4,7.49
14966,25647,77311,Heirloom Tomato,4,4.3
14967,26209,22909,Limes,4,4.37
14969,27413,54307,100% Mighty Mango Juice Smoothie,7,7.25
14972,44133,137889,Sundried Tomatoes in Olive Oil,15,2.64
14976,37067,76646,Organic Banana,4,10.85
14976,343,76646,Organic Whole Peeled Baby Carrots,4,5.78
14979,8460,192171,Hearty Thick Cut Bacon,12,5.7
14979,37915,192171,"Cheese \""Forte\"" Ravioli",9,7.26
14980,42736,110436,Unsalted Butter,16,9.28
14982,28609,33009,Whole Grain Rotini,9,1.55
14982,1086,33009,Jack's Special Salsa Medium Hot,13,5.17
14982,1462,33009,Gallon Freezer Reclosable Bags,17,2.84
14983,38456,75159,Large Grapefruit,4,3.38
14984,32035,58202,Toasted Pine Nut Couscous Mix,9,8.57
14985,49026,6810,Plain Almond Milk Yogurt,16,12.26
14987,8235,186721,Dry Shampoo,11,1.6
14989,46584,141479,YoKids Blueberry & Strawberry/Vanilla Yogurt,16,8.82
14989,23216,141479,Fancy Shredded Cheese Italian Blend,16,0.89
14991,26604,39117,Organic Blackberries,4,8.08
14993,33808,196772,Original Ranch Salad Dress & Seasoning Mix,13,10.0
14993,10193,196772,Shredded Carrots,4,11.21
14993,46820,196772,Vanilla Pure Almond Milk,16,11.94
14993,15221,196772,2% Milk,16,11.05
14995,31726,27784,Original Redness Relief Sterile Tetrahydrozoline HCl Eye Drops,11,8.61
14996,47127,124731,Everyday Shea Body Lotion,11,9.41
14996,6104,124731,Whole Milk Plain Yogurt,16,1.76
15004,24118,77393,Vegan Big Cup Pad Thai Noodle Soup,15,12.17
15006,19543,40083,Brioche Hot Dog Buns,3,6.39
15006,43421,40083,"Little Yums Spinach, Apple, and Kale Teething Wafers",18,5.55
15006,22504,40083,Organic Mountain Forest Amber Honey,13,2.16
15007,1940,109917,Organic 2% Reduced Fat Milk,16,1.23
15007,20842,109917,Total 0% Greek Yogurt,16,9.2
15009,7598,34104,Organic Unsweetened Creamy Cashewmilk,16,8.56
15009,48595,34104,Organic Wheat Square Crackers,19,9.0
15011,27433,17507,Artisan French Rolls,1,4.71
15012,24830,185634,Organic Romaine,4,10.27
15012,20842,185634,Total 0% Greek Yogurt,16,9.2
15013,10166,94535,Almond Milk Cookies N' Cream Non-Dairy Frozen Dessert,1,2.02
15013,32429,94535,Red Mango,4,3.5
15013,29270,94535,Beet Apple Carrot Lemon Ginger Organic Cold Pressed Juice Beverage,7,5.56
15013,20869,94535,Yellow Potato,4,4.45
15015,46584,181729,YoKids Blueberry & Strawberry/Vanilla Yogurt,16,8.82
15015,11068,181729,Medium Cheddar Cheese Block,16,1.9
15023,3464,181791,"Organic Butterhead (Boston, Butter, Bibb) Lettuce",4,9.0
15024,44570,37210,Kale Greens,4,4.15
15025,33120,100407,Organic Egg Whites,16,5.33
15026,4145,21361,Organic Chicken Breast In Water,15,10.97
15027,27182,128608,"Organic Plain Natural Lowfat Yogurt, 1.5% Milkfat",16,2.83
15027,10193,128608,Shredded Carrots,4,11.21
15029,25705,193212,Butterhead Lettuce,4,0.98
15030,6104,1246,Whole Milk Plain Yogurt,16,1.76
15030,49555,1246,Apple Apricot Sauce,15,5.12
15031,6069,57920,Maple Pumpkin Seeds with Sea Salt Chewy with a Crunch Granola Bars,19,7.32
15031,22124,57920,Total 0% Raspberry Yogurt,16,9.08
15032,23637,53539,Maple & Brown Sugar High Fiber Instant Oatmeal,14,1.87
15033,36348,36310,Organic Baby Food Fruit Mashup Mama Bear Blueberry 7+ Mo,18,2.53
15034,18027,45013,Ezekiel 4:9 Bread Organic Sprouted Whole Grain,3,11.3
15034,42404,45013,Multi Grain Waffles,1,12.48
15035,260,57896,Cantaloupe,4,3.01
15037,45117,52063,Organic Dark Chocolate Peanut Butter Trail Mix Bar,19,3.45
15041,30696,22373,Eggo Homestyle Waffles,1,6.45
15041,18721,22373,"Baked Rice and Corn Puffs, Aged White Cheddar",19,2.22
15042,30962,147309,Vanilla Greek Yogurt 0% Fat,16,12.25
15043,5258,205968,Sparkling Water,7,10.95
15045,45007,116713,Organic Zucchini,4,5.08
15047,35042,88907,Black Beans,15,5.95
15047,1700,88907,White Cheddar Popcorn,19,5.86
15050,37067,161400,Organic Banana,4,10.85
15050,2298,161400,"Muffins, Mini, Flax, Chocolate Brownie",3,8.0
15050,20842,161400,Total 0% Greek Yogurt,16,9.2
15050,20977,161400,The Natural Whipped Topping,16,9.73
15050,33120,161400,Organic Egg Whites,16,5.33
15052,43772,201006,Cherubs Heavenly Salad Tomatoes,4,1.15
15055,43409,153394,Frosted Mini-Wheats Original Cereal,14,12.46
15055,41608,153394,Marketplace Bean and Cheese Enchilada Verde,1,7.17
15055,26172,153394,Light Sour Cream,16,7.26
15056,28733,139103,Chicken Nuggets,1,11.03
15056,13511,139103,Low Fat Strawberry Yogurt Bars,1,1.31
15056,10603,139103,93% Ground Beef,12,3.6
15058,260,179516,Cantaloupe,4,3.01
15062,35042,90266,Black Beans,15,5.95
15063,38911,39982,Fun Size Variety Mix,19,10.33
15064,20842,100935,Total 0% Greek Yogurt,16,9.2
15065,23054,166399,Whole Wheat Sourdough,3,2.06
15068,21072,131826,Organic Blackberry Sorbet Bars,1,5.57
15072,42345,117405,Baby Food Pouch - Roasted Carrot Spinach & Beans,18,4.39
15072,44787,117405,Stage 1 - Just Prunes,18,6.69
15074,42345,92678,Baby Food Pouch - Roasted Carrot Spinach & Beans,18,4.39
15074,31334,92678,Chocolate Almond & Sea Salt with Chia Granola Bars,19,2.94
15078,3464,1095,"Organic Butterhead (Boston, Butter, Bibb) Lettuce",4,9.0
15079,260,162762,Cantaloupe,4,3.01
15080,6638,185334,Organic Brown Rice Crisps Cereal,14,1.39
15081,28413,36614,Bunny-Luv Organic Carrots,4,7.3
15084,39397,81325,Chicken in a Biskit Baked Snack Crackers,19,3.31
15089,35425,159109,Gluten Free Brown Rice English Muffins 6 ct,3,11.37
15089,35939,159109,Organic Jalapeno Pepper,4,9.93
15092,45007,145692,Organic Zucchini,4,5.08
15092,30753,145692,Organic Red Lentil Penne,9,2.58
15093,26209,184091,Limes,4,4.37
15093,21278,184091,All Purpose Crushed Tomatoes,15,1.47
15093,13733,184091,Red Potatoes,4,4.73
15093,34969,184091,Red Vine Tomato,4,9.25
15095,19126,34546,Cafe Steamers Asian Potstickers,1,6.03
15095,37425,34546,Cafe Steamers Cajun Style Chicken & Shrimp,1,8.64
15095,5183,34546,Sesame Chicken,1,8.44
15097,3464,37096,"Organic Butterhead (Boston, Butter, Bibb) Lettuce",4,9.0
15097,13249,37096,Skim Milk,16,9.33
15097,18471,37096,Organic Light Agave Nectar,13,0.93
15098,5450,200034,Small Hass Avocado,4,5.77
15100,37067,96058,Organic Banana,4,10.85
15100,45007,96058,Organic Zucchini,4,5.08
15100,33316,96058,Lemongrass & Clementine Zest Natural Dish Liquid,17,0.96
15100,43647,96058,Organic Asparagus Spears,1,11.18
15101,8390,76594,Diet Ginger Ale,7,12.0
15102,43463,10632,Tall Kitchen Trash Bags with Flap Closure 13 gallon,17,8.09
15102,32304,10632,Reduced Sodium Vegetable Lentil & Roasted Red Peppers Soup,15,0.99
15103,43772,72456,Cherubs Heavenly Salad Tomatoes,4,1.15
15104,33911,6634,Zero Calorie Cream Soda,7,7.55
15105,32525,82889,Petite Truffle Brie,16,4.19
15105,15455,82889,Organic Extra Virgin Oil Olive,13,8.12
15106,39348,140867,Gummy Vitamin C Slices Plus Vitamin E,11,9.13
15110,14378,195560,Finocchiona Salami,20,7.26
15110,26209,195560,Limes,4,4.37
15110,48595,195560,Organic Wheat Square Crackers,19,9.0
15110,38164,195560,Almonds & Sea Salt in Dark Chocolate,19,9.32
15110,2664,195560,First Prunes,18,3.44
15111,18408,70977,Smoked Turkey Slices,20,3.47
15111,14557,70977,Uncured Turkey Pastrami,20,9.08
15111,40055,70977,Unbleached Bread Flour,13,11.91
15112,44898,186559,Organic Mac And Trees Fun Shape Macaroni & Cheese,20,1.21
15112,14437,186559,Total Greek Yogurt With Honey,16,6.44
15112,1700,186559,White Cheddar Popcorn,19,5.86
15114,14206,155441,"Light Bulb, Soft White, 150W",17,9.23
15115,34214,116891,Pesto Pizza,1,5.46
15115,26665,116891,Tandoor Baked Naan,3,8.66
15116,13249,116201,Skim Milk,16,9.33
15116,22089,116201,Vitamin D Milk,16,12.21
15118,23296,204447,Blueberry on the Bottom Nonfat Greek Yogurt,16,2.27
15120,43821,198887,1 Apple + 1 Mango Fruit Bar,19,4.67
15120,32304,198887,Reduced Sodium Vegetable Lentil & Roasted Red Peppers Soup,15,0.99
15124,22524,15864,Cream Cheese Bar,16,1.12
15125,43768,135247,Organic Bell Pepper,4,2.4
15125,28946,135247,Yogurt Tubes Blueberry,16,0.9
15127,38863,144535,Organic Cajun Andouille Sausage,12,9.06
15128,12565,162633,Family Pack Beef & Bean Chimichangas,1,6.9
15128,17096,162633,Mixed Fruit in 100% Cherry  Juice,15,10.62
15129,15693,188398,Organic Peach Oo La Long Tea,7,9.36
15129,4232,188398,"Ambrosia, Medium Roast",7,7.31
15129,7139,188398,Sooo Good Light Roast Coffee,7,3.74
15130,22548,12629,Coldbrew Coffee Pops,1,5.89
15130,36810,12629,Original Pancake and Baking Mix,14,5.95
15132,32134,1679,Lactose Free Plain Kefir,16,3.11
15134,307,7810,Precious Mozzarella Cheese,16,7.27
15135,42736,45580,Unsalted Butter,16,9.28
15136,28946,96108,Yogurt Tubes Blueberry,16,0.9
15137,36735,79460,Organic Roasted Sliced Chicken Breast,20,10.42
15138,42474,176714,Anti-Diarrheal Mint Liquid,11,2.3
15146,37067,125140,Organic Banana,4,10.85
15147,12397,102409,Earl Grey Tea Bags,7,6.93
15147,6647,102409,Navel Orange,4,4.34
15148,10,165812,Sparkling Orange Juice & Prickly Pear Beverage,7,7.1
15150,8143,194587,Baker's Pure Cane Ultrafine Sugar,13,6.42
15152,11068,25136,Medium Cheddar Cheese Block,16,1.9
15153,15011,85900,"Pita Chips, Simply Naked",19,11.46
15155,1194,91128,Natural Artisan Water,7,7.42
15155,17183,91128,Peach Yoghurt,16,6.75
15157,23815,153862,Bosc Pears,4,9.02
15159,19828,50730,Red Delicious Apples,4,5.14
15161,49667,130762,Enchilada with Spanish Rice & Beans Meal,1,10.34
15166,43338,137710,Pyramid Black Tea Bags,7,3.76
15166,45007,137710,Organic Zucchini,4,5.08
15166,5450,137710,Small Hass Avocado,4,5.77
15166,23630,137710,Multi-Seed Original Crackers,19,4.37
15166,26209,137710,Limes,4,4.37
15166,34166,137710,Organic Shredded Parmesan,16,8.84
15167,38456,132978,Large Grapefruit,4,3.38
15167,38558,132978,Organic Low Fat Cottage Cheese,16,9.47
15167,17044,132978,French Baguette,3,6.85
15167,38164,132978,Almonds & Sea Salt in Dark Chocolate,19,9.32
15167,2298,132978,"Muffins, Mini, Flax, Chocolate Brownie",3,8.0
15167,781,132978,Organic Shredded Mild Cheddar,16,2.78
15171,34974,149863,Baby Mum-Mum Banana  Rice Rusks,18,5.26
15171,44368,149863,Fresh Mozzarella Cheese,16,11.12
15171,8138,149863,Traditional Hummus,20,2.75
15172,36086,10696,Philadelphia Original Cream Cheese,16,2.08
15175,38164,140975,Almonds & Sea Salt in Dark Chocolate,19,9.32
15175,26177,140975,Organic Honey Nut O's Cereal,14,3.76
15175,15835,140975,Apricot + Vanilla Hand Soap,11,8.81
15176,18721,77621,"Baked Rice and Corn Puffs, Aged White Cheddar",19,2.22
15178,17331,154926,Coconut Oil Kettle Cooked Potato Chips Sea Salt,19,5.75
15179,26149,175251,Brushless Dog Toothpaste,8,5.69
15179,7185,175251,Rosemary Mini Croccantini,19,4.79
15179,260,175251,Cantaloupe,4,3.01
15180,44375,188560,Canned Aranciata Orange,7,3.21
15180,33120,188560,Organic Egg Whites,16,5.33
15180,890,188560,Organic Diced Tomatoes,15,1.35
15180,16145,188560,Organic Cannellini Beans,15,5.1
15180,18689,188560,Dairy-Free Chive Cream Cheese,16,10.12
15184,25552,173213,Organic Steel Cut Oats,14,4.64
15184,35065,173213,Orange Strawberry Banana Juice,7,2.03
15186,35336,148982,Naked Green Machine Boosted Juice Smoothie,7,1.11
15187,12312,96337,Lavender Hand Soap,11,11.33
15187,13431,96337,Flaky Biscuits,13,1.83
15191,47815,88154,Hazelnut Coffee Creamer,16,8.55
15191,32762,88154,Nutri-Grain Soft Baked Mixed Berry Cereal Breakfast Bars,14,6.24
15193,24062,160754,Flourless  Sprouted Whole Grain 7-Sprouted Grains English Muffins,3,4.68
15193,38164,160754,Almonds & Sea Salt in Dark Chocolate,19,9.32
15193,14486,160754,One Bun Multigrain Whole Grain Pita,3,6.73
15194,46584,121596,YoKids Blueberry & Strawberry/Vanilla Yogurt,16,8.82
15196,30751,72670,All-Purpose Flour,13,9.34
15197,890,194533,Organic Diced Tomatoes,15,1.35
15197,39055,194533,Mild Salsa Roja,20,12.54
15200,14870,25532,Icelandic Style Fat Free Plain Yogurt,16,4.27
15200,13733,25532,Red Potatoes,4,4.73
15201,45051,90028,Pub Mix,19,8.23
15201,42500,90028,Orange & Lemon Flavor Variety Pack Sparkling Fruit Beverage,7,6.51
15203,35065,16879,Orange Strawberry Banana Juice,7,2.03
15203,45866,16879,Fig Newmans Fruit Filled Cookies,19,2.46
15204,43662,68528,"Yogurt, Strained Low-Fat, Coconut",16,11.87
15204,28465,68528,Icelandic Style Skyr Blueberry Non-fat Yogurt,16,8.32
15206,29270,13446,Beet Apple Carrot Lemon Ginger Organic Cold Pressed Juice Beverage,7,5.56
15206,26209,13446,Limes,4,4.37
15206,45007,13446,Organic Zucchini,4,5.08
15207,13431,16850,Flaky Biscuits,13,1.83
15207,5450,16850,Small Hass Avocado,4,5.77
15207,27690,16850,Apple Cinnamon GoGo Squeez,19,6.29
15207,41999,16850,Cut Tulips (Choose Color),4,1.99
15207,42404,16850,Multi Grain Waffles,1,12.48
15208,24532,175533,Cranberry Almond Chicken Salad,3,2.66
15208,15790,175533,Organic Veggie Bites,1,4.88
15209,39408,105217,Gala Apples,4,4.03
15209,1854,105217,Pineapple Slices In Heavy Syrup,15,11.21
15209,47141,105217,Cola,7,5.77
15209,57,105217,Flat Toothpicks,17,8.32
15209,47297,105217,"10\"" Graham Ready Crust",13,6.38
15210,45599,100165,Organic Strawberry Lemonade Fruit Juice Drink,7,6.8
15210,28698,100165,Asian Noodle Salad,20,1.65
15210,46802,100165,Pineapple Chunks,1,6.76
15211,9641,130986,"Action Pacs, Fresh Scent with Dawn",17,2.31
15212,29270,29148,Beet Apple Carrot Lemon Ginger Organic Cold Pressed Juice Beverage,7,5.56
15215,31350,164326,Salted Almond Butter Filled Dark Chocolate Bar,19,6.27
15215,49424,164326,Cereal Honey Bears,13,8.25
15215,45163,164326,Seaweed Rice Chips Sea Salt,19,8.17
15216,8866,52572,Organic White Chocolate Peanut Butter Cups,19,4.23
15216,27275,52572,Pineapple Strawberry Sparkling Water,7,7.09
15216,20324,52572,Lavender Harvest Aromatherapy Mist,17,11.04
15217,48038,67418,Cauliflower Green,4,10.74
15219,30827,114261,Seedless Cucumbers,4,5.22
15221,45051,116993,Pub Mix,19,8.23
15222,28358,98716,Chocolate Chip Vegan Cookie Dough,13,5.77
15223,5450,110835,Small Hass Avocado,4,5.77
15224,8345,50710,Instant Banana Cream Sugar Free Fat Free Pudding & Pie Filling,13,4.63
15225,5068,98783,Cauliflower Florets,4,5.04
15225,34942,98783,Kahuna Crunch Trail Mix,19,5.24
15229,43875,11852,Baby Food Stage 2 Blueberry Pear & Purple Carrot,18,6.11
15230,33771,81292,"Charcoal Briquets,  Instant",17,3.23
15231,45007,74848,Organic Zucchini,4,5.08
15231,47630,74848,Medium Navel Orange,4,5.6
15232,26209,165820,Limes,4,4.37
15233,48116,176278,Lowfat Kefir Plain Unsweetened,16,1.44
15235,17914,118413,DayQuil Severe Cold & Flu,11,8.65
15235,24956,118413,Cafe Steamers Chicken Margherita,1,1.64
15238,781,198180,Organic Shredded Mild Cheddar,16,2.78
15239,20842,89592,Total 0% Greek Yogurt,16,9.2
15240,8638,43026,Vanilla Milk Chocolate Almond Ice Cream Bars,1,8.33
15240,35383,43026,Classic White Bread,3,6.03
15241,7350,77943,Natural Lime Flavor Sparkling Mineral Water,7,1.88
15243,46106,59898,Organic Sriracha Hummus,20,3.17
15245,3318,32575,Cinnamon Swirl Raisin Bread,3,4.94
15248,29701,113327,Mary Kitchen 50% Reduced Fat Corned Beef Hash,15,1.34
15248,8180,113327,Grands! Flaky Layers Honey Butter Biscuit,13,9.55
15248,45099,113327,Steak Fries Thick-Cut French Fried Potatoes,1,3.87
15248,48144,113327,Tater Tots,1,1.22
15249,35284,147598,Dark Chocolate Sugar Free Pudding Snacks,16,10.5
15250,45007,181342,Organic Zucchini,4,5.08
15252,10060,63776,Original BBQ Sauce,13,8.23
15255,37355,125978,Organic Extra Virgin Coconut Oil,13,1.06
15255,7963,125978,Gluten Free Whole Grain Bread,1,4.53
15255,42347,125978,Caffeine Free Diet Cola All Natural Soda,7,11.32
15257,6750,51263,Cheese Ravioli with Sauce Bowls,1,11.37
15258,26604,14872,Organic Blackberries,4,8.08
15258,1940,14872,Organic 2% Reduced Fat Milk,16,1.23
15259,26209,66143,Limes,4,4.37
15260,26209,67869,Limes,4,4.37
15260,30494,67869,Organic Mango Slices,19,7.63
15260,35939,67869,Organic Jalapeno Pepper,4,9.93
15264,13780,13346,Thyme,4,10.2
15264,21678,13346,Fresh Chicken Thighs,12,10.14
15265,42736,22459,Unsalted Butter,16,9.28
15266,2535,12856,Shaved Parmesan,16,9.81
15267,19828,143647,Red Delicious Apples,4,5.14
15274,20899,85387,Goo Berry Pie Probugs Kefir,16,6.29
15277,4574,89857,Organic Fat Free French Vanilla Yogurt,16,5.66
15277,1025,89857,Organic Fresh Basil,4,11.34
15278,32211,59395,Whole Grains Oatnut Bread,3,8.78
15278,37148,59395,"Milk Chocolate Candies, Bonus Bag",19,4.64
15279,3245,174847,Organic Stage 2 Apple Oatmeal With Cinnamon Baby Food,18,4.15
15279,27514,174847,Maple Glazed Honey Ham,20,6.39
15281,5450,79935,Small Hass Avocado,4,5.77
15281,20034,79935,Potted Basil,4,6.24
15283,28465,152486,Icelandic Style Skyr Blueberry Non-fat Yogurt,16,8.32
15283,41860,152486,Sea Salt Baked Potato Chips,19,5.7
15283,47621,152486,Chocolate Strong Dark,19,6.39
15287,6638,54876,Organic Brown Rice Crisps Cereal,14,1.39
15288,31564,90887,Crackers,19,1.11
15290,43768,28117,Organic Bell Pepper,4,2.4
15291,7350,150387,Natural Lime Flavor Sparkling Mineral Water,7,1.88
15291,20899,150387,Goo Berry Pie Probugs Kefir,16,6.29
15291,46990,150387,Ground Buffalo,12,10.44
15291,16840,150387,Mild Guacamole,20,2.21
15292,42500,35779,Orange & Lemon Flavor Variety Pack Sparkling Fruit Beverage,7,6.51
15293,13113,73267,Organic Apple Juice Boxes,7,9.79
15294,47792,153706,Organic Beans & Rice Cheddar Cheese Burrito,1,8.35
15294,26209,153706,Limes,4,4.37
15295,18471,42792,Organic Light Agave Nectar,13,0.93
15296,43647,29621,Organic Asparagus Spears,1,11.18
15297,26604,32618,Organic Blackberries,4,8.08
15297,45007,32618,Organic Zucchini,4,5.08
15299,3651,119504,Dairy Pure Fresh Half & Half,16,5.99
15301,23985,97161,Baby Eggplant,4,1.55
15301,26604,97161,Organic Blackberries,4,8.08
15301,15831,97161,Kosher Chicken Breasts Boneless And Skinless,1,6.95
15302,45007,163579,Organic Zucchini,4,5.08
15303,46562,45219,Sweet & Salty Nut Granola Bars Peanut,19,3.56
15304,33911,175598,Zero Calorie Cream Soda,7,7.55
15305,35042,65664,Black Beans,15,5.95
15306,42736,139829,Unsalted Butter,16,9.28
15307,21278,54902,All Purpose Crushed Tomatoes,15,1.47
15307,8523,54902,Scoops,19,8.31
15307,49284,54902,Fennel Seed,13,3.57
15309,5450,76986,Small Hass Avocado,4,5.77
15311,26209,12590,Limes,4,4.37
15311,40268,12590,Organic Wheat-Free & Gluten-Free Original Crackers,19,3.71
15312,39408,47233,Gala Apples,4,4.03
15312,7116,47233,Large Enriched Bread,3,2.99
15313,32624,120840,Acorn Squash,4,11.22
15313,10761,120840,Organic Yokids Lemonade/Blueberry Variety Pack Yogurt Squeezers Tubes,16,4.56
15315,6814,28486,Steamers Tuscan Seasoned Broccoli,1,7.06
15316,30461,77267,Organic Multigrain Mild Green Mojo Tortilla Chips,19,7.11
15317,1194,48436,Natural Artisan Water,7,7.42
15317,29865,48436,Sorbet Strawberry Limonata,1,8.89
15318,47504,91463,Blueberry Breakfast Biscuits,14,7.81
15319,27796,100270,Real Mayonnaise,13,0.97
15319,13249,100270,Skim Milk,16,9.33
15319,48527,100270,Avocado,4,12.54
15319,23975,100270,Small Odor Shield Trash Bags,17,4.14
15320,30696,127433,Eggo Homestyle Waffles,1,6.45
15321,35383,81018,Classic White Bread,3,6.03
15324,45007,153910,Organic Zucchini,4,5.08
15326,5258,129867,Sparkling Water,7,10.95
15327,47141,167631,Cola,7,5.77
15328,16630,84170,Cough & Chest Congestion Chestal Honey Cough Syrup,11,2.93
15329,32727,51307,Reduced Fat 4 Cheese Mexican Shredded Cheese,16,5.27
15329,11233,51307,100% Whole Wheat Pre-Sliced Sandwich Thins,3,5.2
15329,12053,51307,Panama Peach Antioxidant Infusion,7,3.45
15330,21614,131385,Crackers Harvest Whole Wheat,19,2.38
15330,17789,131385,Soy Free Buttery Spread,16,11.19
15331,22159,156359,Red Machine Juice Smoothie,7,2.1
15331,27413,156359,100% Mighty Mango Juice Smoothie,7,7.25
15331,5445,156359,Protein Zone Protein Juice Smoothie,7,5.82
15335,1940,89726,Organic 2% Reduced Fat Milk,16,1.23
15335,5258,89726,Sparkling Water,7,10.95
15336,10193,199539,Shredded Carrots,4,11.21
15340,38966,8931,Unsalted Peanut Butter Filled Pretzels,19,5.5
15340,48186,8931,Lactose Free Half & Half,16,9.32
15341,40268,111608,Organic Wheat-Free & Gluten-Free Original Crackers,19,3.71
15342,39024,97927,Edamame In Pod,1,5.6
15342,7751,97927,Tomato Ketchup,13,1.99
15346,34878,166434,Stackers Kosher Dill Pickles,13,6.56
15346,7751,166434,Tomato Ketchup,13,1.99
15348,18963,190158,Apple Cider Vinegar,13,9.67
15348,35939,190158,Organic Jalapeno Pepper,4,9.93
15348,13733,190158,Red Potatoes,4,4.73
15349,38164,28522,Almonds & Sea Salt in Dark Chocolate,19,9.32
15349,20899,28522,Goo Berry Pie Probugs Kefir,16,6.29
15350,31127,57827,Sweet Batard,3,5.64
15350,9283,57827,Organic Bucatini,9,1.54
15350,1356,57827,"Sweet Potato, White Beans & Cinnamon Stage 2",18,8.47
15350,39219,57827,Artichoke Quarters,15,9.59
15351,2596,66397,Lemon Cake Ice Cream,1,2.8
15352,36070,89095,"Super Spinach! Baby Spinach, Baby Bok Choy, Sweet Baby Kale",4,4.34
15354,1194,1103,Natural Artisan Water,7,7.42
15357,4960,79688,Three Cheese Mini Pizza Bagels Frozen Snacks,1,5.28
15358,1117,166093,Turkey Bacon,12,11.85
15358,18721,166093,"Baked Rice and Corn Puffs, Aged White Cheddar",19,2.22
15359,10369,56799,Organic Genoa Salami,20,2.35
15363,35939,62772,Organic Jalapeno Pepper,4,9.93
15364,38456,41702,Large Grapefruit,4,3.38
15364,11707,41702,Peanut Butter Chocolate Chip Macrobar,19,8.92
15364,16759,41702,Organic Carrot Bunch,4,4.17
15372,42347,76120,Caffeine Free Diet Cola All Natural Soda,7,11.32
15377,7854,39596,Freeze Dried Mango Slices,19,9.01
15378,16759,197585,Organic Carrot Bunch,4,4.17
15381,15860,116875,Natural Apple Sauce Cups,15,8.98
15384,2962,19918,"Milk, Reduced Fat, 2% Milkfat",16,8.89
15388,48099,28486,Truffle Parmesan Macaroni & Cheese Bowl,1,9.05
15388,30958,28486,Honey Mustard and Onion Pretzels Pieces,19,7.24
15389,43772,53794,Cherubs Heavenly Salad Tomatoes,4,1.15
15391,1940,146495,Organic 2% Reduced Fat Milk,16,1.23
15391,29094,146495,Flip Coffee Break Bliss Greek Yogurt,16,8.93
15391,16754,146495,Flip PB&J Low-Fat Greek Yogurt,16,4.76
15391,10527,146495,Whipped Butter,16,3.95
15391,30727,146495,Vanilla Almond Fit Granola,14,7.19
15391,1560,146495,Bag Of Ice,1,11.41
15392,46462,175970,Crossovers Caramel Hny Almond,19,11.73
15394,25691,97302,Original Life Cereal,14,4.24
15394,12276,97302,Chocolate Chip Cookie Dough Ice Cream,1,8.4
15396,15433,116257,Oatmeal Raisin Walnut Bar,19,6.74
15397,2452,103589,Naturals Chicken Nuggets,1,1.24
15398,12846,56587,Pomegranate Blackberry Probiotics Juice Drink,7,10.26
15398,31342,56587,Organic SprouTofu Extra Firm Tofu,20,9.28
15398,17352,56587,100% Whole Wheat English Muffin 6 Ct,3,9.91
15399,37754,179839,Organic Blended Raspberry Whole Milk Greek Yogurt,16,4.34
15399,24830,179839,Organic Romaine,4,10.27
15401,1202,92060,Organic Whole Grain Oatmeal Cereal Baby Food,18,9.64
15401,25542,92060,"Orzo, No. 65",9,0.92
15402,26629,163696,Cherry Pie Fruit & Nut Bar,19,1.38
15402,43875,163696,Baby Food Stage 2 Blueberry Pear & Purple Carrot,18,6.11
15403,21057,59604,Organic Brown Rice Spaghetti,9,6.56
15403,16398,59604,Guava Goddess Organic Kambucha,7,1.59
15405,23630,47717,Multi-Seed Original Crackers,19,4.37
15406,14870,174807,Icelandic Style Fat Free Plain Yogurt,16,4.27
15406,12427,174807,Original Beef Jerky,19,3.08
15406,34942,174807,Kahuna Crunch Trail Mix,19,5.24
15408,12614,43365,Yellow Grape Tomatoes,4,1.39
15408,24497,43365,Organic Cauliflower Florets,4,7.52
15408,39249,43365,Organic Persian Cucumber,4,12.47
15412,26209,141605,Limes,4,4.37
15412,42693,141605,Talenti Banana Chocolate Swirl Gelato,1,11.63
15413,30827,20885,Seedless Cucumbers,4,5.22
15414,10369,19626,Organic Genoa Salami,20,2.35
15419,13733,151126,Red Potatoes,4,4.73
15419,42736,151126,Unsalted Butter,16,9.28
15419,47966,151126,Old Fashioned Rolled Oats,14,2.74
15420,38164,128356,Almonds & Sea Salt in Dark Chocolate,19,9.32
15420,46802,128356,Pineapple Chunks,1,6.76
15420,36070,128356,"Super Spinach! Baby Spinach, Baby Bok Choy, Sweet Baby Kale",4,4.34
15425,36070,171736,"Super Spinach! Baby Spinach, Baby Bok Choy, Sweet Baby Kale",4,4.34
15427,39408,5808,Gala Apples,4,4.03
15432,46574,113078,Kombu Sea Vegetable,6,1.35
15433,21683,191912,Organic Multigrain English Muffins,3,7.64
15434,45007,131936,Organic Zucchini,4,5.08
15434,26209,131936,Limes,4,4.37
15435,45007,179342,Organic Zucchini,4,5.08
15436,38508,198251,Lightly Salted Kettle Potato Chips - Sea Salt,19,4.06
15436,18721,198251,"Baked Rice and Corn Puffs, Aged White Cheddar",19,2.22
15436,42736,198251,Unsalted Butter,16,9.28
15436,48370,198251,Sensitive Toilet Paper,17,9.33
15438,26604,83907,Organic Blackberries,4,8.08
15438,38164,83907,Almonds & Sea Salt in Dark Chocolate,19,9.32
15438,26293,83907,Organic Tart Cherry Juice,7,10.5
15439,13431,174680,Flaky Biscuits,13,1.83
15440,46541,190670,Corn Flakes,14,2.21
15440,42447,190670,100% Juice,7,12.08
15444,35042,169654,Black Beans,15,5.95
15445,9172,132572,Crepes,3,8.8
15449,26209,120892,Limes,4,4.37
15449,32429,120892,Red Mango,4,3.5
15449,33709,120892,All Natural Medium Fire-Roasted Tomato & Jalapeno Salsa,13,4.1
15449,17134,120892,Pepper Jack String Cheese,16,8.63
15451,40268,14631,Organic Wheat-Free & Gluten-Free Original Crackers,19,3.71
15451,39787,14631,Smoked Wild Alaskan Coho Salmon,12,10.15
15451,33527,14631,Organic Classic Rich Crackers,19,7.46
15451,5896,14631,Tropical Flavor Dairy-Free Probiotic Kefir,11,10.92
15454,7751,16397,Tomato Ketchup,13,1.99
15456,49035,47340,Coarse Grind Cornmeal,13,11.78
15456,16759,47340,Organic Carrot Bunch,4,4.17
15460,7120,147333,Organic Whole Wheat Sourdough Bread,3,7.86
15460,36070,147333,"Super Spinach! Baby Spinach, Baby Bok Choy, Sweet Baby Kale",4,4.34
15463,23985,66470,Baby Eggplant,4,1.55
15463,30827,66470,Seedless Cucumbers,4,5.22
15464,26209,191489,Limes,4,4.37
15464,41259,191489,Poblano Pepper,4,10.56
15465,260,165606,Cantaloupe,4,3.01
15467,852,148901,Light String Cheese,16,1.75
15467,46673,148901,Ultra Original Scent Dishwashing Liquid,17,8.73
15469,5085,91180,Organic Stage 1 First Peas Baby Food,18,4.64
15474,37067,78883,Organic Banana,4,10.85
15474,43183,78883,Deli Fresh Shaved Smoked Turkey Breast,20,12.45
15475,24497,2215,Organic Cauliflower Florets,4,7.52
15480,30353,147130,Curate Cherry Lime Sparkling Water,7,1.86
15482,35939,14410,Organic Jalapeno Pepper,4,9.93
15487,8460,41853,Hearty Thick Cut Bacon,12,5.7
15487,37940,41853,Original Strawberry Low Fat Yogurt,16,12.55
15487,46539,41853,Diet Tangerine Lime Natural Soda,7,8.54
15494,20518,21633,"Club Delight Sausage, Egg, & Cheese Sandwiches",12,0.91
15496,36070,1778,"Super Spinach! Baby Spinach, Baby Bok Choy, Sweet Baby Kale",4,4.34
15498,29020,166725,Whiskey,5,10.04
15499,9294,61747,Reduced Fat Chocolate Sandwich Cookies,19,10.0
15499,5450,61747,Small Hass Avocado,4,5.77
15499,7963,61747,Gluten Free Whole Grain Bread,1,4.53
15500,27433,188924,Artisan French Rolls,1,4.71
15501,48682,146933,Sauerkraut,13,6.08
15501,43830,146933,Red Beet & Cabbage Sauerkraut Salad,13,10.86
15502,35768,5307,Assorted Donuts,3,2.43
15503,24830,21167,Organic Romaine,4,10.27
15504,46802,94873,Pineapple Chunks,1,6.76
15506,5450,136402,Small Hass Avocado,4,5.77
15506,3843,136402,Organic Brussels Sprouts,4,8.41
15508,42110,24135,Organic Macaroni Shells & Real Aged Cheddar,9,12.09
15508,39024,24135,Edamame In Pod,1,5.6
15508,24830,24135,Organic Romaine,4,10.27
15509,17160,104441,Smooth & Creamy Organic Lowfat French Vanilla Yogurt,16,1.13
15510,22094,43783,Restore + Strengthen Moisturizing Shampoo,11,8.6
15514,45007,103949,Organic Zucchini,4,5.08
15514,25199,103949,Classic Chicken Salad,20,4.26
15514,43875,103949,Baby Food Stage 2 Blueberry Pear & Purple Carrot,18,6.11
15519,46847,160536,Quick Cooking Rolled Oats Irish Oatmeal,14,6.01
15520,25747,54927,Organic Kosher Fat Free Chicken Broth,15,1.34
15523,34861,157357,Beets Bunch,4,1.06
15523,16759,157357,Organic Carrot Bunch,4,4.17
15524,17130,164292,Chef's Favorites Lightly Seasoned Asian Medley,1,2.77
15525,45007,54724,Organic Zucchini,4,5.08
15525,43768,54724,Organic Bell Pepper,4,2.4
15525,6104,54724,Whole Milk Plain Yogurt,16,1.76
15527,36968,62813,Organics Big Bird's Apple 100% Juice,7,4.85
15527,37067,62813,Organic Banana,4,10.85
15527,3687,62813,Organic Mini Cucumber,4,5.34
15527,24497,62813,Organic Cauliflower Florets,4,7.52
15527,37754,62813,Organic Blended Raspberry Whole Milk Greek Yogurt,16,4.34
15528,24830,21819,Organic Romaine,4,10.27
15528,23630,21819,Multi-Seed Original Crackers,19,4.37
15529,26209,168180,Limes,4,4.37
15529,38164,168180,Almonds & Sea Salt in Dark Chocolate,19,9.32
15529,23054,168180,Whole Wheat Sourdough,3,2.06
15533,6104,12043,Whole Milk Plain Yogurt,16,1.76
15533,260,12043,Cantaloupe,4,3.01
15534,8138,111046,Traditional Hummus,20,2.75
15534,10603,111046,93% Ground Beef,12,3.6
15534,39408,111046,Gala Apples,4,4.03
15536,1194,37074,Natural Artisan Water,7,7.42
15537,45007,153417,Organic Zucchini,4,5.08
15538,17789,48308,Soy Free Buttery Spread,16,11.19
15538,40789,48308,Soy Free Buttery Sticks,16,2.91
15538,25930,48308,Pure Cane Confectioners 10-X Powdered Sugar,13,9.37
15539,39024,158890,Edamame In Pod,1,5.6
15539,5450,158890,Small Hass Avocado,4,5.77
15539,49102,158890,Gluten Free Ancient Grain Pasta Penne,9,1.81
15540,30696,115896,Eggo Homestyle Waffles,1,6.45
15541,12614,145686,Yellow Grape Tomatoes,4,1.39
15545,47792,21729,Organic Beans & Rice Cheddar Cheese Burrito,1,8.35
15545,9963,21729,Ultra Thin Pepper Jack Cheese Slices,16,6.1
15547,1199,131529,YoTot Organic Raspberry Pear Yogurt,16,7.17
15550,5258,130342,Sparkling Water,7,10.95
15554,33527,11828,Organic Classic Rich Crackers,19,7.46
15556,1560,115025,Bag Of Ice,1,11.41
15558,19705,143314,Muhammara Walnut Pomegranate & Roasted Red Pepper Meze,20,11.15
15560,35042,87575,Black Beans,15,5.95
15560,5450,87575,Small Hass Avocado,4,5.77
15560,26209,87575,Limes,4,4.37
15560,26172,87575,Light Sour Cream,16,7.26
15563,38996,61638,Grape Tomatoes,4,4.64
15567,27061,77884,Sweet Potato Apple Stage 2 Baby Food,18,2.61
15567,12591,77884,Peach Mango Stage 2 Baby Food,18,11.86
15567,39977,77884,Pumpkin & Spinach Stage 2 Baby Food,18,9.44
15568,43409,186739,Frosted Mini-Wheats Original Cereal,14,12.46
15568,25839,186739,Froot Loops Cereal,14,10.54
15569,35042,118218,Black Beans,15,5.95
15574,44825,108097,Brown Rice Crisps,14,3.92
15574,15132,108097,Xanthan Gum,13,3.75
15574,15455,108097,Organic Extra Virgin Oil Olive,13,8.12
15576,7963,170704,Gluten Free Whole Grain Bread,1,4.53
15580,27227,36272,Pumpkin Seed Cheddar Crispbreads,19,3.01
15582,38318,190923,Original Flavor Instant Oatmeal,14,8.98
15582,14154,190923,Reduced Fat Sharp Cheddar Cheese,16,1.34
15583,5258,193843,Sparkling Water,7,10.95
15583,46562,193843,Sweet & Salty Nut Granola Bars Peanut,19,3.56
15585,38274,39216,Ice Cream Sandwiches Vanilla,1,7.17
15586,41860,12886,Sea Salt Baked Potato Chips,19,5.7
15586,40310,12886,Oven Roasted Turkey Breast,20,8.23
15587,43768,41703,Organic Bell Pepper,4,2.4
15590,39529,144190,Fuel High Chocolate Protein Shake,11,11.34
15590,38562,144190,Pomegranate Arils,4,2.59
15591,18656,89251,Organic Red Potato,4,1.93
15591,47630,89251,Medium Navel Orange,4,5.6
15593,47504,79428,Blueberry Breakfast Biscuits,14,7.81
15594,4962,75333,Yotoddler Organic Pear Spinach Mango Yogurt,16,10.68
15594,16145,75333,Organic Cannellini Beans,15,5.1
15596,45007,118311,Organic Zucchini,4,5.08
15596,30962,118311,Vanilla Greek Yogurt 0% Fat,16,12.25
15603,23804,74753,Organic Icelandic Key Lime Yogurt,16,10.6
15603,2980,74753,Olive with Red Bell Pepper Cream Cheese Spread,21,2.58
15604,40310,114370,Oven Roasted Turkey Breast,20,8.23
15604,18656,114370,Organic Red Potato,4,1.93
15604,49247,114370,Coconut Yoghurt,16,4.8
15606,26209,112463,Limes,4,4.37
15609,41488,139992,Chocolate Milk,16,4.77
15609,3464,139992,"Organic Butterhead (Boston, Butter, Bibb) Lettuce",4,9.0
15609,13221,139992,Toilet Bowl Cleaner - Emerald Cypress and Fir,17,5.31
15609,29894,139992,Organic Dark Brown Sugar,13,7.64
15609,47893,139992,Steel Cut Irish Oatmeal,14,4.81
15614,32578,26325,Organic Fresh Squeezed Orange Juice,7,6.19
15614,11299,26325,Natural Blueberry Flavor Probiotic Acidophilus,11,0.91
15618,7116,106592,Large Enriched Bread,3,2.99
15618,27796,106592,Real Mayonnaise,13,0.97
15618,26509,106592,Hot Taco Seasoning Mix,13,9.0
15618,12092,106592,Fire Roasted Jalapeño Pita Chips,19,2.56
15620,28465,4376,Icelandic Style Skyr Blueberry Non-fat Yogurt,16,8.32
15620,2962,4376,"Milk, Reduced Fat, 2% Milkfat",16,8.89
15620,35644,4376,Rub with Love Steak Rub,13,3.3
15621,1700,29291,White Cheddar Popcorn,19,5.86
15621,19677,29291,Original Pure Creamy Almond Milk,16,6.4
15622,45210,76015,Organic Greek Lowfat Yogurt With Blueberries,16,5.69
15624,41408,30780,Goat's Milk Cheese,16,6.12
15624,49273,30780,Light and Lean Quinoa Black Beans with Butternut Squash and Chard,1,1.34
15624,16145,30780,Organic Cannellini Beans,15,5.1
15627,36968,164775,Organics Big Bird's Apple 100% Juice,7,4.85
15627,43768,164775,Organic Bell Pepper,4,2.4
15627,5450,164775,Small Hass Avocado,4,5.77
15627,36872,164775,Lemon Natural Dishwasher Detergent Gel,17,7.2
15629,5082,164395,Russian Style Gluten Free No Salt Added Farmers Cheese,16,12.05
15630,44292,79730,Premium Unsweetened Iced Tea,7,7.57
15631,15938,28547,Traditional Crust Three Meat Pizza,1,9.53
15633,16759,168009,Organic Carrot Bunch,4,4.17
15633,1025,168009,Organic Fresh Basil,4,11.34
15634,1498,30448,Creamy Chicken & Dumplings Soup,15,2.05
15634,37052,30448,Natural Bliss Cinnamon Cream Coffee Creamer,16,10.83
15635,3318,43825,Cinnamon Swirl Raisin Bread,3,4.94
15635,27796,43825,Real Mayonnaise,13,0.97
15635,43772,43825,Cherubs Heavenly Salad Tomatoes,4,1.15
15635,260,43825,Cantaloupe,4,3.01
15636,46802,194744,Pineapple Chunks,1,6.76
15637,26209,155784,Limes,4,4.37
15637,3464,155784,"Organic Butterhead (Boston, Butter, Bibb) Lettuce",4,9.0
15638,37067,41729,Organic Banana,4,10.85
15638,1199,41729,YoTot Organic Raspberry Pear Yogurt,16,7.17
15638,12312,41729,Lavender Hand Soap,11,11.33
15641,5450,185692,Small Hass Avocado,4,5.77
15641,7898,185692,Ginger Beer,7,2.12
15642,7120,170824,Organic Whole Wheat Sourdough Bread,3,7.86
15642,25720,170824,Organic Sunchoke,4,10.06
15643,17080,122429,Clementina Sparkling Beverage,7,5.69
15643,6104,122429,Whole Milk Plain Yogurt,16,1.76
15643,10603,122429,93% Ground Beef,12,3.6
15644,42736,160904,Unsalted Butter,16,9.28
15651,26209,96547,Limes,4,4.37
15652,45007,65517,Organic Zucchini,4,5.08
15653,12616,148725,Certified Organic Oranges,4,11.73
15653,18159,148725,Organic Biologique Limes,4,5.06
15654,19171,166625,100% Lactose Free Organic 2% Reduced Fat Milk,16,9.21
15654,21240,166625,Orange Sports Drink,7,6.71
15654,46802,166625,Pineapple Chunks,1,6.76
15656,7963,79943,Gluten Free Whole Grain Bread,1,4.53
15656,15567,79943,Crunchy Chickpeas Falafel,19,1.86
15657,1940,110522,Organic 2% Reduced Fat Milk,16,1.23
15658,1202,139412,Organic Whole Grain Oatmeal Cereal Baby Food,18,9.64
15659,37067,60749,Organic Banana,4,10.85
15659,3464,60749,"Organic Butterhead (Boston, Butter, Bibb) Lettuce",4,9.0
15659,36735,60749,Organic Roasted Sliced Chicken Breast,20,10.42
15659,12276,60749,Chocolate Chip Cookie Dough Ice Cream,1,8.4
15660,575,93991,Organic Medium Yellow Thai Curry,13,7.07
15662,26209,27561,Limes,4,4.37
15662,11610,27561,Organic Chocolate Syrup,13,8.82
15662,34969,27561,Red Vine Tomato,4,9.25
15668,22089,15059,Vitamin D Milk,16,12.21
15669,47630,78536,Medium Navel Orange,4,5.6
15670,16759,198873,Organic Carrot Bunch,4,4.17
15670,31727,198873,"Organic Tomato Paste, No Salt Added",15,10.09
15671,43621,5412,Chik'n Patties,1,12.48
15672,22224,59786,Whole Milk Plain Greek Yogurt,16,2.08
15672,24830,59786,Organic Romaine,4,10.27
15672,28785,59786,Organic Tahini,13,8.89
15674,23765,181167,Organic Smoked Turkey Breast,20,10.28
15674,10499,181167,"Jalapeno Nacho Slices, Mild",6,9.8
15678,45007,181360,Organic Zucchini,4,5.08
15679,18656,115706,Organic Red Potato,4,1.93
15680,31801,73686,9 Inch Plates,17,4.1
15681,43662,168458,"Yogurt, Strained Low-Fat, Coconut",16,11.87
15683,45007,79237,Organic Zucchini,4,5.08
15683,26209,79237,Limes,4,4.37
15685,23765,178236,Organic Smoked Turkey Breast,20,10.28
15687,33540,85635,Whole Grain Organic Blueberry Waffles,1,4.77
15687,21506,85635,Organic Raisin Bran Cereal,14,2.69
15690,24535,115862,Plain Whole Milk Yogurt,16,6.17
15691,4962,102601,Yotoddler Organic Pear Spinach Mango Yogurt,16,10.68
15695,26209,167932,Limes,4,4.37
15699,44292,138838,Premium Unsweetened Iced Tea,7,7.57
15699,16759,138838,Organic Carrot Bunch,4,4.17
15703,27949,67596,Avocado Oil Canyon Cut Kettle Cooked Potato Chips Sea Salt,19,0.97
15703,26084,67596,Organic Yellow Corn Sea Salt Tortilla Chips,19,8.93
15707,26209,184451,Limes,4,4.37
15708,15693,35181,Organic Peach Oo La Long Tea,7,9.36
15708,260,35181,Cantaloupe,4,3.01
15710,34969,44970,Red Vine Tomato,4,9.25
15711,46562,173020,Sweet & Salty Nut Granola Bars Peanut,19,3.56
15712,33735,150127,Chick Peas Garbanzos,15,1.64
15714,44292,17901,Premium Unsweetened Iced Tea,7,7.57
15714,16221,17901,Golden Oreo Sandwich Cookies,19,7.47
15714,47843,17901,Froot Loops Family Size Cereal,14,12.15
15714,18337,17901,Classic Mild Cheddar Macaroni & Cheese,9,4.15
15714,42959,17901,Jet-Dry Original Rinse Aid,17,3.45
15715,46802,103879,Pineapple Chunks,1,6.76
15720,30353,34229,Curate Cherry Lime Sparkling Water,7,1.86
15721,27662,55339,Large Grade AA Cage Free Eggs,16,11.86
15725,24865,180543,Roasted Garlic & Quinoa Veggie Burgers,1,6.54
15727,38164,117425,Almonds & Sea Salt in Dark Chocolate,19,9.32
15728,30461,25397,Organic Multigrain Mild Green Mojo Tortilla Chips,19,7.11
15728,14437,25397,Total Greek Yogurt With Honey,16,6.44
15731,42475,9509,Unsalted Butter Quarters,16,2.61
15736,34969,138713,Red Vine Tomato,4,9.25
15736,26316,138713,Rioja,16,1.92
15736,43371,138713,Crushed Red Pepper,13,7.03
15744,1194,1617,Natural Artisan Water,7,7.42
15744,5450,1617,Small Hass Avocado,4,5.77
15746,24062,134243,Flourless  Sprouted Whole Grain 7-Sprouted Grains English Muffins,3,4.68
15746,40268,134243,Organic Wheat-Free & Gluten-Free Original Crackers,19,3.71
15746,260,134243,Cantaloupe,4,3.01
15747,24535,18658,Plain Whole Milk Yogurt,16,6.17
15747,30353,18658,Curate Cherry Lime Sparkling Water,7,1.86
15747,38274,18658,Ice Cream Sandwiches Vanilla,1,7.17
15751,32429,187504,Red Mango,4,3.5
15753,10166,196504,Almond Milk Cookies N' Cream Non-Dairy Frozen Dessert,1,2.02
15754,4163,133640,Spanish Rice Pilaf Mix,9,7.87
15756,1025,21637,Organic Fresh Basil,4,11.34
15758,13249,133788,Skim Milk,16,9.33
15758,21067,133788,Reduced Fat Sliced Provolone Cheese,16,2.4
15759,37067,7636,Organic Banana,4,10.85
15761,33911,130271,Zero Calorie Cream Soda,7,7.55
15762,46584,34933,YoKids Blueberry & Strawberry/Vanilla Yogurt,16,8.82
15762,47966,34933,Old Fashioned Rolled Oats,14,2.74
15762,10819,34933,Original Craisins,19,8.5
15765,35042,94615,Black Beans,15,5.95
15765,5068,94615,Cauliflower Florets,4,5.04
15765,44570,94615,Kale Greens,4,4.15
15765,43772,94615,Cherubs Heavenly Salad Tomatoes,4,1.15
15765,16951,94615,Deli Roast Beef,20,6.99
15766,39046,123689,Smok Cured Turkey Bacon,12,6.84
15767,5450,173242,Small Hass Avocado,4,5.77
15767,35042,173242,Black Beans,15,5.95
15767,12159,173242,Light Red Raspberry Yogurt,16,3.56
15768,18285,108572,Cinnamon French Toaster Sticks,1,8.17
15773,13631,9382,Bacon Cheddar Beef Burger,12,2.31
15773,23554,9382,Organic Vanilla Bean Ice Cream,1,6.65
15775,12919,174683,Coconut Sparkling Water,7,12.1
15776,27796,148359,Real Mayonnaise,13,0.97
15777,26604,192127,Organic Blackberries,4,8.08
15778,43914,195892,Natural Full Potency SAM-e 400 mg,11,6.64
15778,7898,195892,Ginger Beer,7,2.12
15779,16759,98800,Organic Carrot Bunch,4,4.17
15780,1025,131692,Organic Fresh Basil,4,11.34
15780,36070,131692,"Super Spinach! Baby Spinach, Baby Bok Choy, Sweet Baby Kale",4,4.34
15780,7963,131692,Gluten Free Whole Grain Bread,1,4.53
15782,13307,31884,"Outlast Invisible Solid, Clear Gel, Completely Clear Deodorant",11,6.99
15783,19677,72068,Original Pure Creamy Almond Milk,16,6.4
15785,33120,178407,Organic Egg Whites,16,5.33
15786,41437,13509,Hearty Minestrone with Vegetables Soup,15,11.43
15789,1940,1156,Organic 2% Reduced Fat Milk,16,1.23
15789,18027,1156,Ezekiel 4:9 Bread Organic Sprouted Whole Grain,3,11.3
15790,33135,65293,Organic Blueberry Kefir,16,8.24
15794,26209,25347,Limes,4,4.37
15794,4962,25347,Yotoddler Organic Pear Spinach Mango Yogurt,16,10.68
15796,25647,134772,Heirloom Tomato,4,4.3
15797,33575,7497,Dairy Free French Vanilla Coconut Milk Creamer,16,8.48
15797,38740,7497,Ginger Peach Black Bagged Tea,7,9.46
15798,47966,4544,Old Fashioned Rolled Oats,14,2.74
15798,1940,4544,Organic 2% Reduced Fat Milk,16,1.23
15799,35065,78555,Orange Strawberry Banana Juice,7,2.03
15801,26209,17930,Limes,4,4.37
15803,25542,183151,"Orzo, No. 65",9,0.92
15803,46584,183151,YoKids Blueberry & Strawberry/Vanilla Yogurt,16,8.82
15805,23039,196588,Fat Free Cream Cheese,16,1.3
15805,35227,196588,"Bagel Chips, Everything",19,1.03
15805,10446,196588,12 Grain Hearty Sliced Bread,3,12.48
15805,10819,196588,Original Craisins,19,8.5
15805,16445,196588,Honey Dijon Mustard,13,3.01
15806,36086,18499,Philadelphia Original Cream Cheese,16,2.08
15807,6244,176517,Club Soda Lower Sodium,7,5.76
15807,44972,176517,Basic Toilet Paper Double Rolls,17,7.55
15807,9383,176517,Viva Big Roll White Paper Towels,17,12.26
15808,25705,75518,Butterhead Lettuce,4,0.98
15810,43772,181070,Cherubs Heavenly Salad Tomatoes,4,1.15
15811,28785,129966,Organic Tahini,13,8.89
15812,27690,24576,Apple Cinnamon GoGo Squeez,19,6.29
15814,47141,107996,Cola,7,5.77
15816,46252,160223,Original Thin Rye Crispbread,19,7.26
15817,8390,130886,Diet Ginger Ale,7,12.0
15817,12744,130886,Peanut Butter Eggs,19,11.02
15818,46802,145084,Pineapple Chunks,1,6.76
15821,6583,197799,Oraganic Lemon Elation Yerba Mate Drink,7,3.93
15823,20842,191324,Total 0% Greek Yogurt,16,9.2
15826,26209,49210,Limes,4,4.37
15827,23054,107327,Whole Wheat Sourdough,3,2.06
15828,38456,21284,Large Grapefruit,4,3.38
15829,5615,35662,White Miso Soup Mix,6,4.99
15831,26604,193063,Organic Blackberries,4,8.08
15832,20842,44884,Total 0% Greek Yogurt,16,9.2
15832,1025,44884,Organic Fresh Basil,4,11.34
15833,2108,64590,Pastured Eggs,16,9.05
15834,42475,42701,Unsalted Butter Quarters,16,2.61
15835,40310,192551,Oven Roasted Turkey Breast,20,8.23
15835,5450,192551,Small Hass Avocado,4,5.77
15837,36735,78323,Organic Roasted Sliced Chicken Breast,20,10.42
15841,8943,149646,Pitted Small Ripe Olives,13,12.06
15842,46820,112111,Vanilla Pure Almond Milk,16,11.94
15842,37355,112111,Organic Extra Virgin Coconut Oil,13,1.06
15842,45007,112111,Organic Zucchini,4,5.08
15842,40268,112111,Organic Wheat-Free & Gluten-Free Original Crackers,19,3.71
15844,38722,17778,3 Cheese Italian Freshly Shredded Cheese,16,12.34
15844,4006,17778,Hazelnut Spread With Skim Milk & Cocoa,13,4.62
15845,34969,9119,Red Vine Tomato,4,9.25
15846,36792,135149,Gluten Free Omega Flax & Fiber Bread,3,3.98
15847,47630,170937,Medium Navel Orange,4,5.6
15848,11432,170716,Chopped Kale,4,9.06
15850,42736,49144,Unsalted Butter,16,9.28
15850,7898,49144,Ginger Beer,7,2.12
15850,27413,49144,100% Mighty Mango Juice Smoothie,7,7.25
15851,2452,90138,Naturals Chicken Nuggets,1,1.24
15851,10369,90138,Organic Genoa Salami,20,2.35
15851,26209,90138,Limes,4,4.37
15852,26209,152443,Limes,4,4.37
15856,46802,82831,Pineapple Chunks,1,6.76
15858,12995,154977,Cacao Hemp Walnut Bar,19,2.02
15859,28465,109969,Icelandic Style Skyr Blueberry Non-fat Yogurt,16,8.32
15859,6718,109969,Fire Roasted Veggie Crackers,19,12.33
15859,2664,109969,First Prunes,18,3.44
15859,37003,109969,"Organic Apples, Carrots and Parsnips Puree",18,5.87
15860,26209,63449,Limes,4,4.37
15860,33120,63449,Organic Egg Whites,16,5.33
15860,5450,63449,Small Hass Avocado,4,5.77
15861,31373,65321,Macrobar Prolonged Powder Banana + Almond Butter,19,4.68
15861,29270,65321,Beet Apple Carrot Lemon Ginger Organic Cold Pressed Juice Beverage,7,5.56
15863,8138,182765,Traditional Hummus,20,2.75
15864,31610,158156,Meatloaf and Mashed Potatoes,1,10.74
15864,3318,158156,Cinnamon Swirl Raisin Bread,3,4.94
15865,20842,8975,Total 0% Greek Yogurt,16,9.2
15865,26209,8975,Limes,4,4.37
15866,19233,198159,Seasoned Shredded Beef,20,6.5
15868,6999,28756,Organic Fresh Pressed Pure Lemon Juice,7,7.32
15868,6020,28756,Organic Crushed Red Pepper,13,8.11
15869,26209,134806,Limes,4,4.37
15871,5922,20283,"Honest Face, Hand, & Baby Wipes",18,8.08
15873,15221,68961,2% Milk,16,11.05
15873,44663,68961,Naturals Lite Goddess Dressing,13,0.88
15874,16759,36848,Organic Carrot Bunch,4,4.17
15874,10025,36848,Freeze Dried Strawberry Slices,1,8.24
15876,25705,39475,Butterhead Lettuce,4,0.98
15876,45007,39475,Organic Zucchini,4,5.08
15879,26209,18464,Limes,4,4.37
15879,20771,18464,Chlorine Free Ultra-Thin Super Pads,11,3.58
15879,42736,18464,Unsalted Butter,16,9.28
15879,22504,18464,Organic Mountain Forest Amber Honey,13,2.16
15880,10369,51272,Organic Genoa Salami,20,2.35
15881,38456,145657,Large Grapefruit,4,3.38
15882,13287,167273,Bistro Bowl Chicken Caesar Salad,4,7.49
15883,46990,189499,Ground Buffalo,12,10.44
15883,20842,189499,Total 0% Greek Yogurt,16,9.2
15884,26209,133889,Limes,4,4.37
15884,35936,133889,Blended Scotch Whiskey Black Label,5,11.28
15886,13249,67478,Skim Milk,16,9.33
15890,13733,180414,Red Potatoes,4,4.73
15890,7079,180414,Organic Alfalfa Sprouts,4,7.88
15891,15221,168651,2% Milk,16,11.05
15891,47141,168651,Cola,7,5.77
15891,43875,168651,Baby Food Stage 2 Blueberry Pear & Purple Carrot,18,6.11
15891,16508,168651,Stage 3 Hearty Meals - Chick Chick Organic Baby Food,18,11.78
15891,7606,168651,Greek 100 Protein Vanilla Fat Free Yogurt,16,4.2
15891,37066,168651,Original Cherry Orchard Yogurt,16,9.7
15891,40310,168651,Oven Roasted Turkey Breast,20,8.23
15894,19760,7952,Basmati Rice,9,7.59
15896,7854,23378,Freeze Dried Mango Slices,19,9.01
15896,26604,23378,Organic Blackberries,4,8.08
15898,36735,75591,Organic Roasted Sliced Chicken Breast,20,10.42
15900,20842,29370,Total 0% Greek Yogurt,16,9.2
15901,20842,113757,Total 0% Greek Yogurt,16,9.2
15903,26604,151259,Organic Blackberries,4,8.08
15903,45866,151259,Fig Newmans Fruit Filled Cookies,19,2.46
15903,36070,151259,"Super Spinach! Baby Spinach, Baby Bok Choy, Sweet Baby Kale",4,4.34
15903,24830,151259,Organic Romaine,4,10.27
15903,12312,151259,Lavender Hand Soap,11,11.33
15903,46584,151259,YoKids Blueberry & Strawberry/Vanilla Yogurt,16,8.82
15903,4706,151259,Classic Almond Snack Pack,13,11.14
15908,26209,21516,Limes,4,4.37
15909,15790,126066,Organic Veggie Bites,1,4.88
15913,20899,175299,Goo Berry Pie Probugs Kefir,16,6.29
15914,33527,24530,Organic Classic Rich Crackers,19,7.46
15914,45007,24530,Organic Zucchini,4,5.08
15914,34969,24530,Red Vine Tomato,4,9.25
15914,18656,24530,Organic Red Potato,4,1.93
15914,21614,24530,Crackers Harvest Whole Wheat,19,2.38
15915,39448,77148,Cold Brew Coffee Mocha,16,11.23
15916,39024,32775,Edamame In Pod,1,5.6
15918,33911,41026,Zero Calorie Cream Soda,7,7.55
15918,10874,41026,Zero Calorie Lemon Lime Twist Soda,7,0.91
15920,1940,43694,Organic 2% Reduced Fat Milk,16,1.23
15920,44292,43694,Premium Unsweetened Iced Tea,7,7.57
15921,26209,114205,Limes,4,4.37
15921,35939,114205,Organic Jalapeno Pepper,4,9.93
15921,38996,114205,Grape Tomatoes,4,4.64
15922,16759,87638,Organic Carrot Bunch,4,4.17
15922,33810,87638,Citrus Dish Soap,17,9.69
15923,33021,85321,Reserve Cheddar Cheese,16,4.15
15924,4962,203450,Yotoddler Organic Pear Spinach Mango Yogurt,16,10.68
15925,43192,69981,Dark with 70% Cacao Content Organic Chocolate Bar,19,5.04
15925,49378,69981,Cole Slaw Dressing,13,0.95
15926,1503,174065,Low Fat Cottage Cheese,16,1.45
15927,19938,101467,Extra Wide Egg Noodles,9,2.68
15931,30696,18075,Eggo Homestyle Waffles,1,6.45
15931,45566,18075,Clean Up Cleaner with Bleach Fresh Scent,17,12.39
15932,7041,90539,Pecorino Romano,16,5.02
15932,14870,90539,Icelandic Style Fat Free Plain Yogurt,16,4.27
15932,1000,90539,Apricots,10,1.27
15932,24535,90539,Plain Whole Milk Yogurt,16,6.17
15933,13249,181841,Skim Milk,16,9.33
15933,10603,181841,93% Ground Beef,12,3.6
15934,39408,99707,Gala Apples,4,4.03
15936,41602,184991,Deli Select Ultra Thin Honey Ham,20,4.95
15936,44375,184991,Canned Aranciata Orange,7,3.21
15937,1940,68105,Organic 2% Reduced Fat Milk,16,1.23
15939,13062,53682,"Master Brew Kombucha, Pineapple Peach",7,5.53
15939,26604,53682,Organic Blackberries,4,8.08
15940,43017,134482,Pasta Joy Ready Brown Rice Pasta Lasagne,9,6.69
15941,26604,45803,Organic Blackberries,4,8.08
15942,22504,151603,Organic Mountain Forest Amber Honey,13,2.16
15944,18656,164892,Organic Red Potato,4,1.93
15944,38164,164892,Almonds & Sea Salt in Dark Chocolate,19,9.32
15945,13733,117089,Red Potatoes,4,4.73
15946,45064,28134,Honey Wheat Bread,3,1.52
15947,26209,70900,Limes,4,4.37
15947,28733,70900,Chicken Nuggets,1,11.03
15948,16759,190964,Organic Carrot Bunch,4,4.17
15948,49247,190964,Coconut Yoghurt,16,4.8
15948,31215,190964,Lemon Yogurt,16,10.41
15949,25705,59773,Butterhead Lettuce,4,0.98
15949,18027,59773,Ezekiel 4:9 Bread Organic Sprouted Whole Grain,3,11.3
15949,890,59773,Organic Diced Tomatoes,15,1.35
15949,38426,59773,Organic Cotton Balls,11,7.36
15950,18027,8061,Ezekiel 4:9 Bread Organic Sprouted Whole Grain,3,11.3
15951,45007,62383,Organic Zucchini,4,5.08
15951,39024,62383,Edamame In Pod,1,5.6
15952,40268,10221,Organic Wheat-Free & Gluten-Free Original Crackers,19,3.71
15956,7249,143142,Crunchy Rice Rollers,19,11.04
15959,28745,181596,Oven Roasted Turkey,20,7.99
15961,45007,176475,Organic Zucchini,4,5.08
15962,7963,69884,Gluten Free Whole Grain Bread,1,4.53
15963,19363,92549,Chocolate Soymilk,16,6.34
15964,18721,13350,"Baked Rice and Corn Puffs, Aged White Cheddar",19,2.22
15964,35124,13350,Southwest Chopped Salad Kit with Dressing,4,6.97
15964,30696,13350,Eggo Homestyle Waffles,1,6.45
15964,8348,13350,Organic Red Seedless Grapes,4,2.35
15966,34969,48801,Red Vine Tomato,4,9.25
15966,38266,48801,Fresh Basil,4,10.07
15968,45007,26308,Organic Zucchini,4,5.08
15968,28745,26308,Oven Roasted Turkey,20,7.99
15969,27413,97837,100% Mighty Mango Juice Smoothie,7,7.25
15969,13431,97837,Flaky Biscuits,13,1.83
15970,35939,5110,Organic Jalapeno Pepper,4,9.93
15970,42475,5110,Unsalted Butter Quarters,16,2.61
15971,32387,88303,Roasted Garlic & Sweet Basil Sauce,9,4.13
15973,43192,141706,Dark with 70% Cacao Content Organic Chocolate Bar,19,5.04
15974,83,162337,100% Whole Wheat Pita Bread,3,11.72
15974,28244,162337,Bathroom Cleaner Island Breeze Scent,17,5.53
15975,33135,47784,Organic Blueberry Kefir,16,8.24
15976,13249,77897,Skim Milk,16,9.33
15978,2429,184815,"Seriously Sharp Cheddar Cheese Cracker Cut Slices,",16,8.44
15980,2596,92296,Lemon Cake Ice Cream,1,2.8
15981,38996,99986,Grape Tomatoes,4,4.64
15981,16647,99986,Double Duty Advanced Odor Control Clumping Cat Litter,8,12.15
15982,260,77662,Cantaloupe,4,3.01
15983,31342,80350,Organic SprouTofu Extra Firm Tofu,20,9.28
15984,45007,47340,Organic Zucchini,4,5.08
15992,49035,172226,Coarse Grind Cornmeal,13,11.78
15993,18027,107981,Ezekiel 4:9 Bread Organic Sprouted Whole Grain,3,11.3
15995,4149,154837,Frozen Organic Blueberries,4,11.59
15995,12919,154837,Coconut Sparkling Water,7,12.1
15996,45007,95550,Organic Zucchini,4,5.08
15996,43662,95550,"Yogurt, Strained Low-Fat, Coconut",16,11.87
15997,1940,130865,Organic 2% Reduced Fat Milk,16,1.23
15997,12276,130865,Chocolate Chip Cookie Dough Ice Cream,1,8.4
15997,14005,130865,Ultimate Caesar Salad Kit,4,1.9
15997,27163,130865,Spicy Nacho Tortilla Chips,19,4.01
16000,26209,145699,Limes,4,4.37
16002,26604,108597,Organic Blackberries,4,8.08
16002,12955,108597,"Super Foods/Organic Apples, Spinach, Peas & Broccoli + Super Chia Snack Pouch",18,3.05
16002,4006,108597,Hazelnut Spread With Skim Milk & Cocoa,13,4.62
16002,43421,108597,"Little Yums Spinach, Apple, and Kale Teething Wafers",18,5.55
16004,42404,140341,Multi Grain Waffles,1,12.48
16005,16759,203804,Organic Carrot Bunch,4,4.17
16005,40032,203804,Pear Juice Drink,7,8.28
16005,25,203804,Salted Caramel Lean Protein & Fiber Bar,19,5.44
16010,31825,99701,Solid Cool Essentials W/Cucumber & Green Tea Scent Deodorant Clinical Protection,11,3.65
16011,27509,75446,Organic Seasoned Yukon Select Potatoes Hashed Browns,1,5.21
16012,38164,155376,Almonds & Sea Salt in Dark Chocolate,19,9.32
16013,10106,101735,Honey & Maple Turkey Breast,20,8.53
16014,26209,197060,Limes,4,4.37
16015,42736,75005,Unsalted Butter,16,9.28
16016,12427,118494,Original Beef Jerky,19,3.08
16016,4253,118494,French Onion Dip Potato Crisps,19,3.82
16017,12118,180059,Organic Whole Grain Spanish Rice,9,4.97
16017,43768,180059,Organic Bell Pepper,4,2.4
16018,30630,53837,"Yogurt, Sheep Milk, Blackberry",16,7.92
16018,23015,53837,Breaded Chicken Nuggets Family Pack,1,3.17
16019,18796,78147,Pomegranate & Mango Hand Soap,11,10.66
16019,47141,78147,Cola,7,5.77
16019,3285,78147,Strawberry Squeeze Fruit Spread,13,9.07
16019,6834,78147,Rice Sides Rice Medley,9,3.13
16019,40203,78147,Mint Chip Ice Cream,1,5.4
16019,14343,78147,Home Menu Meals for 2 Sweet & Sour Chicken,1,1.19
16022,13431,6139,Flaky Biscuits,13,1.83
16022,35065,6139,Orange Strawberry Banana Juice,7,2.03
16024,39046,112950,Smok Cured Turkey Bacon,12,6.84
16026,18696,147785,Mild Red Enchilada Sauce,6,4.38
16029,24535,113433,Plain Whole Milk Yogurt,16,6.17
16029,12312,113433,Lavender Hand Soap,11,11.33
16030,42475,3688,Unsalted Butter Quarters,16,2.61
16031,31727,98868,"Organic Tomato Paste, No Salt Added",15,10.09
16032,837,105623,California Merlot,5,6.1
16033,49247,60694,Coconut Yoghurt,16,4.8
16033,31215,60694,Lemon Yogurt,16,10.41
16033,19677,60694,Original Pure Creamy Almond Milk,16,6.4
16033,38508,60694,Lightly Salted Kettle Potato Chips - Sea Salt,19,4.06
16033,38895,60694,Super Natural Organic Reduced Fat 2% Milk,16,4.95
16033,39448,60694,Cold Brew Coffee Mocha,16,11.23
16033,10849,60694,Hickory Smoked Ham,20,8.93
16033,23765,60694,Organic Smoked Turkey Breast,20,10.28
16033,36735,60694,Organic Roasted Sliced Chicken Breast,20,10.42
16033,28745,60694,Oven Roasted Turkey,20,7.99
16034,43488,103843,Cheese Pizza Rolls,1,7.49
16037,31513,50583,Kefir Cultured Milk Smoothie Plain,16,1.1
16039,30494,139788,Organic Mango Slices,19,7.63
16041,19625,4344,Organic Chicken & Vegetable Potstickers,1,11.18
16043,15860,131981,Natural Apple Sauce Cups,15,8.98
16045,1025,155426,Organic Fresh Basil,4,11.34
16045,35939,155426,Organic Jalapeno Pepper,4,9.93
16045,26209,155426,Limes,4,4.37
16046,12572,120238,6 OZ LA PANZANELLA CROSTINI ORIGINAL CRACKERS,19,1.78
16047,46562,165851,Sweet & Salty Nut Granola Bars Peanut,19,3.56
16048,31801,39728,9 Inch Plates,17,4.1
16048,19705,39728,Muhammara Walnut Pomegranate & Roasted Red Pepper Meze,20,11.15
16048,13603,39728,Tarragon Chicken Salad,20,11.45
16048,26209,39728,Limes,4,4.37
16049,31124,203614,Absolutely Zero Energy Drink,7,1.47
16049,43772,203614,Cherubs Heavenly Salad Tomatoes,4,1.15
16050,30962,192698,Vanilla Greek Yogurt 0% Fat,16,12.25
16054,42736,40556,Unsalted Butter,16,9.28
16055,26209,96615,Limes,4,4.37
16057,16759,148833,Organic Carrot Bunch,4,4.17
16057,36070,148833,"Super Spinach! Baby Spinach, Baby Bok Choy, Sweet Baby Kale",4,4.34
16057,46290,148833,Original Crispy Apple Chips,19,9.75
16060,45544,19323,Organic Plain Nonfat Greek Yogurt,16,8.48
16060,32923,19323,Organic Triple Berry Blend,1,11.94
16060,11432,19323,Chopped Kale,4,9.06
16060,6568,19323,Snacks Mango,19,8.66
16061,3631,203077,Organic Whole Milk French Vanilla Yogurt,16,1.49
16061,36070,203077,"Super Spinach! Baby Spinach, Baby Bok Choy, Sweet Baby Kale",4,4.34
16066,1025,203914,Organic Fresh Basil,4,11.34
16066,4163,203914,Spanish Rice Pilaf Mix,9,7.87
16066,40753,203914,Classic Minestrone RTS Organic Soup,15,8.02
16067,20542,166304,Lime Ginger Lemon Agave,7,7.7
16068,1700,156633,White Cheddar Popcorn,19,5.86
16068,26209,156633,Limes,4,4.37
16068,40268,156633,Organic Wheat-Free & Gluten-Free Original Crackers,19,3.71
16070,1940,82857,Organic 2% Reduced Fat Milk,16,1.23
16071,4149,202663,Frozen Organic Blueberries,4,11.59
16072,33741,22104,Gluten Free Classic Hamburger Buns,3,10.9
16075,34969,143989,Red Vine Tomato,4,9.25
16077,27509,96596,Organic Seasoned Yukon Select Potatoes Hashed Browns,1,5.21
16077,25542,96596,"Orzo, No. 65",9,0.92
16083,26604,4724,Organic Blackberries,4,8.08
16083,4962,4724,Yotoddler Organic Pear Spinach Mango Yogurt,16,10.68
16084,10106,65950,Honey & Maple Turkey Breast,20,8.53
16084,47630,65950,Medium Navel Orange,4,5.6
16085,26509,56795,Hot Taco Seasoning Mix,13,9.0
16085,18460,56795,Brussel Sprouts,4,3.07
16085,46537,56795,Asian Toasted Sesame Lite Dressing,13,3.72
16086,34969,14151,Red Vine Tomato,4,9.25
16086,26209,14151,Limes,4,4.37
16086,33956,14151,Mighty Mango Juice Smoothie,7,7.47
16087,23765,159609,Organic Smoked Turkey Breast,20,10.28
16087,13249,159609,Skim Milk,16,9.33
16088,8138,81332,Traditional Hummus,20,2.75
16089,13733,33886,Red Potatoes,4,4.73
16090,12312,138109,Lavender Hand Soap,11,11.33
16090,45007,138109,Organic Zucchini,4,5.08
16090,31821,138109,Cubanelle Pepper,4,4.24
16090,26209,138109,Limes,4,4.37
16092,890,12899,Organic Diced Tomatoes,15,1.35
16092,48595,12899,Organic Wheat Square Crackers,19,9.0
16092,18963,12899,Apple Cider Vinegar,13,9.67
16093,3843,52493,Organic Brussels Sprouts,4,8.41
16093,18963,52493,Apple Cider Vinegar,13,9.67
16094,45007,49683,Organic Zucchini,4,5.08
16094,1025,49683,Organic Fresh Basil,4,11.34
16095,1025,177494,Organic Fresh Basil,4,11.34
16095,781,177494,Organic Shredded Mild Cheddar,16,2.78
16098,29989,134759,"Dirty Chai Coffee, Cold Brew",16,5.89
16098,31958,134759,Spinach and Arugula Salad,4,9.62
16100,40712,5788,Black Figs,4,4.26
16101,24830,70651,Organic Romaine,4,10.27
16103,30494,91987,Organic Mango Slices,19,7.63
16103,33316,91987,Lemongrass & Clementine Zest Natural Dish Liquid,17,0.96
16103,41437,91987,Hearty Minestrone with Vegetables Soup,15,11.43
16103,46802,91987,Pineapple Chunks,1,6.76
16103,890,91987,Organic Diced Tomatoes,15,1.35
16105,42345,92636,Baby Food Pouch - Roasted Carrot Spinach & Beans,18,4.39
16105,23815,92636,Bosc Pears,4,9.02
16108,5450,148159,Small Hass Avocado,4,5.77
16108,26604,148159,Organic Blackberries,4,8.08
16114,28915,4336,Penne Lisce,9,7.53
16114,1862,4336,Tuna Fillets in Olive Oil,15,7.05
16115,24028,196710,Sparkling Water Grape Apple,21,2.37
16115,46820,196710,Vanilla Pure Almond Milk,16,11.94
16115,19171,196710,100% Lactose Free Organic 2% Reduced Fat Milk,16,9.21
16115,20915,196710,Mozzarella Light Low Moisture Part Skim String Cheese,16,3.56
16115,13147,196710,GOLEAN Crisp! Toasted Berry Crumble Cereal,14,4.75
16115,43409,196710,Frosted Mini-Wheats Original Cereal,14,12.46
16115,21317,196710,Diet Trop-A-Rocka Tea,7,4.92
16116,22920,70986,Roasted & Salted Shelled Pistachios,19,7.88
16118,34969,4787,Red Vine Tomato,4,9.25
16118,40268,4787,Organic Wheat-Free & Gluten-Free Original Crackers,19,3.71
16122,35939,31583,Organic Jalapeno Pepper,4,9.93
16122,15273,31583,Organic Jumbo Grade A Pastured Eggs,16,5.15
16122,260,31583,Cantaloupe,4,3.01
16124,12333,57199,Milk Chocolate Minatures,19,5.41
16124,852,57199,Light String Cheese,16,1.75
16124,42240,57199,Ultra Soft Facial Tissues,17,12.0
16126,26209,87117,Limes,4,4.37
16127,30827,186480,Seedless Cucumbers,4,5.22
16133,5450,140720,Small Hass Avocado,4,5.77
16133,45007,140720,Organic Zucchini,4,5.08
16133,41259,140720,Poblano Pepper,4,10.56
16133,26209,140720,Limes,4,4.37
16136,27177,162224,"Shampoo, Body Wash, Bubble Bath Coconut+Lemon",11,3.55
16137,25647,193111,Heirloom Tomato,4,4.3
16138,40310,107376,Oven Roasted Turkey Breast,20,8.23
16140,27690,84529,Apple Cinnamon GoGo Squeez,19,6.29
16140,35065,84529,Orange Strawberry Banana Juice,7,2.03
16142,49284,139409,Fennel Seed,13,3.57
16145,36315,146991,Low Fat Split Pea Soup,15,12.38
16145,44368,146991,Fresh Mozzarella Cheese,16,11.12
16145,25691,146991,Original Life Cereal,14,4.24
16145,34969,146991,Red Vine Tomato,4,9.25
16149,12427,150094,Original Beef Jerky,19,3.08
16150,19003,76989,Celery,4,5.68
16150,26172,76989,Light Sour Cream,16,7.26
16151,2596,146089,Lemon Cake Ice Cream,1,2.8
16155,33120,194559,Organic Egg Whites,16,5.33
16155,45007,194559,Organic Zucchini,4,5.08
16155,24830,194559,Organic Romaine,4,10.27
16156,4809,94288,Greek Whole Milk Blended Blueberry Yogurt,16,6.38
16156,41806,94288,Organic Greek Whole Milk Blended Strawberry Yogurt,16,7.97
16157,18963,135299,Apple Cider Vinegar,13,9.67
16158,27464,138230,Direct Trade House Blend Medium Roast Ground Coffee,7,11.02
16158,19677,138230,Original Pure Creamy Almond Milk,16,6.4
16161,17025,97757,Country Dijon Mustard,13,8.15
16161,26209,97757,Limes,4,4.37
16161,19173,97757,Orange Calcium & Vitamin D Pulp Free,7,11.11
16161,35042,97757,Black Beans,15,5.95
16162,24830,37903,Organic Romaine,4,10.27
16162,19938,37903,Extra Wide Egg Noodles,9,2.68
16163,18159,55752,Organic Biologique Limes,4,5.06
16166,21614,28584,Crackers Harvest Whole Wheat,19,2.38
16170,26209,162815,Limes,4,4.37
16172,14553,47631,Oats & Honey Granola,14,2.32
16172,46820,47631,Vanilla Pure Almond Milk,16,11.94
16172,25691,47631,Original Life Cereal,14,4.24
16172,36961,47631,Pink Cripps Apple,4,2.89
16172,22124,47631,Total 0% Raspberry Yogurt,16,9.08
16172,12397,47631,Earl Grey Tea Bags,7,6.93
16172,28748,47631,Nuggets Assortment,19,6.86
16172,42959,47631,Jet-Dry Original Rinse Aid,17,3.45
16173,26604,78672,Organic Blackberries,4,8.08
16174,20842,153105,Total 0% Greek Yogurt,16,9.2
16176,5450,73031,Small Hass Avocado,4,5.77
16177,26209,121002,Limes,4,4.37
16178,17044,100685,French Baguette,3,6.85
16178,41860,100685,Sea Salt Baked Potato Chips,19,5.7
16179,1025,21946,Organic Fresh Basil,4,11.34
16179,36961,21946,Pink Cripps Apple,4,2.89
16179,5450,21946,Small Hass Avocado,4,5.77
16179,45007,21946,Organic Zucchini,4,5.08
16186,11610,170930,Organic Chocolate Syrup,13,8.82
16190,11432,88010,Chopped Kale,4,9.06
16190,23928,88010,Butter Chicken Simmer Sauce,6,6.25
16190,23031,88010,Thin Ultra Always Ultra Thin Regular Pads With Wings 18 count Feminine Care,11,1.39
16190,37148,88010,"Milk Chocolate Candies, Bonus Bag",19,4.64
16192,26604,47729,Organic Blackberries,4,8.08
16192,9963,47729,Ultra Thin Pepper Jack Cheese Slices,16,6.1
16192,35042,47729,Black Beans,15,5.95
16192,38996,47729,Grape Tomatoes,4,4.64
16193,45493,53932,Dark Chocolate Ice Cream,1,1.06
16196,38456,107885,Large Grapefruit,4,3.38
16196,10060,107885,Original BBQ Sauce,13,8.23
16196,34969,107885,Red Vine Tomato,4,9.25
16198,11494,149222,Cookie Dough Ice Cream Chocolate Chip,21,8.87
16199,890,172432,Organic Diced Tomatoes,15,1.35
16200,1747,201572,Teriyaki Beef Jerky,19,6.84
16202,1194,138483,Natural Artisan Water,7,7.42
16204,6244,24667,Club Soda Lower Sodium,7,5.76
16204,46541,24667,Corn Flakes,14,2.21
16205,45866,131529,Fig Newmans Fruit Filled Cookies,19,2.46
16205,6104,131529,Whole Milk Plain Yogurt,16,1.76
16206,19451,182318,Comforting Chamomile Tea,7,12.54
16207,49424,174301,Cereal Honey Bears,13,8.25
16207,30353,174301,Curate Cherry Lime Sparkling Water,7,1.86
16211,46584,154839,YoKids Blueberry & Strawberry/Vanilla Yogurt,16,8.82
16213,38996,131675,Grape Tomatoes,4,4.64
16213,27433,131675,Artisan French Rolls,1,4.71
16213,44570,131675,Kale Greens,4,4.15
16215,33527,178144,Organic Classic Rich Crackers,19,7.46
16215,260,178144,Cantaloupe,4,3.01
16229,27509,194503,Organic Seasoned Yukon Select Potatoes Hashed Browns,1,5.21
16229,18027,194503,Ezekiel 4:9 Bread Organic Sprouted Whole Grain,3,11.3
16232,15344,145986,Supreme Party Pizza,1,4.4
16233,45007,165173,Organic Zucchini,4,5.08
16234,16759,141721,Organic Carrot Bunch,4,4.17
16235,7963,23170,Gluten Free Whole Grain Bread,1,4.53
16235,8866,23170,Organic White Chocolate Peanut Butter Cups,19,4.23
16236,36086,42107,Philadelphia Original Cream Cheese,16,2.08
16236,42736,42107,Unsalted Butter,16,9.28
16236,36526,42107,Long Grain American Basmati White Rice,9,10.96
16236,29334,42107,Leek,4,6.09
16236,1940,42107,Organic 2% Reduced Fat Milk,16,1.23
16236,36634,42107,"Syrup, Maine Maple",13,4.04
16237,32964,116030,Rich and Creamy Milk Chocolate Frosting,13,9.17
16237,36086,116030,Philadelphia Original Cream Cheese,16,2.08
16240,39448,170012,Cold Brew Coffee Mocha,16,11.23
16241,16276,188528,Bittersweet 60% Chocolate Baking Chips,13,10.88
16241,19173,188528,Orange Calcium & Vitamin D Pulp Free,7,11.11
16241,31215,188528,Lemon Yogurt,16,10.41
16241,14307,188528,Watermelon Sore Throat Drops,11,9.25
16244,4962,58994,Yotoddler Organic Pear Spinach Mango Yogurt,16,10.68
16245,7963,56229,Gluten Free Whole Grain Bread,1,4.53
16248,42500,100523,Orange & Lemon Flavor Variety Pack Sparkling Fruit Beverage,7,6.51
16249,47966,1667,Old Fashioned Rolled Oats,14,2.74
16249,12614,1667,Yellow Grape Tomatoes,4,1.39
16250,45007,199393,Organic Zucchini,4,5.08
16252,33120,112535,Organic Egg Whites,16,5.33
16252,4149,112535,Frozen Organic Blueberries,4,11.59
16256,31961,82836,Chilpotle Peppers in Adobo Sauce,6,7.83
16256,26209,82836,Limes,4,4.37
16256,43772,82836,Cherubs Heavenly Salad Tomatoes,4,1.15
16259,34969,14288,Red Vine Tomato,4,9.25
16260,35939,159397,Organic Jalapeno Pepper,4,9.93
16261,16759,170996,Organic Carrot Bunch,4,4.17
16265,43371,7543,Crushed Red Pepper,13,7.03
16266,42736,98563,Unsalted Butter,16,9.28
16269,11068,50008,Medium Cheddar Cheese Block,16,1.9
16270,20899,140018,Goo Berry Pie Probugs Kefir,16,6.29
16270,13113,140018,Organic Apple Juice Boxes,7,9.79
16270,29195,140018,Wild Sardines in Extra Virgin Olive Oil,15,5.4
16272,27509,17323,Organic Seasoned Yukon Select Potatoes Hashed Browns,1,5.21
16272,13431,17323,Flaky Biscuits,13,1.83
16277,39408,175090,Gala Apples,4,4.03
16283,24118,87470,Vegan Big Cup Pad Thai Noodle Soup,15,12.17
16284,18656,107645,Organic Red Potato,4,1.93
16285,28785,41185,Organic Tahini,13,8.89
16285,20842,41185,Total 0% Greek Yogurt,16,9.2
16286,46802,167088,Pineapple Chunks,1,6.76
16286,26604,167088,Organic Blackberries,4,8.08
16289,21189,150959,Prime Grade Jasmine Rice,9,6.12
16289,449,150959,Chips Ahoy! Chewy Cookies,19,9.39
16290,7681,81175,"Master Brew Kombucha, Tart Cherry",7,4.15
16290,10369,81175,Organic Genoa Salami,20,2.35
16290,26209,81175,Limes,4,4.37
16291,19677,13559,Original Pure Creamy Almond Milk,16,6.4
16293,47141,170892,Cola,7,5.77
16294,24874,156916,Dark Royal Roast K-Cup Pods,7,3.04
16294,11323,156916,Medium Roast Extra Bold K-Cup Packs Coffee,7,1.24
16296,26604,37007,Organic Blackberries,4,8.08
16297,41803,125967,Uncrustables Peanut Butter & Strawberry Jam Sandwiches,1,2.96
16297,40310,125967,Oven Roasted Turkey Breast,20,8.23
16301,22920,51524,Roasted & Salted Shelled Pistachios,19,7.88
16301,2452,51524,Naturals Chicken Nuggets,1,1.24
16302,36735,15943,Organic Roasted Sliced Chicken Breast,20,10.42
16305,28946,15356,Yogurt Tubes Blueberry,16,0.9
16306,43922,133177,Hickory Liquid Smoke,13,3.22
16311,6680,133937,Potato Gnocchi,9,11.32
16312,21614,168206,Crackers Harvest Whole Wheat,19,2.38
16313,42475,109161,Unsalted Butter Quarters,16,2.61
16314,13250,20513,Double Protein Oatmeal English Muffins,3,5.92
16314,26604,20513,Organic Blackberries,4,8.08
16317,44265,164669,"Roasted white meat chicken, whole wheat noodles, green beans & carrots in a creamy chili peanut sauce. Thai-Style Noodles With Chicken",1,5.36
16318,6750,152544,Cheese Ravioli with Sauce Bowls,1,11.37
16318,38772,152544,Provolone,16,1.84
16318,45007,152544,Organic Zucchini,4,5.08
16318,18656,152544,Organic Red Potato,4,1.93
16319,12572,156964,6 OZ LA PANZANELLA CROSTINI ORIGINAL CRACKERS,19,1.78
16319,34969,156964,Red Vine Tomato,4,9.25
16320,49647,142886,Minute Instant Whole Grain Brown Rice,9,10.24
16321,4962,191334,Yotoddler Organic Pear Spinach Mango Yogurt,16,10.68
16321,26209,191334,Limes,4,4.37
16321,35383,191334,Classic White Bread,3,6.03
16321,46847,191334,Quick Cooking Rolled Oats Irish Oatmeal,14,6.01
16322,18550,14630,Organic Original Coconut Smoothie,7,9.29
16324,3318,173284,Cinnamon Swirl Raisin Bread,3,4.94
16325,26604,106000,Organic Blackberries,4,8.08
16326,45007,102295,Organic Zucchini,4,5.08
16329,2431,174598,Organic Spicy Lemonade Juice Drink,7,1.41
16329,45599,174598,Organic Strawberry Lemonade Fruit Juice Drink,7,6.8
16333,17789,65149,Soy Free Buttery Spread,16,11.19
16336,11950,196177,Madagascar Vanilla Ice Cream,1,3.42
16337,45064,187865,Honey Wheat Bread,3,1.52
16337,26209,187865,Limes,4,4.37
16342,20842,50811,Total 0% Greek Yogurt,16,9.2
16343,16908,177337,Jacob's Wonderbar Dark Roast,7,11.01
16345,1970,37853,Chicken Enchiladas,1,11.9
16345,11766,37853,Organic Wheat-Free & Gluten-Free Onion Crackers,19,6.05
16345,9795,37853,Vegetable Barley Organic Soup,15,10.53
16347,17789,37224,Soy Free Buttery Spread,16,11.19
16352,35042,164822,Black Beans,15,5.95
16352,40415,164822,Fajitas Seasoning Mix,13,8.54
16353,27061,193282,Sweet Potato Apple Stage 2 Baby Food,18,2.61
16353,2298,193282,"Muffins, Mini, Flax, Chocolate Brownie",3,8.0
16353,7963,193282,Gluten Free Whole Grain Bread,1,4.53
16353,33527,193282,Organic Classic Rich Crackers,19,7.46
16353,5450,193282,Small Hass Avocado,4,5.77
16353,45612,193282,Pancake Puffs Banana - 36 PC,1,10.01
16353,45210,193282,Organic Greek Lowfat Yogurt With Blueberries,16,5.69
16354,5450,113706,Small Hass Avocado,4,5.77
16354,45007,113706,Organic Zucchini,4,5.08
16355,26209,172789,Limes,4,4.37
16355,37067,172789,Organic Banana,4,10.85
16355,10096,172789,Corn Meal Pizza Crust,1,11.52
16355,45007,172789,Organic Zucchini,4,5.08
16355,46584,172789,YoKids Blueberry & Strawberry/Vanilla Yogurt,16,8.82
16355,38439,172789,Mara Natha Organic Peanut Butter Creamy,13,12.09
16355,16759,172789,Organic Carrot Bunch,4,4.17
16357,5918,168940,Single Serve Cheese Pizza,1,7.61
16357,29840,168940,Organic Low Sodium Roasted Red Pepper & Tomato Soup,15,6.61
16357,45007,168940,Organic Zucchini,4,5.08
16358,7371,63028,Chocolate Chip Cookie Dough Bar,19,5.25
16358,22224,63028,Whole Milk Plain Greek Yogurt,16,2.08
16358,2429,63028,"Seriously Sharp Cheddar Cheese Cracker Cut Slices,",16,8.44
16361,1335,113886,Stage 1 Just Butternut Squash Baby Food,18,5.8
16361,36485,113886,Organic Stage 2 Winter Squash Baby Food Puree,18,0.97
16362,33956,117145,Mighty Mango Juice Smoothie,7,7.47
16364,28413,19522,Bunny-Luv Organic Carrots,4,7.3
16365,47141,112685,Cola,7,5.77
16368,46562,58043,Sweet & Salty Nut Granola Bars Peanut,19,3.56
16369,4620,168907,Ginger Root,4,9.03
16369,8237,168907,Go Fresh Cool Moisture Beauty Bar Soap,11,10.98
16370,4149,4443,Frozen Organic Blueberries,4,11.59
16370,17924,4443,Seltzer Water,7,3.66
16372,44570,20275,Kale Greens,4,4.15
16373,37066,81389,Original Cherry Orchard Yogurt,16,9.7
16374,41259,114326,Poblano Pepper,4,10.56
16374,6473,114326,Bag of Lemons,4,6.98
16380,22159,66862,Red Machine Juice Smoothie,7,2.1
16382,12572,98254,6 OZ LA PANZANELLA CROSTINI ORIGINAL CRACKERS,19,1.78
16383,11432,72465,Chopped Kale,4,9.06
16383,43772,72465,Cherubs Heavenly Salad Tomatoes,4,1.15
16385,2822,124750,Organic Creamy Raw Almond Butter,13,4.11
16385,37355,124750,Organic Extra Virgin Coconut Oil,13,1.06
16385,12572,124750,6 OZ LA PANZANELLA CROSTINI ORIGINAL CRACKERS,19,1.78
16386,45007,31642,Organic Zucchini,4,5.08
16386,17044,31642,French Baguette,3,6.85
16386,15455,31642,Organic Extra Virgin Oil Olive,13,8.12
16389,10,148085,Sparkling Orange Juice & Prickly Pear Beverage,7,7.1
16389,30353,148085,Curate Cherry Lime Sparkling Water,7,1.86
16389,44375,148085,Canned Aranciata Orange,7,3.21
16390,20915,151320,Mozzarella Light Low Moisture Part Skim String Cheese,16,3.56
16391,33120,67433,Organic Egg Whites,16,5.33
16392,2452,175647,Naturals Chicken Nuggets,1,1.24
16395,22089,43147,Vitamin D Milk,16,12.21
16396,11432,43015,Chopped Kale,4,9.06
16396,33956,43015,Mighty Mango Juice Smoothie,7,7.47
16399,34969,21169,Red Vine Tomato,4,9.25
16402,46584,158376,YoKids Blueberry & Strawberry/Vanilla Yogurt,16,8.82
16402,47211,158376,Kettle Cooked Potato Chips Original,19,3.65
16403,47873,106397,Sparkling Probiotic Drink Mango Coconut,7,12.37
16403,10603,106397,93% Ground Beef,12,3.6
16403,23393,106397,"Toothpaste, Fluoride Free, Whitening, Cool Mint Gel",11,5.1
16404,40198,119994,Blueberry Yoghurt,16,8.81
16404,49247,119994,Coconut Yoghurt,16,4.8
16404,18411,119994,100% Pure Sesame Seed Oil,6,9.44
16405,33288,61942,Sweet & Hot Beef Jerky,19,5.6
16406,9953,12010,Salt & Vinegar Chips,19,0.97
16407,13844,190463,Italian Style Whole Peeled Tomatoes With Basil Leaf,15,4.55
16407,43662,190463,"Yogurt, Strained Low-Fat, Coconut",16,11.87
16408,47792,48143,Organic Beans & Rice Cheddar Cheese Burrito,1,8.35
16409,24532,50193,Cranberry Almond Chicken Salad,3,2.66
16410,12919,7206,Coconut Sparkling Water,7,12.1
16414,14295,53303,Sea Salt Garden Veggie Straws,19,6.72
16415,23271,131924,Tabasco Chipotle Pepper Sauce,13,11.83
16417,16170,45813,Italian Style Meatballs & Mozzarella Sandwiches,1,7.95
16417,3776,45813,Chocolate Chip Waffles,1,10.25
16417,17022,45813,Elbows Pasta,9,7.36
16418,44292,147745,Premium Unsweetened Iced Tea,7,7.57
16418,44000,147745,Carrot Muffins,3,5.44
16419,3699,176039,"Chard, Green, New England Grown",4,11.17
16419,7598,176039,Organic Unsweetened Creamy Cashewmilk,16,8.56
16419,5450,176039,Small Hass Avocado,4,5.77
16419,45007,176039,Organic Zucchini,4,5.08
16419,10025,176039,Freeze Dried Strawberry Slices,1,8.24
16420,38558,155252,Organic Low Fat Cottage Cheese,16,9.47
16422,1940,86173,Organic 2% Reduced Fat Milk,16,1.23
16422,44277,86173,Natural Boneless Skinless Chicken Thighs,12,4.34
16425,26604,99272,Organic Blackberries,4,8.08
16426,36086,90923,Philadelphia Original Cream Cheese,16,2.08
16427,36315,188776,Low Fat Split Pea Soup,15,12.38
16430,26177,125292,Organic Honey Nut O's Cereal,14,3.76
16430,45210,125292,Organic Greek Lowfat Yogurt With Blueberries,16,5.69
16432,39729,155875,Organic Apple Cider,7,2.96
16432,38456,155875,Large Grapefruit,4,3.38
16432,2452,155875,Naturals Chicken Nuggets,1,1.24
16432,43647,155875,Organic Asparagus Spears,1,11.18
16434,890,59186,Organic Diced Tomatoes,15,1.35
16435,38456,188291,Large Grapefruit,4,3.38
16436,7518,113749,Chicken Flavored Bone 4 Inch Dog Chew,8,1.43
16437,8896,98923,Southern Style White Corn Grits,14,10.63
16439,45007,60349,Organic Zucchini,4,5.08
16441,781,148916,Organic Shredded Mild Cheddar,16,2.78
16442,20463,78417,Organic Fat-Free Milk,16,1.48
16445,47630,161043,Medium Navel Orange,4,5.6
16447,24532,76209,Cranberry Almond Chicken Salad,3,2.66
16449,5450,34764,Small Hass Avocado,4,5.77
16450,45007,43527,Organic Zucchini,4,5.08
16450,34969,43527,Red Vine Tomato,4,9.25
16454,20542,74750,Lime Ginger Lemon Agave,7,7.7
16454,43662,74750,"Yogurt, Strained Low-Fat, Coconut",16,11.87
16454,47630,74750,Medium Navel Orange,4,5.6
16455,15693,55355,Organic Peach Oo La Long Tea,7,9.36
16455,47866,55355,Jalapeno Potato Chips,19,12.02
16455,39408,55355,Gala Apples,4,4.03
16457,21506,142701,Organic Raisin Bran Cereal,14,2.69
16458,11766,65936,Organic Wheat-Free & Gluten-Free Onion Crackers,19,6.05
16458,26604,65936,Organic Blackberries,4,8.08
16458,6980,65936,Toma,16,10.85
16459,18689,185491,Dairy-Free Chive Cream Cheese,16,10.12
16459,14378,185491,Finocchiona Salami,20,7.26
16459,38558,185491,Organic Low Fat Cottage Cheese,16,9.47
16459,47323,185491,Soft Baked Minis Snack Packs Double Chocolate Brownie - 6 PK,21,11.52
16462,29334,132424,Leek,4,6.09
16465,1025,3475,Organic Fresh Basil,4,11.34
16466,44292,102356,Premium Unsweetened Iced Tea,7,7.57
16468,43192,155173,Dark with 70% Cacao Content Organic Chocolate Bar,19,5.04
16469,26209,133091,Limes,4,4.37
16469,45007,133091,Organic Zucchini,4,5.08
16472,45007,58729,Organic Zucchini,4,5.08
16473,4809,10542,Greek Whole Milk Blended Blueberry Yogurt,16,6.38
16473,46863,10542,Organic Plain Coconut Milk Yogurt,16,8.77
16473,45007,10542,Organic Zucchini,4,5.08
16473,47169,10542,100% O-J Juice,7,8.64
16474,19972,7755,Semi-Sweet Chocolate Morsels,13,2.43
16474,17924,7755,Seltzer Water,7,3.66
16474,42475,7755,Unsalted Butter Quarters,16,2.61
16475,22124,37928,Total 0% Raspberry Yogurt,16,9.08
16476,26604,58123,Organic Blackberries,4,8.08
16479,10106,39824,Honey & Maple Turkey Breast,20,8.53
16480,10603,135433,93% Ground Beef,12,3.6
16480,26209,135433,Limes,4,4.37
16481,19173,199143,Orange Calcium & Vitamin D Pulp Free,7,11.11
16482,26209,133045,Limes,4,4.37
16484,43768,132951,Organic Bell Pepper,4,2.4
16484,42964,132951,Gluten Free Spaghetti Pasta,9,9.5
16484,611,132951,Uncured Hard Salami,20,7.19
16484,38456,132951,Large Grapefruit,4,3.38
16484,33491,132951,Shake & Spoon Chopped Pecans,13,11.74
16485,37538,37384,Organic Sweet Pea,4,3.61
16486,48812,21642,Variety Pack,17,7.23
16488,7598,33914,Organic Unsweetened Creamy Cashewmilk,16,8.56
16488,38164,33914,Almonds & Sea Salt in Dark Chocolate,19,9.32
16489,42475,138009,Unsalted Butter Quarters,16,2.61
16489,43645,138009,"Eggs, Hard-Boiled",16,10.16
16490,25691,137221,Original Life Cereal,14,4.24
16490,969,137221,Petite Green Peas,1,10.84
16491,30827,81944,Seedless Cucumbers,4,5.22
16494,31801,171782,9 Inch Plates,17,4.1
16496,30353,108199,Curate Cherry Lime Sparkling Water,7,1.86
16496,27275,108199,Pineapple Strawberry Sparkling Water,7,7.09
16496,12276,108199,Chocolate Chip Cookie Dough Ice Cream,1,8.4
16499,12312,8748,Lavender Hand Soap,11,11.33
16500,19385,190761,Channa Masala Indian Cuisine,6,5.88
16500,48091,190761,Coconut Almond Protein Beverage,21,4.16
16501,4163,52409,Spanish Rice Pilaf Mix,9,7.87
16501,29506,52409,Pita Bread,3,5.14
16501,45007,52409,Organic Zucchini,4,5.08
16502,47792,159446,Organic Beans & Rice Cheddar Cheese Burrito,1,8.35
16502,16759,159446,Organic Carrot Bunch,4,4.17
16504,39604,194316,Turkey Breakfast Sausage Links,12,2.75
16506,44375,125657,Canned Aranciata Orange,7,3.21
16512,46820,151689,Vanilla Pure Almond Milk,16,11.94
16512,16840,151689,Mild Guacamole,20,2.21
16512,46847,151689,Quick Cooking Rolled Oats Irish Oatmeal,14,6.01
16513,18721,6537,"Baked Rice and Corn Puffs, Aged White Cheddar",19,2.22
16514,41259,166538,Poblano Pepper,4,10.56
16517,2002,60837,"The \""World's Best\"" Veggie Burger",1,0.89
16518,10258,93378,Pistachios,19,9.49
16519,9894,55379,Panko Crispy Bread Crumbs,13,10.35
16519,27796,55379,Real Mayonnaise,13,0.97
16519,26209,55379,Limes,4,4.37
16521,26209,80374,Limes,4,4.37
16521,41408,80374,Goat's Milk Cheese,16,6.12
16521,19922,80374,Organic Garlic & Herbs Fresh Goat Cheese,16,6.74
16522,26376,73547,Shrimp Spring Roll,20,5.16
16526,22124,100698,Total 0% Raspberry Yogurt,16,9.08
16527,21614,91326,Crackers Harvest Whole Wheat,19,2.38
16527,6104,91326,Whole Milk Plain Yogurt,16,1.76
16527,9597,91326,Sweet Kale Chopped Salad,4,3.58
16527,12118,91326,Organic Whole Grain Spanish Rice,9,4.97
16528,3400,74813,Flip Pumpkin Harvest Crisp Lowfat Greek Yogurt,16,7.07
16528,29094,74813,Flip Coffee Break Bliss Greek Yogurt,16,8.93
16529,16398,11907,Guava Goddess Organic Kambucha,7,1.59
16529,30742,11907,Veggie Pepperoni Pizza,20,2.76
16531,24830,19556,Organic Romaine,4,10.27
16531,42736,19556,Unsalted Butter,16,9.28
16534,16759,205200,Organic Carrot Bunch,4,4.17
16536,45007,40746,Organic Zucchini,4,5.08
16537,36070,94285,"Super Spinach! Baby Spinach, Baby Bok Choy, Sweet Baby Kale",4,4.34
16537,45007,94285,Organic Zucchini,4,5.08
16537,47630,94285,Medium Navel Orange,4,5.6
16537,35065,94285,Orange Strawberry Banana Juice,7,2.03
16537,27690,94285,Apple Cinnamon GoGo Squeez,19,6.29
16537,260,94285,Cantaloupe,4,3.01
16537,38562,94285,Pomegranate Arils,4,2.59
16537,41363,94285,Tofu Spring Roll,20,2.74
16538,43343,182368,Seaweed Ramen,6,7.11
16539,8057,202349,Organic Chicken & Mozzarella Ravioli,9,8.71
16544,13733,203072,Red Potatoes,4,4.73
16544,5085,203072,Organic Stage 1 First Peas Baby Food,18,4.64
16547,12333,145428,Milk Chocolate Minatures,19,5.41
16549,26209,5296,Limes,4,4.37
16549,45007,5296,Organic Zucchini,4,5.08
16549,16759,5296,Organic Carrot Bunch,4,4.17
16550,16291,87056,Organic Extra Large Brown Omega 3 Eggs,16,8.98
16552,30827,183305,Seedless Cucumbers,4,5.22
16554,8588,114048,Organic Pappardelle,9,10.78
16555,5902,26763,"Rice Crackers, Original",19,10.11
16556,45210,66090,Organic Greek Lowfat Yogurt With Blueberries,16,5.69
16558,27509,157088,Organic Seasoned Yukon Select Potatoes Hashed Browns,1,5.21
16558,5450,157088,Small Hass Avocado,4,5.77
16558,26177,157088,Organic Honey Nut O's Cereal,14,3.76
16558,28785,157088,Organic Tahini,13,8.89
16559,18881,19668,Coconut Milk Vanilla Frozen Dessert,1,2.62
16559,46802,19668,Pineapple Chunks,1,6.76
16559,890,19668,Organic Diced Tomatoes,15,1.35
16559,40268,19668,Organic Wheat-Free & Gluten-Free Original Crackers,19,3.71
16559,45007,19668,Organic Zucchini,4,5.08
16559,18696,19668,Mild Red Enchilada Sauce,6,4.38
16560,8138,197857,Traditional Hummus,20,2.75
16561,37067,56005,Organic Banana,4,10.85
16561,13598,56005,Soy & Dairy Free Plain Unsweetened Almond Milk Yogurt,21,4.21
16561,18689,56005,Dairy-Free Chive Cream Cheese,16,10.12
16563,35042,42015,Black Beans,15,5.95
16564,10527,81982,Whipped Butter,16,3.95
16565,23039,6697,Fat Free Cream Cheese,16,1.3
16565,260,6697,Cantaloupe,4,3.01
16565,26172,6697,Light Sour Cream,16,7.26
16565,45007,6697,Organic Zucchini,4,5.08
16565,19938,6697,Extra Wide Egg Noodles,9,2.68
16565,33231,6697,Mild Lean Turkey Breakfast Sausage,12,5.38
16569,4569,194628,Mini Crunchy Chocolate Chip Cookies,19,3.89
16569,30353,194628,Curate Cherry Lime Sparkling Water,7,1.86
16574,48336,13141,Picante Mild Sauce,13,10.0
16574,22524,13141,Cream Cheese Bar,16,1.12
16575,35078,116458,Seriously Sharp Cheddar Cheese,16,4.43
16576,35939,27042,Organic Jalapeno Pepper,4,9.93
16579,47025,58005,Naturally Light Indian Tonic Water,7,10.58
16579,23737,58005,Organic 100% Grapefruit  Juice,7,8.02
16582,43768,61648,Organic Bell Pepper,4,2.4
16582,26209,61648,Limes,4,4.37
16582,7041,61648,Pecorino Romano,16,5.02
16584,21469,38767,Honest T Mango White Tea,7,4.63
16585,260,35719,Cantaloupe,4,3.01
16585,16145,35719,Organic Cannellini Beans,15,5.1
16586,48144,180985,Tater Tots,1,1.22
16587,260,30379,Cantaloupe,4,3.01
16591,5258,57384,Sparkling Water,7,10.95
16591,16647,57384,Double Duty Advanced Odor Control Clumping Cat Litter,8,12.15
16591,45886,57384,Tahini,13,1.78
16592,45007,126617,Organic Zucchini,4,5.08
16592,19173,126617,Orange Calcium & Vitamin D Pulp Free,7,11.11
16594,43768,177001,Organic Bell Pepper,4,2.4
16594,35078,177001,Seriously Sharp Cheddar Cheese,16,4.43
16598,12614,51862,Yellow Grape Tomatoes,4,1.39
16598,17789,51862,Soy Free Buttery Spread,16,11.19
16602,39046,178060,Smok Cured Turkey Bacon,12,6.84
16604,3584,19119,Grilled Ocean Whitefish & Tuna Feast in Gravy Cat Food,8,3.89
16604,31265,19119,Chunky Turkey Feast Cat Food,8,12.05
16604,7289,19119,"Invisible Dry Antiperspirant/Deodorant, Shower Fresh",11,3.62
16605,26604,52150,Organic Blackberries,4,8.08
16605,890,52150,Organic Diced Tomatoes,15,1.35
16609,3285,131014,Strawberry Squeeze Fruit Spread,13,9.07
16609,18019,131014,Macaroni & Cheese Dinner Original Flavor,9,3.73
16609,4620,131014,Ginger Root,4,9.03
16610,40732,105206,"White meat chipotle chicken, corn, black beans, bell peppers, and onions Fajita-Style Chicken Spring Rolls",1,5.62
16611,30936,146639,"Tortilla Chips, Original",19,7.28
16611,19677,146639,Original Pure Creamy Almond Milk,16,6.4
16613,35939,11914,Organic Jalapeno Pepper,4,9.93
16614,23296,147173,Blueberry on the Bottom Nonfat Greek Yogurt,16,2.27
16616,16759,15083,Organic Carrot Bunch,4,4.17
16617,26209,177032,Limes,4,4.37
16618,32578,129080,Organic Fresh Squeezed Orange Juice,7,6.19
16619,29270,97689,Beet Apple Carrot Lemon Ginger Organic Cold Pressed Juice Beverage,7,5.56
16619,11132,97689,Organic Promise Berry Fruitful Cereal,14,5.23
16620,25331,183024,Chocolate Malt,1,3.53
16620,10667,183024,Imported Butter,16,3.92
16621,17716,63920,"Popcorn, Hot Cheese Flavored",19,10.96
16622,28745,16554,Oven Roasted Turkey,20,7.99
16623,26209,165528,Limes,4,4.37
16623,26604,165528,Organic Blackberries,4,8.08
16627,21282,49755,Mini ABC's & 123's with Meatballs,15,2.43
16629,9848,140262,Balsamic Reduction Traditional Balsamic,13,12.26
16630,15567,18275,Crunchy Chickpeas Falafel,19,1.86
16635,26604,125546,Organic Blackberries,4,8.08
16636,26604,28680,Organic Blackberries,4,8.08
16638,6013,206104,Organic Sun Dried Dates,19,12.0
16638,33120,206104,Organic Egg Whites,16,5.33
16639,7963,170977,Gluten Free Whole Grain Bread,1,4.53
16639,46802,170977,Pineapple Chunks,1,6.76
16639,5450,170977,Small Hass Avocado,4,5.77
16640,33120,112557,Organic Egg Whites,16,5.33
16640,32463,112557,Olive Oil & Aloe Vera Hand Soap,11,4.26
16642,9641,196088,"Action Pacs, Fresh Scent with Dawn",17,2.31
16642,42240,196088,Ultra Soft Facial Tissues,17,12.0
16643,42680,197527,Chunky Chocolate Chip Flax Muffins,3,10.77
16644,260,70268,Cantaloupe,4,3.01
16645,34969,44319,Red Vine Tomato,4,9.25
16647,21683,40590,Organic Multigrain English Muffins,3,7.64
16647,38456,40590,Large Grapefruit,4,3.38
16651,38508,150437,Lightly Salted Kettle Potato Chips - Sea Salt,19,4.06
16652,19677,47294,Original Pure Creamy Almond Milk,16,6.4
16653,28465,67440,Icelandic Style Skyr Blueberry Non-fat Yogurt,16,8.32
16654,9955,186883,Unsweetened Organic Coconut Milk,16,6.48
16654,24492,186883,All Natural Won Ton Wraps,6,5.98
16655,12572,5360,6 OZ LA PANZANELLA CROSTINI ORIGINAL CRACKERS,19,1.78
16655,7185,5360,Rosemary Mini Croccantini,19,4.79
16655,21875,5360,Matcha Green Tea Super Dark Bar,19,4.01
16655,39401,5360,Organic Peruvian Crunch Bar,19,6.53
16655,4145,5360,Organic Chicken Breast In Water,15,10.97
16657,11068,84279,Medium Cheddar Cheese Block,16,1.9
16660,20899,117438,Goo Berry Pie Probugs Kefir,16,6.29
16662,36070,94600,"Super Spinach! Baby Spinach, Baby Bok Choy, Sweet Baby Kale",4,4.34
16662,46807,94600,"Bananas, Raspberries & Oats Organic Baby Food",18,8.95
16662,45007,94600,Organic Zucchini,4,5.08
16665,5918,23278,Single Serve Cheese Pizza,1,7.61
16665,20842,23278,Total 0% Greek Yogurt,16,9.2
16666,26209,164581,Limes,4,4.37
16670,16759,163086,Organic Carrot Bunch,4,4.17
16670,26209,163086,Limes,4,4.37
16670,45007,163086,Organic Zucchini,4,5.08
16670,37067,163086,Organic Banana,4,10.85
16670,26604,163086,Organic Blackberries,4,8.08
16670,7041,163086,Pecorino Romano,16,5.02
16670,44825,163086,Brown Rice Crisps,14,3.92
16671,46820,84249,Vanilla Pure Almond Milk,16,11.94
16675,30827,5361,Seedless Cucumbers,4,5.22
16675,30673,5361,Harissa Hot Sauce,13,8.11
16678,8638,146147,Vanilla Milk Chocolate Almond Ice Cream Bars,1,8.33
16679,42110,156531,Organic Macaroni Shells & Real Aged Cheddar,9,12.09
16679,16744,156531,Peanut & Gluten Free Smooth Almond Butter,13,8.17
16680,10819,115806,Original Craisins,19,8.5
16681,42320,195126,Imported Golden Greek Peperoncini,13,11.32
16682,5875,89836,Roasted Garlic & Gruyere Cheese Smoked Chicken Sausage,12,8.44
16682,39046,89836,Smok Cured Turkey Bacon,12,6.84
16685,22290,204112,Organic Chai Tea Bags,7,5.1
16687,34079,127487,Oatmeal Blueberry & Hazelnut Cup,14,5.77
16690,16759,163033,Organic Carrot Bunch,4,4.17
16691,10369,176449,Organic Genoa Salami,20,2.35
16691,13733,176449,Red Potatoes,4,4.73
16695,42110,145052,Organic Macaroni Shells & Real Aged Cheddar,9,12.09
16698,16874,88482,Chocolate Fudge Brownie Ice Cream,1,4.04
16701,1700,60483,White Cheddar Popcorn,19,5.86
16701,20842,60483,Total 0% Greek Yogurt,16,9.2
16701,30727,60483,Vanilla Almond Fit Granola,14,7.19
16702,5918,193442,Single Serve Cheese Pizza,1,7.61
16703,27684,168883,Peanut Butter Chocolate Chip Vegan Cookie Dough,13,7.28
16705,42972,198354,Natural Pure Sparkling Water,7,4.77
16706,43371,3963,Crushed Red Pepper,13,7.03
16706,27949,3963,Avocado Oil Canyon Cut Kettle Cooked Potato Chips Sea Salt,19,0.97
16707,12955,180461,"Super Foods/Organic Apples, Spinach, Peas & Broccoli + Super Chia Snack Pouch",18,3.05
16708,22365,187244,Owl's Howl Coffee,7,8.67
16710,23765,149019,Organic Smoked Turkey Breast,20,10.28
16712,15979,11785,Extra Sharp Cheddar Cheese Block,16,4.85
16712,13249,11785,Skim Milk,16,9.33
16713,32525,172420,Petite Truffle Brie,16,4.19
16714,28465,14367,Icelandic Style Skyr Blueberry Non-fat Yogurt,16,8.32
16715,48939,64006,Extra IPA Beer,5,11.66
16716,45007,203325,Organic Zucchini,4,5.08
16717,35042,13485,Black Beans,15,5.95
16720,890,140587,Organic Diced Tomatoes,15,1.35
16720,7371,140587,Chocolate Chip Cookie Dough Bar,19,5.25
16723,15011,183838,"Pita Chips, Simply Naked",19,11.46
16727,18881,5436,Coconut Milk Vanilla Frozen Dessert,1,2.62
16728,34969,78134,Red Vine Tomato,4,9.25
16729,31954,112006,Broccoli Slaw,4,9.4
16733,20899,142131,Goo Berry Pie Probugs Kefir,16,6.29
16733,45007,142131,Organic Zucchini,4,5.08
16733,43662,142131,"Yogurt, Strained Low-Fat, Coconut",16,11.87
16733,10369,142131,Organic Genoa Salami,20,2.35
16734,6104,79313,Whole Milk Plain Yogurt,16,1.76
16735,42257,73947,Cloud Star Buddy Biscuits Peanut Butter Dog Treats,8,4.38
16735,29270,73947,Beet Apple Carrot Lemon Ginger Organic Cold Pressed Juice Beverage,7,5.56
16737,26209,202616,Limes,4,4.37
16737,49247,202616,Coconut Yoghurt,16,4.8
16737,12614,202616,Yellow Grape Tomatoes,4,1.39
16739,5488,119746,With Pineapple Pulp Free Orange Juice,7,9.04
16740,38562,41580,Pomegranate Arils,4,2.59
16741,16759,177494,Organic Carrot Bunch,4,4.17
16742,22912,47484,85% Ground Beef Patties,12,10.71
16743,33746,75425,Simply Stock Organic Vegetable Unsalted Stock,15,11.09
16743,18696,75425,Mild Red Enchilada Sauce,6,4.38
16743,49026,75425,Plain Almond Milk Yogurt,16,12.26
16746,22124,38948,Total 0% Raspberry Yogurt,16,9.08
16746,45007,38948,Organic Zucchini,4,5.08
16749,47459,167224,Suddenly Salad Pasta Kit Ranch & Bacon,9,3.91
16750,16759,62056,Organic Carrot Bunch,4,4.17
16750,28745,62056,Oven Roasted Turkey,20,7.99
16751,19677,163160,Original Pure Creamy Almond Milk,16,6.4
16751,26177,163160,Organic Honey Nut O's Cereal,14,3.76
16753,39408,204354,Gala Apples,4,4.03
16754,1747,204778,Teriyaki Beef Jerky,19,6.84
16757,29010,31145,Original Cat Litter,8,8.51
16757,26604,31145,Organic Blackberries,4,8.08
16757,13431,31145,Flaky Biscuits,13,1.83
16758,8460,128143,Hearty Thick Cut Bacon,12,5.7
16760,11950,187027,Madagascar Vanilla Ice Cream,1,3.42
16763,13287,101990,Bistro Bowl Chicken Caesar Salad,4,7.49
16763,46673,101990,Ultra Original Scent Dishwashing Liquid,17,8.73
16765,45007,188446,Organic Zucchini,4,5.08
16766,32726,11121,Cranberry Gourmet Granola,14,2.84
16768,7533,186603,Low-Fat Strawberry Banana on the Bottom Greek Yogurt,16,6.64
16768,8138,186603,Traditional Hummus,20,2.75
16768,23296,186603,Blueberry on the Bottom Nonfat Greek Yogurt,16,2.27
16770,43374,67481,Organic Spicy Kale Krunch Super Food,19,7.82
16770,40836,67481,Anaheim Pepper,4,2.23
16770,31821,67481,Cubanelle Pepper,4,4.24
16772,35470,7166,Water Mineral,7,11.28
16773,24535,20278,Plain Whole Milk Yogurt,16,6.17
16773,16759,20278,Organic Carrot Bunch,4,4.17
16775,1940,64773,Organic 2% Reduced Fat Milk,16,1.23
16776,26177,12726,Organic Honey Nut O's Cereal,14,3.76
16776,45007,12726,Organic Zucchini,4,5.08
16776,33120,12726,Organic Egg Whites,16,5.33
16779,7751,144906,Tomato Ketchup,13,1.99
16779,13249,144906,Skim Milk,16,9.33
16780,35939,205811,Organic Jalapeno Pepper,4,9.93
16780,34969,205811,Red Vine Tomato,4,9.25
16781,33120,69500,Organic Egg Whites,16,5.33
16781,18027,69500,Ezekiel 4:9 Bread Organic Sprouted Whole Grain,3,11.3
16781,22716,69500,Gluten Free Fettuccini Roasted Garlic,9,2.1
16783,26665,96506,Tandoor Baked Naan,3,8.66
16783,48144,96506,Tater Tots,1,1.22
16783,7641,96506,Gluten Free Extra Crispy Fast Food French Fried Potatoes,1,3.81
16784,34861,173079,Beets Bunch,4,1.06
16784,19548,173079,Organic Lightly Roasted Crunchy Peanut Butter,13,1.58
16785,8769,137,Mandarins in Orange Gel Fruit Bowls,15,4.22
16786,43772,13161,Cherubs Heavenly Salad Tomatoes,4,1.15
16786,30696,13161,Eggo Homestyle Waffles,1,6.45
16787,26604,169597,Organic Blackberries,4,8.08
16787,46820,169597,Vanilla Pure Almond Milk,16,11.94
16788,26209,32931,Limes,4,4.37
16789,42736,101841,Unsalted Butter,16,9.28
16789,1025,101841,Organic Fresh Basil,4,11.34
16791,42475,42825,Unsalted Butter Quarters,16,2.61
16794,42736,129571,Unsalted Butter,16,9.28
16796,14114,28586,Orange Chicken,1,12.2
16797,45224,47721,Fior Di Latte Mozzarella,16,7.17
16799,49667,146763,Enchilada with Spanish Rice & Beans Meal,1,10.34
16800,18677,72785,"Minis, Coconut Milk, Non-Dairy Frozen Dessert, no sugar added Vanilla Bar",1,11.94
16800,42300,72785,Organic Vitality Snack Chia Squeeze Blackberry Bliss,19,9.71
16800,890,72785,Organic Diced Tomatoes,15,1.35
16801,14870,28957,Icelandic Style Fat Free Plain Yogurt,16,4.27
16801,26209,28957,Limes,4,4.37
16808,26209,80325,Limes,4,4.37
16808,13780,80325,Thyme,4,10.2
16809,7898,155891,Ginger Beer,7,2.12
16809,26209,155891,Limes,4,4.37
16809,12290,155891,Brie,16,10.11
16809,17044,155891,French Baguette,3,6.85
16810,4423,169459,Radiant Regular Tampons,11,7.22
16811,1700,84301,White Cheddar Popcorn,19,5.86
16811,38921,84301,Gluten Free Cracklebred Sun Dried Tomato & Oregano,19,1.19
16811,35055,84301,Just Cranberry Unsweetened Juice,7,8.57
16812,39982,120012,Sausage  Links,1,7.5
16812,26604,120012,Organic Blackberries,4,8.08
16812,35042,120012,Black Beans,15,5.95
16812,36315,120012,Low Fat Split Pea Soup,15,12.38
16813,31020,62903,Organic Honey Grade A,13,6.18
16817,46847,182778,Quick Cooking Rolled Oats Irish Oatmeal,14,6.01
16817,18796,182778,Pomegranate & Mango Hand Soap,11,10.66
16817,32502,182778,Belgian Style Wheat Ale,5,1.66
16818,4149,119345,Frozen Organic Blueberries,4,11.59
16818,28413,119345,Bunny-Luv Organic Carrots,4,7.3
16819,43875,159280,Baby Food Stage 2 Blueberry Pear & Purple Carrot,18,6.11
16820,40339,131187,Maple Greek Yogurt,16,6.09
16820,36735,131187,Organic Roasted Sliced Chicken Breast,20,10.42
16820,30999,131187,Layered Dark Chocolate Coconut Granola Bars,19,9.64
16821,24830,102415,Organic Romaine,4,10.27
16822,29894,88133,Organic Dark Brown Sugar,13,7.64
16823,36086,106256,Philadelphia Original Cream Cheese,16,2.08
16825,33120,82364,Organic Egg Whites,16,5.33
16827,38456,119033,Large Grapefruit,4,3.38
16831,26209,141467,Limes,4,4.37
16831,24830,141467,Organic Romaine,4,10.27
16833,12315,57278,Dairy Free Hazelnut Coconut Milk Creamer,16,12.03
16834,33021,42210,Reserve Cheddar Cheese,16,4.15
16835,45007,26074,Organic Zucchini,4,5.08
16836,28465,157655,Icelandic Style Skyr Blueberry Non-fat Yogurt,16,8.32
16836,43662,157655,"Yogurt, Strained Low-Fat, Coconut",16,11.87
16838,16145,61500,Organic Cannellini Beans,15,5.1
16840,43662,69528,"Yogurt, Strained Low-Fat, Coconut",16,11.87
16840,32134,69528,Lactose Free Plain Kefir,16,3.11
16842,42796,77447,Broccoli Pot Pie With Cheddar Cheese Sauce,1,6.75
16842,42736,77447,Unsalted Butter,16,9.28
16842,32463,77447,Olive Oil & Aloe Vera Hand Soap,11,4.26
16843,23554,112043,Organic Vanilla Bean Ice Cream,1,6.65
16843,38996,112043,Grape Tomatoes,4,4.64
16848,19677,163618,Original Pure Creamy Almond Milk,16,6.4
16849,1202,121350,Organic Whole Grain Oatmeal Cereal Baby Food,18,9.64
16849,43875,121350,Baby Food Stage 2 Blueberry Pear & Purple Carrot,18,6.11
16850,46807,86623,"Bananas, Raspberries & Oats Organic Baby Food",18,8.95
16851,30827,157093,Seedless Cucumbers,4,5.22
16852,5450,198349,Small Hass Avocado,4,5.77
16854,39408,49824,Gala Apples,4,4.03
16855,47866,115371,Jalapeno Potato Chips,19,12.02
16856,31727,50564,"Organic Tomato Paste, No Salt Added",15,10.09
16860,40310,185196,Oven Roasted Turkey Breast,20,8.23
16862,12276,19731,Chocolate Chip Cookie Dough Ice Cream,1,8.4
16862,5115,19731,Organic Medium Brown Eggs,16,11.44
16862,10060,19731,Original BBQ Sauce,13,8.23
16864,20158,88622,Tofu Firm,20,2.42
16864,26209,88622,Limes,4,4.37
16866,21776,184014,Cinnamon Yeast Rolls,1,7.51
16869,33301,180788,Fig Newtons Cookies,19,10.1
16869,5488,180788,With Pineapple Pulp Free Orange Juice,7,9.04
16869,43409,180788,Frosted Mini-Wheats Original Cereal,14,12.46
16869,27277,180788,Organic Stage 1 First Sweet Potatoes,18,1.11
16869,10388,180788,Classic Mixed Vegetables,1,11.96
16869,43621,180788,Chik'n Patties,1,12.48
16870,25552,121326,Organic Steel Cut Oats,14,4.64
16872,45007,167427,Organic Zucchini,4,5.08
16872,5258,167427,Sparkling Water,7,10.95
16872,36410,167427,Multigrain Pancake Batter,1,4.99
16873,26209,125003,Limes,4,4.37
16873,10863,125003,Grain Free Turkey & Salmon Formula Cat Food,8,10.33
16875,31912,29451,Avocado Oil,13,1.61
16876,5258,156295,Sparkling Water,7,10.95
16877,16445,131058,Honey Dijon Mustard,13,3.01
16881,13249,205801,Skim Milk,16,9.33
16881,1700,205801,White Cheddar Popcorn,19,5.86
16881,17021,205801,Baked Mini Beef Meatballs,1,9.94
16885,1117,91372,Turkey Bacon,12,11.85
16887,36735,161856,Organic Roasted Sliced Chicken Breast,20,10.42
16889,36070,119390,"Super Spinach! Baby Spinach, Baby Bok Choy, Sweet Baby Kale",4,4.34
16891,18027,193089,Ezekiel 4:9 Bread Organic Sprouted Whole Grain,3,11.3
16891,24830,193089,Organic Romaine,4,10.27
16892,6104,64767,Whole Milk Plain Yogurt,16,1.76
16894,11068,54831,Medium Cheddar Cheese Block,16,1.9
16896,13780,166694,Thyme,4,10.2
16900,38562,81013,Pomegranate Arils,4,2.59
16901,48335,66439,Chocolate Brownie Energy Bar,19,11.61
16901,47792,66439,Organic Beans & Rice Cheddar Cheese Burrito,1,8.35
16901,17526,66439,70% Dark Chocolate Salted Almond Bar,19,7.64
16902,28745,133654,Oven Roasted Turkey,20,7.99
16904,890,100508,Organic Diced Tomatoes,15,1.35
16904,26629,100508,Cherry Pie Fruit & Nut Bar,19,1.38
16906,25199,195472,Classic Chicken Salad,20,4.26
16907,2151,2121,Classic Vanilla Ice Cream Sandwiches,1,4.9
16909,17789,7449,Soy Free Buttery Spread,16,11.19
16912,31610,153721,Meatloaf and Mashed Potatoes,1,10.74
16912,9941,153721,Vegetable Classics Green Split Pea Soup,15,1.71
16915,45007,64589,Organic Zucchini,4,5.08
16915,21278,64589,All Purpose Crushed Tomatoes,15,1.47
16915,46802,64589,Pineapple Chunks,1,6.76
16916,42736,39837,Unsalted Butter,16,9.28
16918,13431,185049,Flaky Biscuits,13,1.83
16918,43621,185049,Chik'n Patties,1,12.48
16920,18653,151800,Super Shreds Superfood Brussels Sprouts,4,12.12
16923,1700,73456,White Cheddar Popcorn,19,5.86
16924,24425,162402,"Freshly made pasta, rich meat sauce and Real Mozzarella cheese Lasagna with Meat & Sauce",1,8.56
16925,25393,185304,"Heavy Duty 12\"" Aluminium Foil",17,8.6
16925,28012,185304,Clover Honey Bear,13,8.71
16927,19677,59613,Original Pure Creamy Almond Milk,16,6.4
16927,26209,59613,Limes,4,4.37
16928,32134,43281,Lactose Free Plain Kefir,16,3.11
16929,13249,86623,Skim Milk,16,9.33
16929,12955,86623,"Super Foods/Organic Apples, Spinach, Peas & Broccoli + Super Chia Snack Pouch",18,3.05
16929,5450,86623,Small Hass Avocado,4,5.77
16930,11096,95725,Mediterranean Salt Mill,13,9.44
16930,3631,95725,Organic Whole Milk French Vanilla Yogurt,16,1.49
16931,38164,143906,Almonds & Sea Salt in Dark Chocolate,19,9.32
16931,23630,143906,Multi-Seed Original Crackers,19,4.37
16932,48527,29665,Avocado,4,12.54
16932,27690,29665,Apple Cinnamon GoGo Squeez,19,6.29
16933,26604,15160,Organic Blackberries,4,8.08
16933,45007,15160,Organic Zucchini,4,5.08
16933,2535,15160,Shaved Parmesan,16,9.81
16933,2541,15160,100% Non-Pareil Capers,13,2.75
16934,43740,118067,Sparkling Probiotic Drink Coconut,7,10.33
16934,21614,118067,Crackers Harvest Whole Wheat,19,2.38
16935,37193,14423,Shelled Edamame,1,1.74
16937,37754,144640,Organic Blended Raspberry Whole Milk Greek Yogurt,16,4.34
16938,48186,93820,Lactose Free Half & Half,16,9.32
16938,26629,93820,Cherry Pie Fruit & Nut Bar,19,1.38
16938,13851,93820,Organic Classic Sea Salt  Oven Crinkles Fries,1,4.93
16940,43379,80687,Watercress Package,4,12.28
16941,38164,103949,Almonds & Sea Salt in Dark Chocolate,19,9.32
16944,26133,206052,Classic Macaroni & Mild Cheddar Cheese,9,8.89
16945,5256,156700,"Fruit Spread, Concord Grape",13,9.71
16945,45007,156700,Organic Zucchini,4,5.08
16946,42736,79478,Unsalted Butter,16,9.28
16946,12846,79478,Pomegranate Blackberry Probiotics Juice Drink,7,10.26
16947,21645,10640,Apple & Cinnamon Adjustable Air Freshener,17,12.46
16947,34969,10640,Red Vine Tomato,4,9.25
16947,17130,10640,Chef's Favorites Lightly Seasoned Asian Medley,1,2.77
16949,1700,145628,White Cheddar Popcorn,19,5.86
16949,5450,145628,Small Hass Avocado,4,5.77
16949,6255,145628,Multi-Grain Cheerios Dark Chocolate Crunch Cereal,14,5.78
16950,15703,128347,Original Strawberry/Harvest Peach Variety Pack Low Fat Yogurt,16,7.4
16951,28358,52783,Chocolate Chip Vegan Cookie Dough,13,5.77
16955,32304,44450,Reduced Sodium Vegetable Lentil & Roasted Red Peppers Soup,15,0.99
16958,44088,108574,Ibuprofen Tablets 200 Mg,11,10.68
16961,47111,154728,Spicy Black Bean Burger,1,8.55
16961,30727,154728,Vanilla Almond Fit Granola,14,7.19
16962,23765,202872,Organic Smoked Turkey Breast,20,10.28
16962,43768,202872,Organic Bell Pepper,4,2.4
16963,5450,7593,Small Hass Avocado,4,5.77
16963,26629,7593,Cherry Pie Fruit & Nut Bar,19,1.38
16964,23802,93869,Summer Sausage,12,7.08
16964,15979,93869,Extra Sharp Cheddar Cheese Block,16,4.85
16964,12332,93869,Liquid Water Enhancer Orange Tangerine,7,1.38
16965,20463,148436,Organic Fat-Free Milk,16,1.48
16965,9513,148436,Light Champagne Dressing,13,2.32
16966,38456,93608,Large Grapefruit,4,3.38
16967,31727,4711,"Organic Tomato Paste, No Salt Added",15,10.09
16970,1202,53212,Organic Whole Grain Oatmeal Cereal Baby Food,18,9.64
16970,33540,53212,Whole Grain Organic Blueberry Waffles,1,4.77
16970,6999,53212,Organic Fresh Pressed Pure Lemon Juice,7,7.32
16970,21506,53212,Organic Raisin Bran Cereal,14,2.69
16971,45007,82908,Organic Zucchini,4,5.08
16971,39509,82908,Organic Sunny Citrus Bunny Fruit Snacks,19,8.41
16972,34969,33626,Red Vine Tomato,4,9.25
16973,26209,145093,Limes,4,4.37
16973,46820,145093,Vanilla Pure Almond Milk,16,11.94
16978,18027,173723,Ezekiel 4:9 Bread Organic Sprouted Whole Grain,3,11.3
16978,77,173723,Coconut Chocolate Chip Energy Bar,19,12.13
16980,43662,137402,"Yogurt, Strained Low-Fat, Coconut",16,11.87
16980,2452,137402,Naturals Chicken Nuggets,1,1.24
16980,18656,137402,Organic Red Potato,4,1.93
16980,45007,137402,Organic Zucchini,4,5.08
16982,22828,142345,Sea Salt Caramel Ice Cream,1,5.04
16982,10106,142345,Honey & Maple Turkey Breast,20,8.53
16984,611,74588,Uncured Hard Salami,20,7.19
16984,41488,74588,Chocolate Milk,16,4.77
16985,32429,178948,Red Mango,4,3.5
16985,47573,178948,Ginger Snap Sprouted Cookies,19,1.63
16985,34969,178948,Red Vine Tomato,4,9.25
16985,28745,178948,Oven Roasted Turkey,20,7.99
16986,19677,143017,Original Pure Creamy Almond Milk,16,6.4
16987,837,113329,California Merlot,5,6.1
16989,33120,13107,Organic Egg Whites,16,5.33
16989,1025,13107,Organic Fresh Basil,4,11.34
16989,38250,13107,Cheddar Squares Cheddar Squares,19,4.43
16989,1194,13107,Natural Artisan Water,7,7.42
16990,17366,183022,Sweet Potato Corn Tortilla Chips,19,5.37
16995,38456,76679,Large Grapefruit,4,3.38
16995,23554,76679,Organic Vanilla Bean Ice Cream,1,6.65
16999,3913,84677,Original Unfiltered Ginger Ale,7,2.84
16999,28313,84677,Oatmeal Cookies,19,3.98
17001,32463,3481,Olive Oil & Aloe Vera Hand Soap,11,4.26
17003,28946,162611,Yogurt Tubes Blueberry,16,0.9
17003,26629,162611,Cherry Pie Fruit & Nut Bar,19,1.38
17004,45007,176195,Organic Zucchini,4,5.08
17004,21057,176195,Organic Brown Rice Spaghetti,9,6.56
17006,890,34396,Organic Diced Tomatoes,15,1.35
17008,25542,95861,"Orzo, No. 65",9,0.92
17008,20034,95861,Potted Basil,4,6.24
17009,42736,142415,Unsalted Butter,16,9.28
17012,31533,28759,Spinach Feta in a Pocket Sandwich,1,2.06
17012,27554,28759,Gluten Free Blueberry Muffins,3,0.94
17013,16759,102320,Organic Carrot Bunch,4,4.17
17017,10442,111936,Low Fat Madagascar Vanilla Kefir Probiotic Cultured Milk Smoothie,16,9.63
17017,10060,111936,Original BBQ Sauce,13,8.23
17019,20842,73344,Total 0% Greek Yogurt,16,9.2
17019,29153,73344,Classic Pizza Crust,13,8.07
17019,42972,73344,Natural Pure Sparkling Water,7,4.77
17023,47966,91266,Old Fashioned Rolled Oats,14,2.74
17025,42635,52892,Black Spiced Rum,5,7.0
17026,46584,16708,YoKids Blueberry & Strawberry/Vanilla Yogurt,16,8.82
17026,2596,16708,Lemon Cake Ice Cream,1,2.8
17027,7139,114385,Sooo Good Light Roast Coffee,7,3.74
17028,42404,43617,Multi Grain Waffles,1,12.48
17029,49273,136782,Light and Lean Quinoa Black Beans with Butternut Squash and Chard,1,1.34
17029,49667,136782,Enchilada with Spanish Rice & Beans Meal,1,10.34
17030,36526,83143,Long Grain American Basmati White Rice,9,10.96
17032,45007,17420,Organic Zucchini,4,5.08
17033,43768,132940,Organic Bell Pepper,4,2.4
17033,8138,132940,Traditional Hummus,20,2.75
17033,45007,132940,Organic Zucchini,4,5.08
17036,19173,172866,Orange Calcium & Vitamin D Pulp Free,7,11.11
17036,1940,172866,Organic 2% Reduced Fat Milk,16,1.23
17037,29752,6099,Gluten Free Foods Granola,14,8.74
17037,24830,6099,Organic Romaine,4,10.27
17037,26604,6099,Organic Blackberries,4,8.08
17037,15011,6099,"Pita Chips, Simply Naked",19,11.46
17038,25839,87672,Froot Loops Cereal,14,10.54
17038,13287,87672,Bistro Bowl Chicken Caesar Salad,4,7.49
17041,3464,63718,"Organic Butterhead (Boston, Butter, Bibb) Lettuce",4,9.0
17045,1194,7372,Natural Artisan Water,7,7.42
17048,27522,14664,Gluten Free Uncured Bacon Mac and Cheese,1,3.22
17048,35939,14664,Organic Jalapeno Pepper,4,9.93
17049,26345,4612,Small/Medium Maximum Absorbency Women Underwear,11,5.42
17050,39408,12026,Gala Apples,4,4.03
17050,7751,12026,Tomato Ketchup,13,1.99
17050,38456,12026,Large Grapefruit,4,3.38
17052,34969,98999,Red Vine Tomato,4,9.25
17052,17044,98999,French Baguette,3,6.85
17052,13631,98999,Bacon Cheddar Beef Burger,12,2.31
17052,6680,98999,Potato Gnocchi,9,11.32
17053,20869,190232,Yellow Potato,4,4.45
17054,26209,76285,Limes,4,4.37
17054,36735,76285,Organic Roasted Sliced Chicken Breast,20,10.42
17055,43371,205233,Crushed Red Pepper,13,7.03
17056,18881,137866,Coconut Milk Vanilla Frozen Dessert,1,2.62
17056,6104,137866,Whole Milk Plain Yogurt,16,1.76
17056,40310,137866,Oven Roasted Turkey Breast,20,8.23
17056,26629,137866,Cherry Pie Fruit & Nut Bar,19,1.38
17058,43463,166191,Tall Kitchen Trash Bags with Flap Closure 13 gallon,17,8.09
17058,17183,166191,Peach Yoghurt,16,6.75
17061,25705,61813,Butterhead Lettuce,4,0.98
17061,19906,61813,Fresh Whole White Mushrooms,4,2.73
17061,16759,61813,Organic Carrot Bunch,4,4.17
17065,16840,25041,Mild Guacamole,20,2.21
17069,26209,80512,Limes,4,4.37
17069,1940,80512,Organic 2% Reduced Fat Milk,16,1.23
17071,24497,94521,Organic Cauliflower Florets,4,7.52
17071,49026,94521,Plain Almond Milk Yogurt,16,12.26
17072,13249,202159,Skim Milk,16,9.33
17072,47866,202159,Jalapeno Potato Chips,19,12.02
17072,38772,202159,Provolone,16,1.84
17072,21506,202159,Organic Raisin Bran Cereal,14,2.69
17073,8390,156807,Diet Ginger Ale,7,12.0
17076,47815,45445,Hazelnut Coffee Creamer,16,8.55
17076,36323,45445,Fresh Citrus Antibacterial Hand Soap,11,5.73
17077,7483,20924,Chive & Onion Cream Cheese Spread,16,11.48
17077,3318,20924,Cinnamon Swirl Raisin Bread,3,4.94
17080,10166,52352,Almond Milk Cookies N' Cream Non-Dairy Frozen Dessert,1,2.02
17080,38164,52352,Almonds & Sea Salt in Dark Chocolate,19,9.32
17082,45607,65467,Butter Cooking Spray,13,3.56
17082,45356,65467,Gluten Free Dream Cookies Chocolate Vanilla Creme,19,8.13
17086,16679,84803,Rice Crackers Wasabi,19,4.04
17086,34861,84803,Beets Bunch,4,1.06
17087,16291,2211,Organic Extra Large Brown Omega 3 Eggs,16,8.98
17087,44375,2211,Canned Aranciata Orange,7,3.21
17087,1000,2211,Apricots,10,1.27
17087,31801,2211,9 Inch Plates,17,4.1
17088,47630,111372,Medium Navel Orange,4,5.6
17088,13851,111372,Organic Classic Sea Salt  Oven Crinkles Fries,1,4.93
17088,19625,111372,Organic Chicken & Vegetable Potstickers,1,11.18
17089,27690,151516,Apple Cinnamon GoGo Squeez,19,6.29
17090,23296,117582,Blueberry on the Bottom Nonfat Greek Yogurt,16,2.27
17090,22124,117582,Total 0% Raspberry Yogurt,16,9.08
17090,36810,117582,Original Pancake and Baking Mix,14,5.95
17092,45566,11241,Clean Up Cleaner with Bleach Fresh Scent,17,12.39
17092,42959,11241,Jet-Dry Original Rinse Aid,17,3.45
17092,16803,11241,Antiperspirant Deodorant Cool Essentials Fresh Scent,11,8.86
17092,10500,11241,Cool Mint® Antiseptic Adult Mouthwash,11,12.18
17094,32211,143984,Whole Grains Oatnut Bread,3,8.78
17095,45007,27575,Organic Zucchini,4,5.08
17097,37630,175234,Boneless & Skinless Wild Alaskan Sockeye Salmon,15,2.83
17101,45007,53026,Organic Zucchini,4,5.08
17101,33316,53026,Lemongrass & Clementine Zest Natural Dish Liquid,17,0.96
17101,890,53026,Organic Diced Tomatoes,15,1.35
17103,18222,200065,Pro-Health Multi-Protection Alcohol Free Mouthwash,11,2.59
17108,10193,75335,Shredded Carrots,4,11.21
17108,39408,75335,Gala Apples,4,4.03
17110,12397,164657,Earl Grey Tea Bags,7,6.93
17110,13627,164657,English Breakfast Tea Bags,7,6.27
17110,960,164657,Villager Ipa,5,6.31
17110,46541,164657,Corn Flakes,14,2.21
17111,33120,113677,Organic Egg Whites,16,5.33
17111,16137,113677,Spicy Chili Seasoning,13,1.69
17111,31801,113677,9 Inch Plates,17,4.1
17113,33741,48094,Gluten Free Classic Hamburger Buns,3,10.9
17114,20842,15038,Total 0% Greek Yogurt,16,9.2
17115,18963,166102,Apple Cider Vinegar,13,9.67
17117,2962,159178,"Milk, Reduced Fat, 2% Milkfat",16,8.89
17118,25705,151378,Butterhead Lettuce,4,0.98
17118,43768,151378,Organic Bell Pepper,4,2.4
17118,46584,151378,YoKids Blueberry & Strawberry/Vanilla Yogurt,16,8.82
17118,16759,151378,Organic Carrot Bunch,4,4.17
17118,38456,151378,Large Grapefruit,4,3.38
17118,8057,151378,Organic Chicken & Mozzarella Ravioli,9,8.71
17118,26209,151378,Limes,4,4.37
17118,22627,151378,Gluten Free Flour,13,7.99
17120,25691,37376,Original Life Cereal,14,4.24
17121,46802,27022,Pineapple Chunks,1,6.76
17121,19003,27022,Celery,4,5.68
17121,6680,27022,Potato Gnocchi,9,11.32
17122,12290,178981,Brie,16,10.11
17122,36070,178981,"Super Spinach! Baby Spinach, Baby Bok Choy, Sweet Baby Kale",4,4.34
17122,34969,178981,Red Vine Tomato,4,9.25
17123,6066,58996,Mini Moo's Real Cream Half & Half,16,8.25
17126,49640,31812,Sourdough Loaf,3,11.15
17127,37630,52962,Boneless & Skinless Wild Alaskan Sockeye Salmon,15,2.83
17127,33810,52962,Citrus Dish Soap,17,9.69
17128,24492,67207,All Natural Won Ton Wraps,6,5.98
17129,16759,169444,Organic Carrot Bunch,4,4.17
17130,30827,192695,Seedless Cucumbers,4,5.22
17131,22124,179340,Total 0% Raspberry Yogurt,16,9.08
17132,47141,44629,Cola,7,5.77
17132,46656,44629,Butter Microwave Popcorn,19,2.35
17132,35336,44629,Naked Green Machine Boosted Juice Smoothie,7,1.11
17134,16874,110514,Chocolate Fudge Brownie Ice Cream,1,4.04
17135,41354,179358,All Occasion Classic White Paper Plates,17,6.31
17135,5922,179358,"Honest Face, Hand, & Baby Wipes",18,8.08
17136,43662,115481,"Yogurt, Strained Low-Fat, Coconut",16,11.87
17136,43875,115481,Baby Food Stage 2 Blueberry Pear & Purple Carrot,18,6.11
17136,35182,115481,Gluten Free Cornbread Mix,13,10.76
17136,35939,115481,Organic Jalapeno Pepper,4,9.93
17138,43768,68999,Organic Bell Pepper,4,2.4
17139,3631,26993,Organic Whole Milk French Vanilla Yogurt,16,1.49
17139,25199,26993,Classic Chicken Salad,20,4.26
17140,42240,143854,Ultra Soft Facial Tissues,17,12.0
17140,15925,143854,Macaroni and Cheese,1,9.5
17140,17151,143854,Honey Maid Cinnamon Grahams,19,9.77
17142,21225,113168,Honey Bunches With Almonds Cereal,14,1.97
17143,36810,143882,Original Pancake and Baking Mix,14,5.95
17144,37067,124932,Organic Banana,4,10.85
17144,43999,124932,"Bucatini, No. 15",9,12.25
17144,46802,124932,Pineapple Chunks,1,6.76
17144,18963,124932,Apple Cider Vinegar,13,9.67
17146,17678,149482,Large Pitted California Ripe Olives,13,4.03
17150,35042,191593,Black Beans,15,5.95
17150,7597,191593,Whole Kernel Corn Golden Sweet,15,7.9
17150,43860,191593,Natural Colby Jack Cheese Block,16,2.3
17150,31564,191593,Crackers,19,1.11
17153,33575,25167,Dairy Free French Vanilla Coconut Milk Creamer,16,8.48
17155,17025,204111,Country Dijon Mustard,13,8.15
17157,42475,67680,Unsalted Butter Quarters,16,2.61
17158,29334,114835,Leek,4,6.09
17158,43772,114835,Cherubs Heavenly Salad Tomatoes,4,1.15
17160,48907,138590,Garden Salad Mix,4,4.02
17163,17526,161873,70% Dark Chocolate Salted Almond Bar,19,7.64
17164,12118,17238,Organic Whole Grain Spanish Rice,9,4.97
17165,42240,108665,Ultra Soft Facial Tissues,17,12.0
17165,47141,108665,Cola,7,5.77
17166,36735,87113,Organic Roasted Sliced Chicken Breast,20,10.42
17170,49284,92998,Fennel Seed,13,3.57
17171,1940,113564,Organic 2% Reduced Fat Milk,16,1.23
17173,13287,92081,Bistro Bowl Chicken Caesar Salad,4,7.49
17176,15273,105422,Organic Jumbo Grade A Pastured Eggs,16,5.15
17180,19972,89592,Semi-Sweet Chocolate Morsels,13,2.43
17180,47966,89592,Old Fashioned Rolled Oats,14,2.74
17181,47630,185209,Medium Navel Orange,4,5.6
17181,22504,185209,Organic Mountain Forest Amber Honey,13,2.16
17182,22124,107078,Total 0% Raspberry Yogurt,16,9.08
17182,45007,107078,Organic Zucchini,4,5.08
17184,13249,141686,Skim Milk,16,9.33
17184,42736,141686,Unsalted Butter,16,9.28
17186,2664,189641,First Prunes,18,3.44
17187,33741,180167,Gluten Free Classic Hamburger Buns,3,10.9
17190,20842,117085,Total 0% Greek Yogurt,16,9.2
17192,260,188020,Cantaloupe,4,3.01
17193,24062,69785,Flourless  Sprouted Whole Grain 7-Sprouted Grains English Muffins,3,4.68
17193,20670,69785,Organic Lentil Vegetable Soup,15,10.83
17193,32387,69785,Roasted Garlic & Sweet Basil Sauce,9,4.13
17194,22159,104242,Red Machine Juice Smoothie,7,2.1
17194,27413,104242,100% Mighty Mango Juice Smoothie,7,7.25
17197,37247,19043,Instant Vanilla Pudding & Pie Filling,13,3.69
17197,45573,19043,Strike On Box Matches,2,6.87
17197,26209,19043,Limes,4,4.37
17198,44368,177821,Fresh Mozzarella Cheese,16,11.12
17198,1117,177821,Turkey Bacon,12,11.85
17199,5258,167427,Sparkling Water,7,10.95
17201,5450,36664,Small Hass Avocado,4,5.77
17202,46770,108032,Raw Hummus,13,11.95
17202,33527,108032,Organic Classic Rich Crackers,19,7.46
17204,25199,10429,Classic Chicken Salad,20,4.26
17204,13113,10429,Organic Apple Juice Boxes,7,9.79
17204,17352,10429,100% Whole Wheat English Muffin 6 Ct,3,9.91
17204,23216,10429,Fancy Shredded Cheese Italian Blend,16,0.89
17206,26209,194956,Limes,4,4.37
17208,26209,182780,Limes,4,4.37
17210,47141,61422,Cola,7,5.77
17210,38743,61422,Moroccan Argan Creme Conditioner,11,3.44
17211,46584,25793,YoKids Blueberry & Strawberry/Vanilla Yogurt,16,8.82
17211,28745,25793,Oven Roasted Turkey,20,7.99
17213,16759,87688,Organic Carrot Bunch,4,4.17
17213,10863,87688,Grain Free Turkey & Salmon Formula Cat Food,8,10.33
17213,43804,87688,Crushed in Tomato Puree Tomatoes,15,12.44
17215,41354,105463,All Occasion Classic White Paper Plates,17,6.31
17215,39408,105463,Gala Apples,4,4.03
17215,4006,105463,Hazelnut Spread With Skim Milk & Cocoa,13,4.62
17215,48022,105463,Chocolate Mousse Ganache Cone,1,9.78
17218,36914,89856,Organic Gravenstein Apple Juice,7,7.39
17219,49273,165026,Light and Lean Quinoa Black Beans with Butternut Squash and Chard,1,1.34
17219,28431,165026,Light Sodium Mexican Casserole Bowl,1,7.76
17222,14005,191003,Ultimate Caesar Salad Kit,4,1.9
17224,18721,145047,"Baked Rice and Corn Puffs, Aged White Cheddar",19,2.22
17224,49273,145047,Light and Lean Quinoa Black Beans with Butternut Squash and Chard,1,1.34
17225,15693,35017,Organic Peach Oo La Long Tea,7,9.36
17225,290,35017,Organic Peppermint Lemonade,7,6.43
17225,7808,35017,Mango Grapefruit Water,7,1.34
17230,35939,69800,Organic Jalapeno Pepper,4,9.93
17231,17357,200447,Softly Facial Tissue Boxes,17,2.06
17231,35042,200447,Black Beans,15,5.95
17234,48491,130739,"Tofu, Extra Firm",20,11.49
17234,890,130739,Organic Diced Tomatoes,15,1.35
17235,16145,96541,Organic Cannellini Beans,15,5.1
17239,1940,82329,Organic 2% Reduced Fat Milk,16,1.23
17240,16759,911,Organic Carrot Bunch,4,4.17
17240,26209,911,Limes,4,4.37
17242,33741,79898,Gluten Free Classic Hamburger Buns,3,10.9
17242,34878,79898,Stackers Kosher Dill Pickles,13,6.56
17247,28578,180175,Brown Ale,5,7.76
17253,32204,23162,Nut & Oat Bread,3,6.49
17254,16759,86704,Organic Carrot Bunch,4,4.17
17256,42347,69312,Caffeine Free Diet Cola All Natural Soda,7,11.32
17257,47630,36217,Medium Navel Orange,4,5.6
17257,33611,36217,100% Pure Coconut Water,7,8.19
17257,45573,36217,Strike On Box Matches,2,6.87
17258,44641,17356,Super Sweet Corn,4,7.77
17260,25101,95845,Egyptian Licorice Tea Bags,7,1.54
17260,26209,95845,Limes,4,4.37
17261,9955,75890,Unsweetened Organic Coconut Milk,16,6.48
17262,5450,23297,Small Hass Avocado,4,5.77
17262,43875,23297,Baby Food Stage 2 Blueberry Pear & Purple Carrot,18,6.11
17263,16759,149057,Organic Carrot Bunch,4,4.17
17263,40268,149057,Organic Wheat-Free & Gluten-Free Original Crackers,19,3.71
17264,1940,119610,Organic 2% Reduced Fat Milk,16,1.23
17265,5115,195071,Organic Medium Brown Eggs,16,11.44
17265,45081,195071,Gluten-Free Pancake Mix,14,11.26
17267,12276,126751,Chocolate Chip Cookie Dough Ice Cream,1,8.4
17270,14744,63503,Organic Steak Sauce,13,4.83
17271,38129,151854,Organic Hearty Tomato Bisque,15,1.69
17272,10863,56477,Grain Free Turkey & Salmon Formula Cat Food,8,10.33
17273,13733,131370,Red Potatoes,4,4.73
17276,4817,26312,Cinnamon Apple Sauce,15,7.87
17276,39408,26312,Gala Apples,4,4.03
17276,45007,26312,Organic Zucchini,4,5.08
17280,43772,192083,Cherubs Heavenly Salad Tomatoes,4,1.15
17281,46802,129541,Pineapple Chunks,1,6.76
17282,6750,97871,Cheese Ravioli with Sauce Bowls,1,11.37
17284,26604,36445,Organic Blackberries,4,8.08
17284,43768,36445,Organic Bell Pepper,4,2.4
17284,11818,36445,Happy Baby Stage 1 Fresh Mango Organic Baby Food,18,8.09
17284,43421,36445,"Little Yums Spinach, Apple, and Kale Teething Wafers",18,5.55
17284,45007,36445,Organic Zucchini,4,5.08
17286,11233,203838,100% Whole Wheat Pre-Sliced Sandwich Thins,3,5.2
17286,18721,203838,"Baked Rice and Corn Puffs, Aged White Cheddar",19,2.22
17286,29094,203838,Flip Coffee Break Bliss Greek Yogurt,16,8.93
17287,4962,48590,Yotoddler Organic Pear Spinach Mango Yogurt,16,10.68
17287,781,48590,Organic Shredded Mild Cheddar,16,2.78
17289,26209,193909,Limes,4,4.37
17290,42612,1203,Pineapple Coconut Water 100% Juice,7,8.7
17293,39024,155077,Edamame In Pod,1,5.6
17294,43409,193873,Frosted Mini-Wheats Original Cereal,14,12.46
17294,47966,193873,Old Fashioned Rolled Oats,14,2.74
17295,42693,35261,Talenti Banana Chocolate Swirl Gelato,1,11.63
17295,34969,35261,Red Vine Tomato,4,9.25
17296,1940,122735,Organic 2% Reduced Fat Milk,16,1.23
17296,42300,122735,Organic Vitality Snack Chia Squeeze Blackberry Bliss,19,9.71
17298,26604,181700,Organic Blackberries,4,8.08
17302,26209,81144,Limes,4,4.37
17302,36070,81144,"Super Spinach! Baby Spinach, Baby Bok Choy, Sweet Baby Kale",4,4.34
17302,5258,81144,Sparkling Water,7,10.95
17302,43338,81144,Pyramid Black Tea Bags,7,3.76
17302,45007,81144,Organic Zucchini,4,5.08
17302,31127,81144,Sweet Batard,3,5.64
17302,31123,81144,Almond Stuffed Green Olives,13,7.0
17304,18963,112429,Apple Cider Vinegar,13,9.67
17306,46484,183568,Peanut Butter Dark Chocolate + Protein Nutrition Bar,19,7.15
17308,36680,160589,Vegan Split Pea Soup,15,2.14
17310,18656,118403,Organic Red Potato,4,1.93
17311,48736,120709,Ricotta And Spinach Tondi,9,1.28
17311,16441,120709,Porcini & Truffle Mezzelune Pasta,9,5.14
17313,10527,193808,Whipped Butter,16,3.95
17315,38072,57907,Chicken Breast Tenderloins,12,5.67
17316,6104,147102,Whole Milk Plain Yogurt,16,1.76
17318,42736,78399,Unsalted Butter,16,9.28
17319,20842,68513,Total 0% Greek Yogurt,16,9.2
17319,46992,68513,Real Cheddar Baked Cheese Puffs,19,3.16
17321,3213,41761,Spicy Black Bean & Kale Organic Soup,15,1.63
17322,27464,115595,Direct Trade House Blend Medium Roast Ground Coffee,7,11.02
17322,24830,115595,Organic Romaine,4,10.27
17323,45007,152028,Organic Zucchini,4,5.08
17323,5115,152028,Organic Medium Brown Eggs,16,11.44
17323,3843,152028,Organic Brussels Sprouts,4,8.41
17326,26604,178931,Organic Blackberries,4,8.08
17327,43768,69784,Organic Bell Pepper,4,2.4
17329,31610,139718,Meatloaf and Mashed Potatoes,1,10.74
17331,20842,205454,Total 0% Greek Yogurt,16,9.2
17332,1940,32537,Organic 2% Reduced Fat Milk,16,1.23
17332,43772,32537,Cherubs Heavenly Salad Tomatoes,4,1.15
17334,30962,167410,Vanilla Greek Yogurt 0% Fat,16,12.25
17335,1194,171945,Natural Artisan Water,7,7.42
17336,10258,121082,Pistachios,19,9.49
17338,45007,529,Organic Zucchini,4,5.08
17339,1970,118814,Chicken Enchiladas,1,11.9
17339,10060,118814,Original BBQ Sauce,13,8.23
17339,34969,118814,Red Vine Tomato,4,9.25
17342,9172,57190,Crepes,3,8.8
17345,18656,79205,Organic Red Potato,4,1.93
17346,12974,1627,Organic Horseradish Mustard,13,5.38
17346,9171,1627,Organic Balsamic Vinaigrette Dressing,13,3.04
17346,38456,1627,Large Grapefruit,4,3.38
17346,25199,1627,Classic Chicken Salad,20,4.26
17348,13733,30572,Red Potatoes,4,4.73
17350,6104,100551,Whole Milk Plain Yogurt,16,1.76
17350,26604,100551,Organic Blackberries,4,8.08
17351,5918,85974,Single Serve Cheese Pizza,1,7.61
17352,39046,153895,Smok Cured Turkey Bacon,12,6.84
17352,12126,153895,Chopped Baby Spinach,1,2.99
17356,21614,34174,Crackers Harvest Whole Wheat,19,2.38
17356,43772,34174,Cherubs Heavenly Salad Tomatoes,4,1.15
17362,43192,102874,Dark with 70% Cacao Content Organic Chocolate Bar,19,5.04
17363,3262,76593,French Style Fresh Cut Green Beans,15,5.81
17363,40974,76593,Chopped Garlic,13,6.81
17363,43409,76593,Frosted Mini-Wheats Original Cereal,14,12.46
17365,33120,164118,Organic Egg Whites,16,5.33
17365,15455,164118,Organic Extra Virgin Oil Olive,13,8.12
17365,28745,164118,Oven Roasted Turkey,20,7.99
17366,7963,178101,Gluten Free Whole Grain Bread,1,4.53
17367,26209,16017,Limes,4,4.37
17367,6244,16017,Club Soda Lower Sodium,7,5.76
17369,5450,202035,Small Hass Avocado,4,5.77
17372,10527,8664,Whipped Butter,16,3.95
17373,45007,74538,Organic Zucchini,4,5.08
17375,35176,157670,Cream Cheese Cream Cheese Spread,16,3.27
17376,20670,161245,Organic Lentil Vegetable Soup,15,10.83
17376,40883,161245,New York Cheesecake,3,8.11
17377,37067,22385,Organic Banana,4,10.85
17378,11781,202434,"Mushroom, Spinach, and Salsa Tamales",6,2.28
17379,42736,80195,Unsalted Butter,16,9.28
17380,39397,187637,Chicken in a Biskit Baked Snack Crackers,19,3.31
17381,26209,191821,Limes,4,4.37
17384,39225,92628,Golden Fishless Filet,1,3.02
17387,31461,156837,Cheese Tamale Verde,1,11.15
17387,5918,156837,Single Serve Cheese Pizza,1,7.61
17389,46802,196132,Pineapple Chunks,1,6.76
17390,27044,92344,Maple Almond Butter,13,8.9
17390,12312,92344,Lavender Hand Soap,11,11.33
17391,28745,8849,Oven Roasted Turkey,20,7.99
17392,45619,156802,G Series Blueberry Pomegranate,7,10.08
17392,18721,156802,"Baked Rice and Corn Puffs, Aged White Cheddar",19,2.22
17394,22504,191876,Organic Mountain Forest Amber Honey,13,2.16
17395,44292,68700,Premium Unsweetened Iced Tea,7,7.57
17397,3318,30617,Cinnamon Swirl Raisin Bread,3,4.94
17399,19514,205647,Reclosable Sandwich Bags,17,6.88
17400,44375,136850,Canned Aranciata Orange,7,3.21
17401,10603,84603,93% Ground Beef,12,3.6
17402,13627,189063,English Breakfast Tea Bags,7,6.27
17402,5083,189063,98% Fat Free Premium Ham With Natural Juices,20,8.9
17402,20896,189063,C&W Frozen Petite Sweet Corn,1,10.32
17404,26629,194408,Cherry Pie Fruit & Nut Bar,19,1.38
17406,43409,70789,Frosted Mini-Wheats Original Cereal,14,12.46
17406,24004,70789,Goldfish Parmesan Baked Snack Crackers,19,6.78
17407,24571,76011,Tomato and Basil Pasta Sauce,9,10.32
17407,26209,76011,Limes,4,4.37
17410,1940,138072,Organic 2% Reduced Fat Milk,16,1.23
17410,37733,138072,Uncured Pepperoni Mini Pizza Bagels Frozen Snacks,1,4.16
17411,15860,7792,Natural Apple Sauce Cups,15,8.98
17411,18460,7792,Brussel Sprouts,4,3.07
17411,39408,7792,Gala Apples,4,4.03
17414,26604,165448,Organic Blackberries,4,8.08
17415,20842,136782,Total 0% Greek Yogurt,16,9.2
17415,42474,136782,Anti-Diarrheal Mint Liquid,11,2.3
17417,33120,97321,Organic Egg Whites,16,5.33
17417,1202,97321,Organic Whole Grain Oatmeal Cereal Baby Food,18,9.64
17419,10499,39361,"Jalapeno Nacho Slices, Mild",6,9.8
17420,6104,126307,Whole Milk Plain Yogurt,16,1.76
17421,13431,172345,Flaky Biscuits,13,1.83
17421,42736,172345,Unsalted Butter,16,9.28
17422,16070,32512,Organic Elmo Noodlemania Soup,15,1.52
17423,47621,88100,Chocolate Strong Dark,19,6.39
17426,5488,10130,With Pineapple Pulp Free Orange Juice,7,9.04
17427,39506,164657,Daisy Sugar Cookies,19,0.98
17429,1503,196043,Low Fat Cottage Cheese,16,1.45
17430,36070,167372,"Super Spinach! Baby Spinach, Baby Bok Choy, Sweet Baby Kale",4,4.34
17430,43772,167372,Cherubs Heavenly Salad Tomatoes,4,1.15
17432,20842,34608,Total 0% Greek Yogurt,16,9.2
17432,7963,34608,Gluten Free Whole Grain Bread,1,4.53
17434,37003,145520,"Organic Apples, Carrots and Parsnips Puree",18,5.87
17434,24830,145520,Organic Romaine,4,10.27
17434,15842,145520,Dairy Free Coconut Milk Yogurt Alternative,16,7.67
17434,33468,145520,White Pita,3,8.87
17435,37148,93764,"Milk Chocolate Candies, Bonus Bag",19,4.64
17437,13780,93519,Thyme,4,10.2
17443,34166,94947,Organic Shredded Parmesan,16,8.84
17443,13780,94947,Thyme,4,10.2
17444,890,22961,Organic Diced Tomatoes,15,1.35
17445,6104,49999,Whole Milk Plain Yogurt,16,1.76
17445,11818,49999,Happy Baby Stage 1 Fresh Mango Organic Baby Food,18,8.09
17445,26604,49999,Organic Blackberries,4,8.08
17445,32954,49999,Medium Spiced Chicken Curry,1,4.8
17445,49667,49999,Enchilada with Spanish Rice & Beans Meal,1,10.34
17445,26629,49999,Cherry Pie Fruit & Nut Bar,19,1.38
17445,5450,49999,Small Hass Avocado,4,5.77
17445,34969,49999,Red Vine Tomato,4,9.25
17445,44787,49999,Stage 1 - Just Prunes,18,6.69
17446,9941,22505,Vegetable Classics Green Split Pea Soup,15,1.71
17446,45099,22505,Steak Fries Thick-Cut French Fried Potatoes,1,3.87
17446,5734,22505,Pizzeria-Style Crust Supreme Speciale Pizza,1,4.83
17449,24497,2334,Organic Cauliflower Florets,4,7.52
17451,30353,29896,Curate Cherry Lime Sparkling Water,7,1.86
17454,20463,67985,Organic Fat-Free Milk,16,1.48
17454,23296,67985,Blueberry on the Bottom Nonfat Greek Yogurt,16,2.27
17456,30827,133422,Seedless Cucumbers,4,5.22
17457,3836,99072,Spinach And Artichoke Hummus,20,6.73
17457,28990,99072,Curly Parsley Bunch,4,6.7
17458,29158,50471,Panko Breadcrumbs Original,13,5.23
17459,20842,69993,Total 0% Greek Yogurt,16,9.2
17459,38996,69993,Grape Tomatoes,4,4.64
17461,47630,129419,Medium Navel Orange,4,5.6
17462,1194,134700,Natural Artisan Water,7,7.42
17462,18656,134700,Organic Red Potato,4,1.93
17463,18689,75936,Dairy-Free Chive Cream Cheese,16,10.12
17464,18159,163473,Organic Biologique Limes,4,5.06
17464,29291,163473,Organic Mushroom Base,15,6.39
17464,42736,163473,Unsalted Butter,16,9.28
17467,22124,2440,Total 0% Raspberry Yogurt,16,9.08
17467,7120,2440,Organic Whole Wheat Sourdough Bread,3,7.86
17469,45007,7927,Organic Zucchini,4,5.08
17473,6104,162808,Whole Milk Plain Yogurt,16,1.76
17475,12614,43565,Yellow Grape Tomatoes,4,1.39
17476,48515,19348,Spanish Redskin with Sea Salt Peanuts,19,5.42
17477,20463,62040,Organic Fat-Free Milk,16,1.48
17479,34321,93325,Original Pepperoni,20,2.51
17480,33746,189078,Simply Stock Organic Vegetable Unsalted Stock,15,11.09
17481,23765,28976,Organic Smoked Turkey Breast,20,10.28
17482,1700,19823,White Cheddar Popcorn,19,5.86
17483,32781,186129,Gluten Free Sunrise Crunchy Maple Cereal,14,8.64
17484,46820,81075,Vanilla Pure Almond Milk,16,11.94
17484,13733,81075,Red Potatoes,4,4.73
17485,25199,122897,Classic Chicken Salad,20,4.26
17487,26604,185820,Organic Blackberries,4,8.08
17490,11068,101434,Medium Cheddar Cheese Block,16,1.9
17490,5450,101434,Small Hass Avocado,4,5.77
17490,34969,101434,Red Vine Tomato,4,9.25
17491,46802,57866,Pineapple Chunks,1,6.76
17492,26209,60671,Limes,4,4.37
17492,16145,60671,Organic Cannellini Beans,15,5.1
17492,18027,60671,Ezekiel 4:9 Bread Organic Sprouted Whole Grain,3,11.3
17493,46539,149066,Diet Tangerine Lime Natural Soda,7,8.54
17493,6750,149066,Cheese Ravioli with Sauce Bowls,1,11.37
17494,29158,150350,Panko Breadcrumbs Original,13,5.23
17495,35939,95174,Organic Jalapeno Pepper,4,9.93
17496,25393,131547,"Heavy Duty 12\"" Aluminium Foil",17,8.6
17496,27770,131547,Reese's Miniatures Peanut Butter Cups,19,10.32
17499,28381,75354,Himalayan Raw Acacia Honey,13,12.39
17499,8056,75354,Berry Bounty Trail Mix,19,8.47
17500,33540,33481,Whole Grain Organic Blueberry Waffles,1,4.77
17500,26209,33481,Limes,4,4.37
17500,781,33481,Organic Shredded Mild Cheddar,16,2.78
17501,6874,122984,Brown Rice Loaf,3,6.98
17505,10919,181121,Original Meatballs,1,9.14
17508,18721,147618,"Baked Rice and Corn Puffs, Aged White Cheddar",19,2.22
17509,13733,50199,Red Potatoes,4,4.73
17512,31961,192081,Chilpotle Peppers in Adobo Sauce,6,7.83
17512,41259,192081,Poblano Pepper,4,10.56
17513,40055,204633,Unbleached Bread Flour,13,11.91
17513,1025,204633,Organic Fresh Basil,4,11.34
17515,24830,154298,Organic Romaine,4,10.27
17515,38996,154298,Grape Tomatoes,4,4.64
17515,36070,154298,"Super Spinach! Baby Spinach, Baby Bok Choy, Sweet Baby Kale",4,4.34
17516,1940,25149,Organic 2% Reduced Fat Milk,16,1.23
17516,26209,25149,Limes,4,4.37
17516,45007,25149,Organic Zucchini,4,5.08
17520,30962,106642,Vanilla Greek Yogurt 0% Fat,16,12.25
17521,27554,120541,Gluten Free Blueberry Muffins,3,0.94
17521,37067,120541,Organic Banana,4,10.85
17524,33468,180563,White Pita,3,8.87
17524,4163,180563,Spanish Rice Pilaf Mix,9,7.87
17524,35336,180563,Naked Green Machine Boosted Juice Smoothie,7,1.11
17524,7371,180563,Chocolate Chip Cookie Dough Bar,19,5.25
17524,45007,180563,Organic Zucchini,4,5.08
17525,34969,72301,Red Vine Tomato,4,9.25
17526,41259,106542,Poblano Pepper,4,10.56
17528,39450,65460,Oragnic Ginger Lemon Kombucha,7,12.13
17532,43768,68762,Organic Bell Pepper,4,2.4
17532,18656,68762,Organic Red Potato,4,1.93
17533,44570,106092,Kale Greens,4,4.15
17534,26209,89079,Limes,4,4.37
17534,42110,89079,Organic Macaroni Shells & Real Aged Cheddar,9,12.09
17534,24830,89079,Organic Romaine,4,10.27
17536,27413,201122,100% Mighty Mango Juice Smoothie,7,7.25
17536,45007,201122,Organic Zucchini,4,5.08
17541,35383,183953,Classic White Bread,3,6.03
17541,22290,183953,Organic Chai Tea Bags,7,5.1
17542,31215,21110,Lemon Yogurt,16,10.41
17544,35939,196953,Organic Jalapeno Pepper,4,9.93
17544,5450,196953,Small Hass Avocado,4,5.77
17544,14267,196953,Organic Refried Black Beans,15,9.37
17545,8638,128076,Vanilla Milk Chocolate Almond Ice Cream Bars,1,8.33
17545,1940,128076,Organic 2% Reduced Fat Milk,16,1.23
17545,30696,128076,Eggo Homestyle Waffles,1,6.45
17545,40310,128076,Oven Roasted Turkey Breast,20,8.23
17545,42026,128076,Mamma Bella's Recipe Garlic Bread,1,4.87
17545,32429,128076,Red Mango,4,3.5
17545,7606,128076,Greek 100 Protein Vanilla Fat Free Yogurt,16,4.2
17546,10369,39144,Organic Genoa Salami,20,2.35
17548,35939,110374,Organic Jalapeno Pepper,4,9.93
17548,26209,110374,Limes,4,4.37
17548,34969,110374,Red Vine Tomato,4,9.25
17548,45007,110374,Organic Zucchini,4,5.08
17548,1025,110374,Organic Fresh Basil,4,11.34
17550,14870,23933,Icelandic Style Fat Free Plain Yogurt,16,4.27
17550,1862,23933,Tuna Fillets in Olive Oil,15,7.05
17552,40712,180266,Black Figs,4,4.26
17552,14870,180266,Icelandic Style Fat Free Plain Yogurt,16,4.27
17553,9662,138531,MRS MEYERS   12.5OZ HANDSOAP RHUBAR,11,3.54
17554,31282,132866,Toddler Formula Iron Fortified Dairy Powder,18,11.54
17555,48682,71134,Sauerkraut,13,6.08
17555,260,71134,Cantaloupe,4,3.01
17556,13249,86920,Skim Milk,16,9.33
17556,34969,86920,Red Vine Tomato,4,9.25
17558,15366,144479,Blueberry Soy Yogurt,16,7.71
17558,7963,144479,Gluten Free Whole Grain Bread,1,4.53
17558,27554,144479,Gluten Free Blueberry Muffins,3,0.94
17558,1025,144479,Organic Fresh Basil,4,11.34
17566,11068,184021,Medium Cheddar Cheese Block,16,1.9
17566,34969,184021,Red Vine Tomato,4,9.25
17567,40203,151737,Mint Chip Ice Cream,1,5.4
17567,13147,151737,GOLEAN Crisp! Toasted Berry Crumble Cereal,14,4.75
17568,26209,26665,Limes,4,4.37
17570,20899,92189,Goo Berry Pie Probugs Kefir,16,6.29
17572,16759,131137,Organic Carrot Bunch,4,4.17
17572,25747,131137,Organic Kosher Fat Free Chicken Broth,15,1.34
17572,6020,131137,Organic Crushed Red Pepper,13,8.11
17572,41860,131137,Sea Salt Baked Potato Chips,19,5.7
17572,26209,131137,Limes,4,4.37
17572,45007,131137,Organic Zucchini,4,5.08
17573,30827,11716,Seedless Cucumbers,4,5.22
17574,26209,203811,Limes,4,4.37
17576,16137,22621,Spicy Chili Seasoning,13,1.69
17576,16145,22621,Organic Cannellini Beans,15,5.1
17579,13249,22205,Skim Milk,16,9.33
17579,41597,22205,Organic Jumbo Eggs,16,10.21
17579,11068,22205,Medium Cheddar Cheese Block,16,1.9
17591,4163,189870,Spanish Rice Pilaf Mix,9,7.87
17591,32624,189870,Acorn Squash,4,11.22
17592,26209,51228,Limes,4,4.37
17592,45007,51228,Organic Zucchini,4,5.08
17592,890,51228,Organic Diced Tomatoes,15,1.35
17593,23258,166548,Long Grain & Wild Rice,9,11.43
17595,1940,29308,Organic 2% Reduced Fat Milk,16,1.23
17596,25705,178188,Butterhead Lettuce,4,0.98
17596,5450,178188,Small Hass Avocado,4,5.77
17596,9955,178188,Unsweetened Organic Coconut Milk,16,6.48
17596,16759,178188,Organic Carrot Bunch,4,4.17
17597,36735,75346,Organic Roasted Sliced Chicken Breast,20,10.42
17597,45007,75346,Organic Zucchini,4,5.08
17597,5450,75346,Small Hass Avocado,4,5.77
17599,18721,90219,"Baked Rice and Corn Puffs, Aged White Cheddar",19,2.22
17604,34969,16837,Red Vine Tomato,4,9.25
17604,24535,16837,Plain Whole Milk Yogurt,16,6.17
17604,19451,16837,Comforting Chamomile Tea,7,12.54
17606,26209,155766,Limes,4,4.37
17606,43768,155766,Organic Bell Pepper,4,2.4
17606,44787,155766,Stage 1 - Just Prunes,18,6.69
17608,25647,164465,Heirloom Tomato,4,4.3
17608,781,164465,Organic Shredded Mild Cheddar,16,2.78
17611,45007,116698,Organic Zucchini,4,5.08
17611,12955,116698,"Super Foods/Organic Apples, Spinach, Peas & Broccoli + Super Chia Snack Pouch",18,3.05
17611,2002,116698,"The \""World's Best\"" Veggie Burger",1,0.89
17612,45051,108794,Pub Mix,19,8.23
17614,16874,166360,Chocolate Fudge Brownie Ice Cream,1,4.04
17614,25839,166360,Froot Loops Cereal,14,10.54
17614,17819,166360,Concord Grape Jelly,13,2.96
17614,36086,166360,Philadelphia Original Cream Cheese,16,2.08
17619,16759,36299,Organic Carrot Bunch,4,4.17
17621,19003,5346,Celery,4,5.68
17621,21278,5346,All Purpose Crushed Tomatoes,15,1.47
17621,32035,5346,Toasted Pine Nut Couscous Mix,9,8.57
17622,26209,198502,Limes,4,4.37
17623,28412,160409,Veggie Penne Pasta,9,7.01
17624,27509,62710,Organic Seasoned Yukon Select Potatoes Hashed Browns,1,5.21
17626,260,95624,Cantaloupe,4,3.01
17628,42736,119146,Unsalted Butter,16,9.28
17628,5115,119146,Organic Medium Brown Eggs,16,11.44
17628,34969,119146,Red Vine Tomato,4,9.25
17628,32387,119146,Roasted Garlic & Sweet Basil Sauce,9,4.13
17629,31564,127870,Crackers,19,1.11
17630,16744,13701,Peanut & Gluten Free Smooth Almond Butter,13,8.17
17630,43421,13701,"Little Yums Spinach, Apple, and Kale Teething Wafers",18,5.55
17630,29450,13701,Oatmeal Animal Cookies,19,9.55
17631,12919,191853,Coconut Sparkling Water,7,12.1
17632,46673,180895,Ultra Original Scent Dishwashing Liquid,17,8.73
17632,43821,180895,1 Apple + 1 Mango Fruit Bar,19,4.67
17632,35948,180895,Tonic Water,7,7.7
17632,18019,180895,Macaroni & Cheese Dinner Original Flavor,9,3.73
17633,9382,5473,Gluten Free Chocolate Brownie Mix,13,3.05
17634,20899,48897,Goo Berry Pie Probugs Kefir,16,6.29
17634,23765,48897,Organic Smoked Turkey Breast,20,10.28
17635,48186,53545,Lactose Free Half & Half,16,9.32
17635,10060,53545,Original BBQ Sauce,13,8.23
17636,10919,156521,Original Meatballs,1,9.14
17636,41602,156521,Deli Select Ultra Thin Honey Ham,20,4.95
17636,33545,156521,Beef  Smoked Sausage,12,12.03
17638,43772,57130,Cherubs Heavenly Salad Tomatoes,4,1.15
17638,44331,57130,Grow & Gain Chocolate Shake Nutritional Drink,18,7.44
17639,43772,203540,Cherubs Heavenly Salad Tomatoes,4,1.15
17639,45064,203540,Honey Wheat Bread,3,1.52
17641,1940,52048,Organic 2% Reduced Fat Milk,16,1.23
17641,26604,52048,Organic Blackberries,4,8.08
17651,35939,143283,Organic Jalapeno Pepper,4,9.93
17651,43662,143283,"Yogurt, Strained Low-Fat, Coconut",16,11.87
17653,35336,174649,Naked Green Machine Boosted Juice Smoothie,7,1.11
17654,33527,112609,Organic Classic Rich Crackers,19,7.46
17655,32134,82356,Lactose Free Plain Kefir,16,3.11
17657,21949,114563,White Cheddar Semisoft Cheese,16,9.24
17658,24497,145213,Organic Cauliflower Florets,4,7.52
17658,4518,145213,Organic Pomegranate,4,0.94
17658,39729,145213,Organic Apple Cider,7,2.96
17660,43768,164360,Organic Bell Pepper,4,2.4
17662,29334,91604,Leek,4,6.09
17662,45253,91604,gel hand wash sea minerals,11,4.27
17664,1503,6956,Low Fat Cottage Cheese,16,1.45
17664,44570,6956,Kale Greens,4,4.15
17668,12315,103771,Dairy Free Hazelnut Coconut Milk Creamer,16,12.03
17668,46802,103771,Pineapple Chunks,1,6.76
17674,47141,183670,Cola,7,5.77
17675,18027,127676,Ezekiel 4:9 Bread Organic Sprouted Whole Grain,3,11.3
17676,35939,149529,Organic Jalapeno Pepper,4,9.93
17677,47141,108047,Cola,7,5.77
17678,3960,4597,Quietude Quick Dissolving Tablets,2,6.29
17680,41860,119377,Sea Salt Baked Potato Chips,19,5.7
17682,20518,170404,"Club Delight Sausage, Egg, & Cheese Sandwiches",12,0.91
17684,5918,183780,Single Serve Cheese Pizza,1,7.61
17684,35948,183780,Tonic Water,7,7.7
17684,47141,183780,Cola,7,5.77
17684,22920,183780,Roasted & Salted Shelled Pistachios,19,7.88
17686,45007,110390,Organic Zucchini,4,5.08
17689,26209,53792,Limes,4,4.37
17689,26604,53792,Organic Blackberries,4,8.08
17695,38772,149069,Provolone,16,1.84
17698,41716,27754,Jalapeno,19,11.83
17698,12955,27754,"Super Foods/Organic Apples, Spinach, Peas & Broccoli + Super Chia Snack Pouch",18,3.05
17698,34969,27754,Red Vine Tomato,4,9.25
17698,35065,27754,Orange Strawberry Banana Juice,7,2.03
17699,1503,112937,Low Fat Cottage Cheese,16,1.45
17703,31461,110263,Cheese Tamale Verde,1,11.15
17703,1356,110263,"Sweet Potato, White Beans & Cinnamon Stage 2",18,8.47
17704,47141,26615,Cola,7,5.77
17705,21863,69387,Fire Roasted Red Peppers,15,3.44
17706,27044,186597,Maple Almond Butter,13,8.9
17708,22124,133348,Total 0% Raspberry Yogurt,16,9.08
17708,11068,133348,Medium Cheddar Cheese Block,16,1.9
17711,22504,179488,Organic Mountain Forest Amber Honey,13,2.16
17711,27315,179488,The Original Biscuits,19,7.86
17712,27662,183569,Large Grade AA Cage Free Eggs,16,11.86
17715,47141,184200,Cola,7,5.77
17716,39448,76707,Cold Brew Coffee Mocha,16,11.23
17716,42347,76707,Caffeine Free Diet Cola All Natural Soda,7,11.32
17717,4149,188031,Frozen Organic Blueberries,4,11.59
17720,7751,105739,Tomato Ketchup,13,1.99
17720,34969,105739,Red Vine Tomato,4,9.25
17721,36735,61495,Organic Roasted Sliced Chicken Breast,20,10.42
17722,39462,204317,Long Grain White Rice,9,6.92
17723,15273,83833,Organic Jumbo Grade A Pastured Eggs,16,5.15
17724,16759,202373,Organic Carrot Bunch,4,4.17
17724,26209,202373,Limes,4,4.37
17726,46820,91771,Vanilla Pure Almond Milk,16,11.94
17731,33120,140299,Organic Egg Whites,16,5.33
17731,2452,140299,Naturals Chicken Nuggets,1,1.24
17731,20842,140299,Total 0% Greek Yogurt,16,9.2
17732,17924,51443,Seltzer Water,7,3.66
17732,31951,51443,Miniature Peanut Butter Cups,19,11.9
17738,32115,198363,93/7 Ground Beef,2,12.26
17738,35124,198363,Southwest Chopped Salad Kit with Dressing,4,6.97
17740,43740,172522,Sparkling Probiotic Drink Coconut,7,10.33
17740,26604,172522,Organic Blackberries,4,8.08
17742,31912,56472,Avocado Oil,13,1.61
17744,29334,147018,Leek,4,6.09
17746,5450,197022,Small Hass Avocado,4,5.77
17747,5902,134907,"Rice Crackers, Original",19,10.11
17747,41408,134907,Goat's Milk Cheese,16,6.12
17747,44570,134907,Kale Greens,4,4.15
17749,23046,123035,100% Natural No Salt Added Tomato Sauce,15,12.28
17753,41806,110608,Organic Greek Whole Milk Blended Strawberry Yogurt,16,7.97
17753,37754,110608,Organic Blended Raspberry Whole Milk Greek Yogurt,16,4.34
17753,32035,110608,Toasted Pine Nut Couscous Mix,9,8.57
17754,31727,27896,"Organic Tomato Paste, No Salt Added",15,10.09
17754,2452,27896,Naturals Chicken Nuggets,1,1.24
17755,5258,174464,Sparkling Water,7,10.95
17756,10603,121943,93% Ground Beef,12,3.6
17756,10842,121943,Plum Sauce,6,0.94
17756,40310,121943,Oven Roasted Turkey Breast,20,8.23
17758,1616,145385,Simply Granola,14,10.8
17758,44690,145385,Cafe Style Tortilla  Chips,19,9.48
17759,48953,42467,Lettuce Medley,4,4.64
17759,14867,42467,Honey Bunny Grahams,19,3.63
17762,30962,179294,Vanilla Greek Yogurt 0% Fat,16,12.25
17763,49026,83415,Plain Almond Milk Yogurt,16,12.26
17763,26209,83415,Limes,4,4.37
17765,2962,29995,"Milk, Reduced Fat, 2% Milkfat",16,8.89
17767,35042,28056,Black Beans,15,5.95
17767,890,28056,Organic Diced Tomatoes,15,1.35
17767,26209,28056,Limes,4,4.37
17767,45007,28056,Organic Zucchini,4,5.08
17770,46807,80369,"Bananas, Raspberries & Oats Organic Baby Food",18,8.95
17771,46863,72201,Organic Plain Coconut Milk Yogurt,16,8.77
17772,31727,1683,"Organic Tomato Paste, No Salt Added",15,10.09
17775,44354,191106,"Cooking Sauce, La Pizza",15,4.87
17778,1498,7608,Creamy Chicken & Dumplings Soup,15,2.05
17782,27565,99917,White Corn Tortillas Super Size,3,1.51
17784,49560,7151,Selects Natural Slow Roasted Chicken Breast,20,8.35
17787,22124,105375,Total 0% Raspberry Yogurt,16,9.08
17789,9458,54543,Classic Lemonade,7,8.43
17790,33503,62443,Zucchini Banana & Amaranth Organic Baby Food,18,3.23
17790,31215,62443,Lemon Yogurt,16,10.41
17791,35078,100835,Seriously Sharp Cheddar Cheese,16,4.43
17798,43662,103671,"Yogurt, Strained Low-Fat, Coconut",16,11.87
17801,38562,96048,Pomegranate Arils,4,2.59
17804,40310,152058,Oven Roasted Turkey Breast,20,8.23
17806,5450,6163,Small Hass Avocado,4,5.77
17808,3631,170007,Organic Whole Milk French Vanilla Yogurt,16,1.49
17809,22124,166346,Total 0% Raspberry Yogurt,16,9.08
17813,45007,48023,Organic Zucchini,4,5.08
17813,36070,48023,"Super Spinach! Baby Spinach, Baby Bok Choy, Sweet Baby Kale",4,4.34
17814,30827,114695,Seedless Cucumbers,4,5.22
17815,40789,165075,Soy Free Buttery Sticks,16,2.91
17815,42736,165075,Unsalted Butter,16,9.28
17817,24830,100865,Organic Romaine,4,10.27
17819,26209,138900,Limes,4,4.37
17820,10603,181476,93% Ground Beef,12,3.6
17821,39529,187445,Fuel High Chocolate Protein Shake,11,11.34
17822,34969,36585,Red Vine Tomato,4,9.25
17823,46584,2462,YoKids Blueberry & Strawberry/Vanilla Yogurt,16,8.82
17823,26209,2462,Limes,4,4.37
17824,28745,170821,Oven Roasted Turkey,20,7.99
17825,4149,26559,Frozen Organic Blueberries,4,11.59
17825,17157,26559,Organic Chicken Breasts,1,9.66
17826,6104,37818,Whole Milk Plain Yogurt,16,1.76
17827,3651,197029,Dairy Pure Fresh Half & Half,16,5.99
17837,781,182642,Organic Shredded Mild Cheddar,16,2.78
17841,26795,7917,Snack Mix Original Recipe,19,7.43
17842,46106,32126,Organic Sriracha Hummus,20,3.17
17843,26604,145724,Organic Blackberries,4,8.08
17843,7681,145724,"Master Brew Kombucha, Tart Cherry",7,4.15
17843,27554,145724,Gluten Free Blueberry Muffins,3,0.94
17848,20670,193980,Organic Lentil Vegetable Soup,15,10.83
17849,40310,179598,Oven Roasted Turkey Breast,20,8.23
17849,10527,179598,Whipped Butter,16,3.95
17850,35469,190953,Enchilada Black Bean Vegetable,1,3.44
17852,28385,169586,Apollo Daily Fragrance,11,12.29
17855,2596,165654,Lemon Cake Ice Cream,1,2.8
17857,42384,147672,Original Chili Seasoning Mix,13,6.33
17859,41597,202002,Organic Jumbo Eggs,16,10.21
17860,13708,118612,"Liquid Hand Soap, Refill, Lavender Scent",11,3.43
17860,32134,118612,Lactose Free Plain Kefir,16,3.11
17861,26604,175112,Organic Blackberries,4,8.08
17862,46584,15899,YoKids Blueberry & Strawberry/Vanilla Yogurt,16,8.82
17862,45866,15899,Fig Newmans Fruit Filled Cookies,19,2.46
17865,18140,205102,Organic Fresh Pressed Pure Cranberry Juice,7,8.23
17866,41259,28492,Poblano Pepper,4,10.56
17866,9781,28492,Roasted & Salted Sunflower Seeds,19,5.35
17867,45007,82615,Organic Zucchini,4,5.08
17869,46802,193453,Pineapple Chunks,1,6.76
17869,40198,193453,Blueberry Yoghurt,16,8.81
17869,8138,193453,Traditional Hummus,20,2.75
17870,36810,30849,Original Pancake and Baking Mix,14,5.95
17871,42736,104903,Unsalted Butter,16,9.28
17873,24535,46097,Plain Whole Milk Yogurt,16,6.17
17874,12469,9077,Strawberry Flavor Fermented Dairy Probiotic Acidophilus+C,11,9.89
17874,48335,9077,Chocolate Brownie Energy Bar,19,11.61
17875,41860,205151,Sea Salt Baked Potato Chips,19,5.7
17876,25705,125424,Butterhead Lettuce,4,0.98
17876,16759,125424,Organic Carrot Bunch,4,4.17
17876,33746,125424,Simply Stock Organic Vegetable Unsalted Stock,15,11.09
17877,30696,79232,Eggo Homestyle Waffles,1,6.45
17878,26604,139974,Organic Blackberries,4,8.08
17881,16759,189274,Organic Carrot Bunch,4,4.17
17882,23554,116564,Organic Vanilla Bean Ice Cream,1,6.65
17882,26209,116564,Limes,4,4.37
17882,16759,116564,Organic Carrot Bunch,4,4.17
17884,40310,60951,Oven Roasted Turkey Breast,20,8.23
17885,34969,88370,Red Vine Tomato,4,9.25
17885,20842,88370,Total 0% Greek Yogurt,16,9.2
17887,5450,176622,Small Hass Avocado,4,5.77
17887,37067,176622,Organic Banana,4,10.85
17888,30219,67461,Lactose Free Blueberry Yogurt,16,10.64
17890,27061,183354,Sweet Potato Apple Stage 2 Baby Food,18,2.61
17890,46807,183354,"Bananas, Raspberries & Oats Organic Baby Food",18,8.95
17890,12955,183354,"Super Foods/Organic Apples, Spinach, Peas & Broccoli + Super Chia Snack Pouch",18,3.05
17892,35939,83382,Organic Jalapeno Pepper,4,9.93
17892,22286,83382,Organic Super Beet Juice,7,11.88
17892,2562,83382,Quick & Easy Steel Cut Irish Oatmeal,14,4.89
17892,37067,83382,Organic Banana,4,10.85
17894,23296,125662,Blueberry on the Bottom Nonfat Greek Yogurt,16,2.27
17894,5450,125662,Small Hass Avocado,4,5.77
17894,158,125662,Smoked Ham & Oven Roasted Turkey Sub Sandwich Kit,20,9.28
17894,42240,125662,Ultra Soft Facial Tissues,17,12.0
17895,7893,163244,Gluten-Free Lemon Wafers,19,4.11
17895,45113,163244,Artesian Water,7,7.07
17897,45108,14936,Organic Uncooked Flour Tortillas,3,8.77
17897,31953,14936,Variety Pack of Crackers,19,9.88
17900,45007,48519,Organic Zucchini,4,5.08
17901,575,145514,Organic Medium Yellow Thai Curry,13,7.07
17908,32888,7625,Simply Clean Baby Wipes,18,11.78
17909,20518,42377,"Club Delight Sausage, Egg, & Cheese Sandwiches",12,0.91
17913,16961,66672,45 Calories & Delightful Healthy Multi-Grain Bread,3,11.07
17914,32578,51126,Organic Fresh Squeezed Orange Juice,7,6.19
17916,10761,97998,Organic Yokids Lemonade/Blueberry Variety Pack Yogurt Squeezers Tubes,16,4.56
17916,43875,97998,Baby Food Stage 2 Blueberry Pear & Purple Carrot,18,6.11
17918,31890,187558,Healthy Dark Chocolate,19,9.41
17919,21057,139235,Organic Brown Rice Spaghetti,9,6.56
17920,37468,117463,Rich and Creamy Vanilla Frosting,13,9.68
17921,36735,41756,Organic Roasted Sliced Chicken Breast,20,10.42
17923,17789,87348,Soy Free Buttery Spread,16,11.19
17923,43768,87348,Organic Bell Pepper,4,2.4
17923,14267,87348,Organic Refried Black Beans,15,9.37
17924,19677,90027,Original Pure Creamy Almond Milk,16,6.4
17924,26209,90027,Limes,4,4.37
17926,48186,83069,Lactose Free Half & Half,16,9.32
17927,46820,109697,Vanilla Pure Almond Milk,16,11.94
17927,27044,109697,Maple Almond Butter,13,8.9
17928,28518,173692,Organic Rice Ramen,9,2.64
17929,43768,172955,Organic Bell Pepper,4,2.4
17929,16759,172955,Organic Carrot Bunch,4,4.17
17931,1940,108321,Organic 2% Reduced Fat Milk,16,1.23
17932,9890,174207,Whole Lychees in Heavy Syrup,15,6.89
17932,7785,174207,Dinosaurs Chicken Breast Cutlets,1,1.67
17932,260,174207,Cantaloupe,4,3.01
17934,43471,108717,Natracare Ultra Pads w/ Wings Super,11,7.02
17934,2108,108717,Pastured Eggs,16,9.05
17935,22658,101559,Organic Curry Powder,13,9.64
17937,32923,131904,Organic Triple Berry Blend,1,11.94
17939,44641,29846,Super Sweet Corn,4,7.77
17939,27830,29846,Baby Lima Beans,1,11.89
17943,48953,37495,Lettuce Medley,4,4.64
17946,14870,164020,Icelandic Style Fat Free Plain Yogurt,16,4.27
17947,48186,100514,Lactose Free Half & Half,16,9.32
17947,17352,100514,100% Whole Wheat English Muffin 6 Ct,3,9.91
17947,29270,100514,Beet Apple Carrot Lemon Ginger Organic Cold Pressed Juice Beverage,7,5.56
17948,31564,25925,Crackers,19,1.11
17948,31958,25925,Spinach and Arugula Salad,4,9.62
17950,39702,4436,Low Fat Milk,16,10.57
17951,43768,17253,Organic Bell Pepper,4,2.4
17954,21863,176039,Fire Roasted Red Peppers,15,3.44
17954,38226,176039,Dark Chocolate Chips,19,2.18
17954,42300,176039,Organic Vitality Snack Chia Squeeze Blackberry Bliss,19,9.71
17955,36070,157026,"Super Spinach! Baby Spinach, Baby Bok Choy, Sweet Baby Kale",4,4.34
17955,26604,157026,Organic Blackberries,4,8.08
17957,26209,179895,Limes,4,4.37
17958,32439,66646,DanActive Strawberry Probiotic Dairy Drink,16,1.25
17958,35193,66646,"Post Selects Great Grains Cereal Raisins, Dates and Pecans",14,2.59
17958,22069,66646,Sea Salt Caramel Frozen Greek Yogurt Bars,1,11.21
17958,44375,66646,Canned Aranciata Orange,7,3.21
17958,38996,66646,Grape Tomatoes,4,4.64
17959,16759,22133,Organic Carrot Bunch,4,4.17
17960,21361,36740,Honey Manuka Raw Kfactor 16,13,9.97
17960,36070,36740,"Super Spinach! Baby Spinach, Baby Bok Choy, Sweet Baby Kale",4,4.34
17962,11068,16583,Medium Cheddar Cheese Block,16,1.9
17963,7641,194573,Gluten Free Extra Crispy Fast Food French Fried Potatoes,1,3.81
17964,26209,196344,Limes,4,4.37
17965,45210,136645,Organic Greek Lowfat Yogurt With Blueberries,16,5.69
17965,27650,136645,Organic Colby Cheese,16,3.67
17966,2452,120296,Naturals Chicken Nuggets,1,1.24
17976,33308,125274,Beet Hummus,20,5.97
17976,717,125274,Sweeper Open Window Fresh Scent Wet Mopping Cloths Refill,17,4.92
17977,7139,83437,Sooo Good Light Roast Coffee,7,3.74
17977,26209,83437,Limes,4,4.37
17977,7898,83437,Ginger Beer,7,2.12
17978,34969,48862,Red Vine Tomato,4,9.25
17979,48186,193480,Lactose Free Half & Half,16,9.32
17980,48527,110722,Avocado,4,12.54
17981,22124,75124,Total 0% Raspberry Yogurt,16,9.08
17983,44371,174652,Alaskan Salmon Burgers,1,11.21
17990,43662,146356,"Yogurt, Strained Low-Fat, Coconut",16,11.87
17990,47885,146356,Black Bean Salad,20,11.99
17991,6555,76373,Parmesan Beef Meatballs,12,9.19
17993,21687,38574,Reese Artichoke Hearts,15,6.75
17993,36170,38574,Reduced Fat Original Baked Snack Crackers,19,1.11
18002,40659,156876,"Fries, Broccoli",19,11.89
18005,42240,150252,Ultra Soft Facial Tissues,17,12.0
18005,14372,150252,Original 5-Cheese Pizza,1,2.88
18006,37067,185041,Organic Banana,4,10.85
18007,45544,11685,Organic Plain Nonfat Greek Yogurt,16,8.48
18008,2002,120572,"The \""World's Best\"" Veggie Burger",1,0.89
18008,26177,120572,Organic Honey Nut O's Cereal,14,3.76
18009,3260,32803,Chips Ahoy!/Nutter Butter/Oreo Cookies,19,8.29
18011,38996,118470,Grape Tomatoes,4,4.64
18013,3464,60749,"Organic Butterhead (Boston, Butter, Bibb) Lettuce",4,9.0
18013,26209,60749,Limes,4,4.37
18013,34969,60749,Red Vine Tomato,4,9.25
18014,26604,22904,Organic Blackberries,4,8.08
18014,37148,22904,"Milk Chocolate Candies, Bonus Bag",19,4.64
18014,5450,22904,Small Hass Avocado,4,5.77
18014,38996,22904,Grape Tomatoes,4,4.64
18016,47211,116609,Kettle Cooked Potato Chips Original,19,3.65
18016,25191,116609,Steakhouse Ranch Dressing,13,10.75
18016,11323,116609,Medium Roast Extra Bold K-Cup Packs Coffee,7,1.24
18016,36070,116609,"Super Spinach! Baby Spinach, Baby Bok Choy, Sweet Baby Kale",4,4.34
18016,47792,116609,Organic Beans & Rice Cheddar Cheese Burrito,1,8.35
18017,19677,28773,Original Pure Creamy Almond Milk,16,6.4
18017,13249,28773,Skim Milk,16,9.33
18024,1940,194507,Organic 2% Reduced Fat Milk,16,1.23
18024,8638,194507,Vanilla Milk Chocolate Almond Ice Cream Bars,1,8.33
18027,5258,47077,Sparkling Water,7,10.95
18027,12640,47077,Sport Bottle with Flip Cap Natural Spring Water,7,4.94
18031,31215,88990,Lemon Yogurt,16,10.41
18031,13603,88990,Tarragon Chicken Salad,20,11.45
18034,31961,95982,Chilpotle Peppers in Adobo Sauce,6,7.83
18034,19906,95982,Fresh Whole White Mushrooms,4,2.73
18035,26604,132710,Organic Blackberries,4,8.08
18035,27690,132710,Apple Cinnamon GoGo Squeez,19,6.29
18035,890,132710,Organic Diced Tomatoes,15,1.35
18035,39249,132710,Organic Persian Cucumber,4,12.47
18035,13780,132710,Thyme,4,10.2
18036,26209,163535,Limes,4,4.37
18036,38996,163535,Grape Tomatoes,4,4.64
18037,4809,40405,Greek Whole Milk Blended Blueberry Yogurt,16,6.38
18037,37754,40405,Organic Blended Raspberry Whole Milk Greek Yogurt,16,4.34
18037,41806,40405,Organic Greek Whole Milk Blended Strawberry Yogurt,16,7.97
18037,26604,40405,Organic Blackberries,4,8.08
18040,18019,20924,Macaroni & Cheese Dinner Original Flavor,9,3.73
18045,29153,75279,Classic Pizza Crust,13,8.07
18045,21225,75279,Honey Bunches With Almonds Cereal,14,1.97
18046,28721,31990,Classico Pure Olive Oil,13,1.96
18049,26209,2917,Limes,4,4.37
18051,26604,71755,Organic Blackberries,4,8.08
18052,15741,89686,Strawberry C Monster Smoothie,7,8.59
18052,26604,89686,Organic Blackberries,4,8.08
18052,30353,89686,Curate Cherry Lime Sparkling Water,7,1.86
18052,5450,89686,Small Hass Avocado,4,5.77
18052,3469,89686,Organic Vegetarian Mild Refried Beans With Green Chiles,15,5.89
18052,6985,89686,Alfredo Sauce,9,11.07
18055,16759,59585,Organic Carrot Bunch,4,4.17
18055,40310,59585,Oven Roasted Turkey Breast,20,8.23
18055,21949,59585,White Cheddar Semisoft Cheese,16,9.24
18056,39844,106717,Mini Sweet Peppers,4,11.24
18057,31124,70156,Absolutely Zero Energy Drink,7,1.47
18057,23039,70156,Fat Free Cream Cheese,16,1.3
18059,27275,174819,Pineapple Strawberry Sparkling Water,7,7.09
18059,8638,174819,Vanilla Milk Chocolate Almond Ice Cream Bars,1,8.33
18059,5258,174819,Sparkling Water,7,10.95
18059,13587,174819,Vermont Maple & Sea Salt Microwave Popcorn,19,7.01
18059,19012,174819,Marketplace Spicy Mexican Black Beans and Rice,1,6.23
18061,46106,133575,Organic Sriracha Hummus,20,3.17
18061,39781,133575,Original 7 Grain Crackers,19,6.08
18067,13457,191755,Pad Thai Brown Rice Noodles,6,5.81
18067,26209,191755,Limes,4,4.37
18067,18027,191755,Ezekiel 4:9 Bread Organic Sprouted Whole Grain,3,11.3
18067,18963,191755,Apple Cider Vinegar,13,9.67
18068,48595,104853,Organic Wheat Square Crackers,19,9.0
18068,1199,104853,YoTot Organic Raspberry Pear Yogurt,16,7.17
18071,19003,197085,Celery,4,5.68
18073,3464,56815,"Organic Butterhead (Boston, Butter, Bibb) Lettuce",4,9.0
18073,10761,56815,Organic Yokids Lemonade/Blueberry Variety Pack Yogurt Squeezers Tubes,16,4.56
18073,8896,56815,Southern Style White Corn Grits,14,10.63
18076,4847,155811,Organic Low-Fat Medium Black Bean Chili,15,6.72
18076,3469,155811,Organic Vegetarian Mild Refried Beans With Green Chiles,15,5.89
18081,3458,29163,Flip Greek Yogurt Tropical Escape,16,11.57
18084,27690,46257,Apple Cinnamon GoGo Squeez,19,6.29
18089,10369,102892,Organic Genoa Salami,20,2.35
18091,36070,204681,"Super Spinach! Baby Spinach, Baby Bok Choy, Sweet Baby Kale",4,4.34
18092,43421,91533,"Little Yums Spinach, Apple, and Kale Teething Wafers",18,5.55
18092,36348,91533,Organic Baby Food Fruit Mashup Mama Bear Blueberry 7+ Mo,18,2.53
18092,25199,91533,Classic Chicken Salad,20,4.26
18094,25542,72461,"Orzo, No. 65",9,0.92
18094,31342,72461,Organic SprouTofu Extra Firm Tofu,20,9.28
18095,26209,19010,Limes,4,4.37
18095,18027,19010,Ezekiel 4:9 Bread Organic Sprouted Whole Grain,3,11.3
18097,46820,55102,Vanilla Pure Almond Milk,16,11.94
18098,18359,71000,Bag of Red Delicious Apples,4,2.76
18100,45566,11116,Clean Up Cleaner with Bleach Fresh Scent,17,12.39
18101,22182,2299,Old Fashioned Potato Salad,20,1.72
18103,39408,116983,Gala Apples,4,4.03
18110,42736,33467,Unsalted Butter,16,9.28
18110,26209,33467,Limes,4,4.37
18112,16759,163460,Organic Carrot Bunch,4,4.17
18115,1117,106527,Turkey Bacon,12,11.85
18116,27796,150507,Real Mayonnaise,13,0.97
18116,22920,150507,Roasted & Salted Shelled Pistachios,19,7.88
18116,43027,150507,All-Bran Original Cereals,14,7.72
18116,42475,150507,Unsalted Butter Quarters,16,2.61
18116,13780,150507,Thyme,4,10.2
18116,26209,150507,Limes,4,4.37
18117,3358,188792,"Rising Crust Supreme (Sausage, Pepperoni, Red Peppers, Green Peppers, Onions, Black Olives) Frozen Pizza",1,5.69
18117,38506,188792,Roasted Garlic & Onion Pasta Sauce,9,7.48
18118,831,168831,All Natural Premium Cornish Hen,1,0.94
18118,36783,168831,"Corn Meal, Yellow",13,8.64
18118,19003,168831,Celery,4,5.68
18118,37247,168831,Instant Vanilla Pudding & Pie Filling,13,3.69
18118,36618,168831,"12\"" Aluminium Foil",17,6.84
18119,2677,75135,Yerba Mate Sparkling Classic Gold,7,2.49
18120,6069,129029,Maple Pumpkin Seeds with Sea Salt Chewy with a Crunch Granola Bars,19,7.32
18121,13249,98176,Skim Milk,16,9.33
18122,12427,107430,Original Beef Jerky,19,3.08
18123,24092,126256,Happy Cola Gummi Candy,19,10.59
18123,11213,126256,Twin Cherries Gummi Candy,19,8.31
18123,37067,126256,Organic Banana,4,10.85
18123,49273,126256,Light and Lean Quinoa Black Beans with Butternut Squash and Chard,1,1.34
18123,3318,126256,Cinnamon Swirl Raisin Bread,3,4.94
18123,48370,126256,Sensitive Toilet Paper,17,9.33
18125,20670,14817,Organic Lentil Vegetable Soup,15,10.83
18125,23630,14817,Multi-Seed Original Crackers,19,4.37
18127,43192,159211,Dark with 70% Cacao Content Organic Chocolate Bar,19,5.04
18129,35042,104463,Black Beans,15,5.95
18131,46802,162488,Pineapple Chunks,1,6.76
18131,43300,162488,Chipotle Ranch Dressing & Dip,13,5.31
18131,45007,162488,Organic Zucchini,4,5.08
18132,4006,112298,Hazelnut Spread With Skim Milk & Cocoa,13,4.62
18133,18027,58862,Ezekiel 4:9 Bread Organic Sprouted Whole Grain,3,11.3
18133,24062,58862,Flourless  Sprouted Whole Grain 7-Sprouted Grains English Muffins,3,4.68
18133,45007,58862,Organic Zucchini,4,5.08
18136,27565,179968,White Corn Tortillas Super Size,3,1.51
18136,27796,179968,Real Mayonnaise,13,0.97
18139,45866,151735,Fig Newmans Fruit Filled Cookies,19,2.46
18142,46802,21789,Pineapple Chunks,1,6.76
18142,26209,21789,Limes,4,4.37
18143,42736,72627,Unsalted Butter,16,9.28
18150,43371,89379,Crushed Red Pepper,13,7.03
18153,42736,160926,Unsalted Butter,16,9.28
18153,26209,160926,Limes,4,4.37
18153,45007,160926,Organic Zucchini,4,5.08
18154,18359,134144,Bag of Red Delicious Apples,4,2.76
18155,8493,16864,Salt N' Pepper Bean and Rice Chips,19,9.38
18158,31801,143266,9 Inch Plates,17,4.1
18159,8138,77036,Traditional Hummus,20,2.75
18159,14477,77036,Organic Spaghetti,9,7.55
18160,7343,56840,Assorted Sheer Strip Bandages,11,12.02
18160,45007,56840,Organic Zucchini,4,5.08
18161,25930,123774,Pure Cane Confectioners 10-X Powdered Sugar,13,9.37
18163,26604,201248,Organic Blackberries,4,8.08
18163,39055,201248,Mild Salsa Roja,20,12.54
18165,8138,14027,Traditional Hummus,20,2.75
18166,28785,119424,Organic Tahini,13,8.89
18166,7751,119424,Tomato Ketchup,13,1.99
18169,7518,169506,Chicken Flavored Bone 4 Inch Dog Chew,8,1.43
18170,45007,155280,Organic Zucchini,4,5.08
18171,5918,152877,Single Serve Cheese Pizza,1,7.61
18173,38250,110647,Cheddar Squares Cheddar Squares,19,4.43
18174,45566,64349,Clean Up Cleaner with Bleach Fresh Scent,17,12.39
18175,47120,122913,Chicken Flavored Mexican Rice,9,2.37
18175,46703,122913,Shelled Soybeans Edamame,1,10.75
18175,39215,122913,Scented Multi-Cat Scoopable Cat Litter,8,5.24
18175,41729,122913,Sweet Grape Tomatoes,4,10.48
18178,17547,5365,Meat Lasagna,20,0.93
18180,43463,186764,Tall Kitchen Trash Bags with Flap Closure 13 gallon,17,8.09
18185,34969,170722,Red Vine Tomato,4,9.25
18187,10603,179895,93% Ground Beef,12,3.6
18187,18159,179895,Organic Biologique Limes,4,5.06
18187,18963,179895,Apple Cider Vinegar,13,9.67
18189,31694,38653,Sourdough Bachelor Loaf,3,11.22
18189,7079,38653,Organic Alfalfa Sprouts,4,7.88
18191,47322,119640,Unsalted Peanuts,19,1.0
18192,45007,150275,Organic Zucchini,4,5.08
18192,22504,150275,Organic Mountain Forest Amber Honey,13,2.16
18196,1940,31658,Organic 2% Reduced Fat Milk,16,1.23
18196,3458,31658,Flip Greek Yogurt Tropical Escape,16,11.57
18196,35256,31658,Italian Herb Seasoning,13,3.69
18196,16759,31658,Organic Carrot Bunch,4,4.17
18197,46820,186044,Vanilla Pure Almond Milk,16,11.94
18198,45007,103299,Organic Zucchini,4,5.08
18198,890,103299,Organic Diced Tomatoes,15,1.35
18199,45007,173029,Organic Zucchini,4,5.08
18199,24830,173029,Organic Romaine,4,10.27
18200,18359,124749,Bag of Red Delicious Apples,4,2.76
18202,30827,127680,Seedless Cucumbers,4,5.22
18203,45007,80951,Organic Zucchini,4,5.08
18209,44667,131584,Super Moist Chocolate Fudge Cake Mix,13,8.89
18211,35042,18432,Black Beans,15,5.95
18211,44697,18432,Natural Sharp Cheddar Cheese,16,1.79
18214,33120,37804,Organic Egg Whites,16,5.33
18215,26604,1164,Organic Blackberries,4,8.08
18215,26209,1164,Limes,4,4.37
18216,28465,1000,Icelandic Style Skyr Blueberry Non-fat Yogurt,16,8.32
18216,14870,1000,Icelandic Style Fat Free Plain Yogurt,16,4.27
18218,1700,23415,White Cheddar Popcorn,19,5.86
18218,44115,23415,Creamy Asiago 8 Spreadable Cheese Wedges,16,6.45
18218,28369,23415,Lite Italian Dry Salame,20,6.2
18218,37820,23415,Complete Extra Whitening with Tartar Protection Toothpaste Clean Mint,11,8.07
18220,13241,16884,Premium Double Chocolate Hot Cocoa,7,12.04
18223,11068,142625,Medium Cheddar Cheese Block,16,1.9
18223,22124,142625,Total 0% Raspberry Yogurt,16,9.08
18227,11068,174072,Medium Cheddar Cheese Block,16,1.9
18230,33741,43421,Gluten Free Classic Hamburger Buns,3,10.9
18230,27554,43421,Gluten Free Blueberry Muffins,3,0.94
18230,43409,43421,Frosted Mini-Wheats Original Cereal,14,12.46
18231,43338,25732,Pyramid Black Tea Bags,7,3.76
18231,38164,25732,Almonds & Sea Salt in Dark Chocolate,19,9.32
18232,1940,143889,Organic 2% Reduced Fat Milk,16,1.23
18233,5258,117832,Sparkling Water,7,10.95
18236,26209,174451,Limes,4,4.37
18237,45051,167782,Pub Mix,19,8.23
18238,44570,106084,Kale Greens,4,4.15
18238,26209,106084,Limes,4,4.37
18238,34861,106084,Beets Bunch,4,1.06
18238,4620,106084,Ginger Root,4,9.03
18238,21756,106084,NUTrition Wholesome Nut Mix,19,10.17
18238,49352,106084,Natural Extra Sharp Cheddar Cheese,16,8.82
18243,16759,84707,Organic Carrot Bunch,4,4.17
18244,33535,110802,Ume Plum Vinegar,6,12.01
18244,45007,110802,Organic Zucchini,4,5.08
18244,26209,110802,Limes,4,4.37
18244,9171,110802,Organic Balsamic Vinaigrette Dressing,13,3.04
18245,36070,6841,"Super Spinach! Baby Spinach, Baby Bok Choy, Sweet Baby Kale",4,4.34
18246,35470,15314,Water Mineral,7,11.28
18246,45051,15314,Pub Mix,19,8.23
18247,49522,26271,Cashews Halves & Pieces,19,11.7
18247,47504,26271,Blueberry Breakfast Biscuits,14,7.81
18247,12333,26271,Milk Chocolate Minatures,19,5.41
18250,26209,145081,Limes,4,4.37
18250,10849,145081,Hickory Smoked Ham,20,8.93
18251,343,126123,Organic Whole Peeled Baby Carrots,4,5.78
18251,14267,126123,Organic Refried Black Beans,15,9.37
18251,44570,126123,Kale Greens,4,4.15
18252,16398,78481,Guava Goddess Organic Kambucha,7,1.59
18253,5258,87842,Sparkling Water,7,10.95
18255,5258,84940,Sparkling Water,7,10.95
18257,45007,198854,Organic Zucchini,4,5.08
18260,20899,144593,Goo Berry Pie Probugs Kefir,16,6.29
18262,8390,37142,Diet Ginger Ale,7,12.0
18262,42447,37142,100% Juice,7,12.08
18263,45051,197842,Pub Mix,19,8.23
18263,12427,197842,Original Beef Jerky,19,3.08
18264,890,158689,Organic Diced Tomatoes,15,1.35
18264,13097,158689,Fresh Cut Butternut Squash,4,10.69
18267,45007,154563,Organic Zucchini,4,5.08
18269,32700,23275,Original Whipped Cream,16,0.94
18269,12614,23275,Yellow Grape Tomatoes,4,1.39
18269,33409,23275,Sugar Free Cherry Gelatin Dessert,13,3.77
18270,45007,101524,Organic Zucchini,4,5.08
18274,45064,48127,Honey Wheat Bread,3,1.52
18275,26209,107247,Limes,4,4.37
18275,24830,107247,Organic Romaine,4,10.27
18276,45007,155621,Organic Zucchini,4,5.08
18276,46802,155621,Pineapple Chunks,1,6.76
18276,18243,155621,Organic Stage 3 Zucchini Broccoli Medley Baby Food,18,3.4
18277,48370,42736,Sensitive Toilet Paper,17,9.33
18277,47141,42736,Cola,7,5.77
18277,11233,42736,100% Whole Wheat Pre-Sliced Sandwich Thins,3,5.2
18277,34969,42736,Red Vine Tomato,4,9.25
18277,19625,42736,Organic Chicken & Vegetable Potstickers,1,11.18
18279,42736,86342,Unsalted Butter,16,9.28
18279,28518,86342,Organic Rice Ramen,9,2.64
18286,42736,140540,Unsalted Butter,16,9.28
18286,32781,140540,Gluten Free Sunrise Crunchy Maple Cereal,14,8.64
18287,35939,100982,Organic Jalapeno Pepper,4,9.93
18287,18027,100982,Ezekiel 4:9 Bread Organic Sprouted Whole Grain,3,11.3
18292,16398,191054,Guava Goddess Organic Kambucha,7,1.59
18293,25839,33197,Froot Loops Cereal,14,10.54
18293,30827,33197,Seedless Cucumbers,4,5.22
18295,13249,63356,Skim Milk,16,9.33
18295,14951,63356,Steamers Antioxidant Vegetable Blend,1,5.06
18295,13974,63356,Reduced Fat Creamy Peanut Butter Spread,13,8.81
18298,31282,73231,Toddler Formula Iron Fortified Dairy Powder,18,11.54
18300,890,39922,Organic Diced Tomatoes,15,1.35
18300,36968,39922,Organics Big Bird's Apple 100% Juice,7,4.85
18301,26209,16272,Limes,4,4.37
18301,46990,16272,Ground Buffalo,12,10.44
18304,32781,150123,Gluten Free Sunrise Crunchy Maple Cereal,14,8.64
18304,36792,150123,Gluten Free Omega Flax & Fiber Bread,3,3.98
18306,1940,59562,Organic 2% Reduced Fat Milk,16,1.23
18306,48370,59562,Sensitive Toilet Paper,17,9.33
18306,42736,59562,Unsalted Butter,16,9.28
18306,31215,59562,Lemon Yogurt,16,10.41
18307,14148,163085,Original Worcestershire Sauce,13,1.04
18311,14358,98226,Organic Almond Chocolate Non Dairy Beverage,16,11.53
18313,26172,30380,Light Sour Cream,16,7.26
18313,47631,30380,Original Vegetable Oil Spread,16,10.49
18316,24571,142937,Tomato and Basil Pasta Sauce,9,10.32
18316,16615,142937,Zero Calories Berry Nutrient Enhanced Water,7,5.54
18316,34969,142937,Red Vine Tomato,4,9.25
18316,15860,142937,Natural Apple Sauce Cups,15,8.98
18316,35742,142937,Honey Crunchy Flavor Corn Dogs 6 Count,1,7.19
18316,7606,142937,Greek 100 Protein Vanilla Fat Free Yogurt,16,4.2
18317,45007,47586,Organic Zucchini,4,5.08
18317,18656,47586,Organic Red Potato,4,1.93
18317,36348,47586,Organic Baby Food Fruit Mashup Mama Bear Blueberry 7+ Mo,18,2.53
18317,2162,47586,Organic Wild Rumpus Avocado Babyfood,21,6.44
18319,10963,96643,Fresh Start Volumizing Dry Shampoo,11,6.09
18319,7963,96643,Gluten Free Whole Grain Bread,1,4.53
18320,45007,89960,Organic Zucchini,4,5.08
18321,42500,39295,Orange & Lemon Flavor Variety Pack Sparkling Fruit Beverage,7,6.51
18322,7963,81190,Gluten Free Whole Grain Bread,1,4.53
18322,16744,81190,Peanut & Gluten Free Smooth Almond Butter,13,8.17
18322,35038,81190,Gluten Free Baking Flour,13,9.67
18322,22627,81190,Gluten Free Flour,13,7.99
18323,33550,171703,Smoked Turkey Drumsticks,12,11.1
18324,26209,94401,Limes,4,4.37
18324,23395,94401,"Taco Seasoning, Fish",13,11.97
18324,35939,94401,Organic Jalapeno Pepper,4,9.93
18325,26604,33045,Organic Blackberries,4,8.08
18325,48953,33045,Lettuce Medley,4,4.64
18326,33402,130244,Core Original Grain Free Dry Dog Food,8,6.4
18326,27662,130244,Large Grade AA Cage Free Eggs,16,11.86
18327,27554,152456,Gluten Free Blueberry Muffins,3,0.94
18330,30515,204048,Peanut Butter Brownie Bliss Rich Chocolate Brownie Layered With Creamy Real Peanut Butter,19,3.93
18334,16874,125010,Chocolate Fudge Brownie Ice Cream,1,4.04
18335,7542,172642,Ready to Serve Brown & Wild 4.4 Oz Rice,9,11.19
18339,30573,109926,Spinaci e Ricotta Ravioli,9,9.09
18339,14372,109926,Original 5-Cheese Pizza,1,2.88
18341,26209,129386,Limes,4,4.37
18341,34969,129386,Red Vine Tomato,4,9.25
18341,39479,129386,Ground Paprika,13,12.34
18342,32578,157346,Organic Fresh Squeezed Orange Juice,7,6.19
18344,6729,178503,Cookie Tray,3,9.56
18344,30827,178503,Seedless Cucumbers,4,5.22
18347,7350,69283,Natural Lime Flavor Sparkling Mineral Water,7,1.88
18347,43772,69283,Cherubs Heavenly Salad Tomatoes,4,1.15
18347,27690,69283,Apple Cinnamon GoGo Squeez,19,6.29
18350,29270,125985,Beet Apple Carrot Lemon Ginger Organic Cold Pressed Juice Beverage,7,5.56
18353,43192,10597,Dark with 70% Cacao Content Organic Chocolate Bar,19,5.04
18355,18656,90198,Organic Red Potato,4,1.93
18360,2822,194505,Organic Creamy Raw Almond Butter,13,4.11
18363,298,93062,Brisk With Lemon Iced Tea,7,10.87
18366,45866,180793,Fig Newmans Fruit Filled Cookies,19,2.46
18368,30827,118556,Seedless Cucumbers,4,5.22
18370,45007,204919,Organic Zucchini,4,5.08
18370,16291,204919,Organic Extra Large Brown Omega 3 Eggs,16,8.98
18370,5450,204919,Small Hass Avocado,4,5.77
18370,18963,204919,Apple Cider Vinegar,13,9.67
18370,44570,204919,Kale Greens,4,4.15
18371,28438,32321,Pork Jerky Grilled Sweet Teriyaki,19,7.87
18371,36315,32321,Low Fat Split Pea Soup,15,12.38
18374,43192,131714,Dark with 70% Cacao Content Organic Chocolate Bar,19,5.04
18374,26604,131714,Organic Blackberries,4,8.08
18376,49475,52843,Dark Chocolate Blueberry Quinoa,19,7.48
18378,3631,94944,Organic Whole Milk French Vanilla Yogurt,16,1.49
18378,27980,94944,Sea Salt Hummus Chips,19,1.07
18378,26209,94944,Limes,4,4.37
18384,42833,160919,Mango Apricot Fruit Snack,19,12.41
18385,46673,125242,Ultra Original Scent Dishwashing Liquid,17,8.73
18386,35939,192756,Organic Jalapeno Pepper,4,9.93
18387,13598,139792,Soy & Dairy Free Plain Unsweetened Almond Milk Yogurt,21,4.21
18387,16409,139792,Purity Cold Pressed Juice,7,8.44
18387,45007,139792,Organic Zucchini,4,5.08
18387,26604,139792,Organic Blackberries,4,8.08
18390,46584,61777,YoKids Blueberry & Strawberry/Vanilla Yogurt,16,8.82
18392,33120,171807,Organic Egg Whites,16,5.33
18393,13733,164752,Red Potatoes,4,4.73
18396,5258,92769,Sparkling Water,7,10.95
18397,45007,78900,Organic Zucchini,4,5.08
18398,26209,162940,Limes,4,4.37
18399,46820,191912,Vanilla Pure Almond Milk,16,11.94
18402,24921,193963,Punched: Fruit Punch Flavor Energy Drink,7,6.95
18402,10193,193963,Shredded Carrots,4,11.21
18402,35042,193963,Black Beans,15,5.95
18402,49667,193963,Enchilada with Spanish Rice & Beans Meal,1,10.34
18403,18471,42792,Organic Light Agave Nectar,13,0.93
18403,42345,42792,Baby Food Pouch - Roasted Carrot Spinach & Beans,18,4.39
18403,45007,42792,Organic Zucchini,4,5.08
18403,26604,42792,Organic Blackberries,4,8.08
18405,20915,141029,Mozzarella Light Low Moisture Part Skim String Cheese,16,3.56
18409,35383,133447,Classic White Bread,3,6.03
18409,38164,133447,Almonds & Sea Salt in Dark Chocolate,19,9.32
18411,16927,14091,Instant Rice Vermicelli Noodles,6,7.24
18411,26209,14091,Limes,4,4.37
18412,48953,172697,Lettuce Medley,4,4.64
18412,18689,172697,Dairy-Free Chive Cream Cheese,16,10.12
18415,15221,78425,2% Milk,16,11.05
18415,10874,78425,Zero Calorie Lemon Lime Twist Soda,7,0.91
18418,26209,90357,Limes,4,4.37
18421,37148,114457,"Milk Chocolate Candies, Bonus Bag",19,4.64
18421,45064,114457,Honey Wheat Bread,3,1.52
18423,1940,42236,Organic 2% Reduced Fat Milk,16,1.23
18424,32781,165076,Gluten Free Sunrise Crunchy Maple Cereal,14,8.64
18424,5450,165076,Small Hass Avocado,4,5.77
18425,12955,123054,"Super Foods/Organic Apples, Spinach, Peas & Broccoli + Super Chia Snack Pouch",18,3.05
18425,29270,123054,Beet Apple Carrot Lemon Ginger Organic Cold Pressed Juice Beverage,7,5.56
18426,27796,164055,Real Mayonnaise,13,0.97
18426,5450,164055,Small Hass Avocado,4,5.77
18426,25839,164055,Froot Loops Cereal,14,10.54
18428,37940,87672,Original Strawberry Low Fat Yogurt,16,12.55
18429,32235,74642,No Caffeine Lemon Lime Soda,7,1.07
18433,47176,146608,Comforting Geranium Aromatherapy Mineral Bath,11,3.61
18437,49247,196296,Coconut Yoghurt,16,4.8
18437,31215,196296,Lemon Yogurt,16,10.41
18437,17183,196296,Peach Yoghurt,16,6.75
18437,38164,196296,Almonds & Sea Salt in Dark Chocolate,19,9.32
18440,45064,68510,Honey Wheat Bread,3,1.52
18440,7298,68510,Adobo Seasoning,13,2.49
18440,45007,68510,Organic Zucchini,4,5.08
18441,47046,60019,Chalk - 12 CT,17,2.26
18443,11068,124710,Medium Cheddar Cheese Block,16,1.9
18444,8138,202209,Traditional Hummus,20,2.75
18446,41597,167233,Organic Jumbo Eggs,16,10.21
18447,45619,10585,G Series Blueberry Pomegranate,7,10.08
18447,41557,10585,Original Deli Style Pretzel Crackers,19,2.2
18447,14890,10585,Shelled Walnuts,19,0.89
18448,16840,184689,Mild Guacamole,20,2.21
18448,38558,184689,Organic Low Fat Cottage Cheese,16,9.47
18448,1025,184689,Organic Fresh Basil,4,11.34
18449,30962,79254,Vanilla Greek Yogurt 0% Fat,16,12.25
18450,22123,22519,1% Low Fat Chocolate Milk,16,7.67
18454,260,121192,Cantaloupe,4,3.01
18456,39057,99496,Hazelnut Light Roast K-Cup Packs,7,2.05
18458,5258,66825,Sparkling Water,7,10.95
18459,46820,70371,Vanilla Pure Almond Milk,16,11.94
18460,37460,100716,No Sugar Added Variety Fruit Bars,1,5.99
18460,14136,100716,Whitening Plus Scope Crest Complete Whitening + Scope Multi-Benefit Minty Fresh Striped Toothpaste 12.4oz Twin Pack  Dentifrice,11,5.3
18460,35042,100716,Black Beans,15,5.95
18460,19324,100716,PlugIns Scented Oil Cashmere Woods Refills,17,3.33
18461,26209,28543,Limes,4,4.37
18462,5450,93906,Small Hass Avocado,4,5.77
18462,26209,93906,Limes,4,4.37
18462,11950,93906,Madagascar Vanilla Ice Cream,1,3.42
18463,34321,162312,Original Pepperoni,20,2.51
18463,33466,162312,Heat & Serve Sweet Potato,4,4.2
18463,48527,162312,Avocado,4,12.54
18464,20842,5006,Total 0% Greek Yogurt,16,9.2
18465,37067,94407,Organic Banana,4,10.85
18465,6933,94407,Strained Whole-Milk Yogurt Blueberry,16,11.85
18465,33316,94407,Lemongrass & Clementine Zest Natural Dish Liquid,17,0.96
18469,13113,34393,Organic Apple Juice Boxes,7,9.79
18470,8523,13010,Scoops,19,8.31
18471,16615,42789,Zero Calories Berry Nutrient Enhanced Water,7,5.54
18473,49519,138337,Raspberry Essence Water,7,10.84
18473,34969,138337,Red Vine Tomato,4,9.25
18474,13249,69873,Skim Milk,16,9.33
18475,37067,149220,Organic Banana,4,10.85
18475,30696,149220,Eggo Homestyle Waffles,1,6.45
18475,30675,149220,Edamame Soybeans in Pods,1,8.2
18477,47380,53339,New York Style Nova Lox,12,8.72
18477,18689,53339,Dairy-Free Chive Cream Cheese,16,10.12
18477,36792,53339,Gluten Free Omega Flax & Fiber Bread,3,3.98
18478,33120,41807,Organic Egg Whites,16,5.33
18479,16722,199454,All Natural Raspberry Sparkling Seltzer Water,7,5.49
18479,18967,199454,Hashbrown,1,12.17
18482,43510,178906,Strawberry Cheesecake Flavored Low Fat Yogurt,16,2.49
18482,13733,178906,Red Potatoes,4,4.73
18490,34969,62586,Red Vine Tomato,4,9.25
18491,38824,170867,Deli Sliced Swiss Cheese,16,2.01
18491,1940,170867,Organic 2% Reduced Fat Milk,16,1.23
18493,26209,136146,Limes,4,4.37
18496,26209,171305,Limes,4,4.37
18496,49451,171305,Artichoke Spinach Dip,20,9.09
18498,4962,116926,Yotoddler Organic Pear Spinach Mango Yogurt,16,10.68
18502,4149,161407,Frozen Organic Blueberries,4,11.59
18503,17021,194118,Baked Mini Beef Meatballs,1,9.94
18503,24830,194118,Organic Romaine,4,10.27
18503,34969,194118,Red Vine Tomato,4,9.25
18506,781,141756,Organic Shredded Mild Cheddar,16,2.78
18507,37067,166042,Organic Banana,4,10.85
18507,23393,166042,"Toothpaste, Fluoride Free, Whitening, Cool Mint Gel",11,5.1
18510,18689,23372,Dairy-Free Chive Cream Cheese,16,10.12
18510,33527,23372,Organic Classic Rich Crackers,19,7.46
18510,9955,23372,Unsweetened Organic Coconut Milk,16,6.48
18510,11132,23372,Organic Promise Berry Fruitful Cereal,14,5.23
18512,45528,80803,Medium Enchilada Sauce,6,12.2
18514,26209,12496,Limes,4,4.37
18514,11068,12496,Medium Cheddar Cheese Block,16,1.9
18515,45544,12840,Organic Plain Nonfat Greek Yogurt,16,8.48
18518,26209,60813,Limes,4,4.37
18518,43320,60813,Garlic & Wine Sopressata Salami,20,8.18
18519,19548,105133,Organic Lightly Roasted Crunchy Peanut Butter,13,1.58
18523,48370,113732,Sensitive Toilet Paper,17,9.33
18524,26209,163175,Limes,4,4.37
18524,36961,163175,Pink Cripps Apple,4,2.89
18525,5258,116255,Sparkling Water,7,10.95
18529,2002,123621,"The \""World's Best\"" Veggie Burger",1,0.89
18530,26209,33967,Limes,4,4.37
18530,34969,33967,Red Vine Tomato,4,9.25
18532,41557,152250,Original Deli Style Pretzel Crackers,19,2.2
18532,7533,152250,Low-Fat Strawberry Banana on the Bottom Greek Yogurt,16,6.64
18532,15011,152250,"Pita Chips, Simply Naked",19,11.46
18533,27796,202166,Real Mayonnaise,13,0.97
18534,26209,132424,Limes,4,4.37
18534,48595,132424,Organic Wheat Square Crackers,19,9.0
18536,39397,91459,Chicken in a Biskit Baked Snack Crackers,19,3.31
18536,30910,91459,Double Stuf Golden Sandwich Cookies,19,5.49
18537,8390,127362,Diet Ginger Ale,7,12.0
18537,17080,127362,Clementina Sparkling Beverage,7,5.69
18538,8057,32016,Organic Chicken & Mozzarella Ravioli,9,8.71
18539,39408,147153,Gala Apples,4,4.03
18540,29397,96813,Chickpeas! Penne Pasta,9,4.64
18540,12974,96813,Organic Horseradish Mustard,13,5.38
18545,46820,8777,Vanilla Pure Almond Milk,16,11.94
18546,31513,38765,Kefir Cultured Milk Smoothie Plain,16,1.1
18549,44570,98973,Kale Greens,4,4.15
18549,6680,98973,Potato Gnocchi,9,11.32
18549,43371,98973,Crushed Red Pepper,13,7.03
18550,3342,104288,Happy Hips Dog Food Duck & Sweet Potato Stew,8,8.92
18552,48907,74315,Garden Salad Mix,4,4.02
18552,6224,74315,Simply Clean Fragrance Free Wipes,18,10.15
18553,26068,127970,Green Chili with Pinto Beans Quinoa Burgers,1,2.89
18554,28465,157874,Icelandic Style Skyr Blueberry Non-fat Yogurt,16,8.32
18554,22290,157874,Organic Chai Tea Bags,7,5.1
18555,26177,182461,Organic Honey Nut O's Cereal,14,3.76
18557,35425,62799,Gluten Free Brown Rice English Muffins 6 ct,3,11.37
18557,20842,62799,Total 0% Greek Yogurt,16,9.2
18557,7963,62799,Gluten Free Whole Grain Bread,1,4.53
18560,26736,17911,Red Wax Gouda,3,4.14
18563,1940,86150,Organic 2% Reduced Fat Milk,16,1.23
18563,34969,86150,Red Vine Tomato,4,9.25
18564,26172,117941,Light Sour Cream,16,7.26
18565,28733,181111,Chicken Nuggets,1,11.03
18565,20708,181111,Traditional New England Clam Chowder Soup,15,8.29
18566,26629,54254,Cherry Pie Fruit & Nut Bar,19,1.38
18567,16759,150125,Organic Carrot Bunch,4,4.17
18568,890,114817,Organic Diced Tomatoes,15,1.35
18570,47885,17884,Black Bean Salad,20,11.99
18570,46252,17884,Original Thin Rye Crispbread,19,7.26
18570,38772,17884,Provolone,16,1.84
18572,16630,138113,Cough & Chest Congestion Chestal Honey Cough Syrup,11,2.93
18572,11707,138113,Peanut Butter Chocolate Chip Macrobar,19,8.92
18572,45007,138113,Organic Zucchini,4,5.08
18573,43647,166157,Organic Asparagus Spears,1,11.18
18578,47792,30439,Organic Beans & Rice Cheddar Cheese Burrito,1,8.35
18579,19514,189496,Reclosable Sandwich Bags,17,6.88
18579,42240,189496,Ultra Soft Facial Tissues,17,12.0
18583,19677,26489,Original Pure Creamy Almond Milk,16,6.4
18587,26209,202641,Limes,4,4.37
18587,33202,202641,Organic Maple Cinnamon Agave Pancake Syrup,13,4.54
18587,36872,202641,Lemon Natural Dishwasher Detergent Gel,17,7.2
18587,14744,202641,Organic Steak Sauce,13,4.83
18588,1202,163228,Organic Whole Grain Oatmeal Cereal Baby Food,18,9.64
18590,12276,194112,Chocolate Chip Cookie Dough Ice Cream,1,8.4
18595,26209,133335,Limes,4,4.37
18596,48595,131500,Organic Wheat Square Crackers,19,9.0
18601,5258,196788,Sparkling Water,7,10.95
18603,25581,170847,Blueberry Lowfat Yogurt,16,6.37
18603,21067,170847,Reduced Fat Sliced Provolone Cheese,16,2.4
18603,44368,170847,Fresh Mozzarella Cheese,16,11.12
18605,42736,176055,Unsalted Butter,16,9.28
18606,5918,14668,Single Serve Cheese Pizza,1,7.61
18606,39408,14668,Gala Apples,4,4.03
18607,20842,88716,Total 0% Greek Yogurt,16,9.2
18610,49332,64528,Split Chicken Breast,12,9.35
18610,42736,64528,Unsalted Butter,16,9.28
18610,23554,64528,Organic Vanilla Bean Ice Cream,1,6.65
18610,36086,64528,Philadelphia Original Cream Cheese,16,2.08
18611,6104,77313,Whole Milk Plain Yogurt,16,1.76
18611,16726,77313,Roasted Red Chili Paste,6,7.32
18612,26209,91957,Limes,4,4.37
18615,26209,169621,Limes,4,4.37
18615,21614,169621,Crackers Harvest Whole Wheat,19,2.38
18617,45113,18745,Artesian Water,7,7.07
18617,33120,18745,Organic Egg Whites,16,5.33
18617,31801,18745,9 Inch Plates,17,4.1
18617,22286,18745,Organic Super Beet Juice,7,11.88
18617,18963,18745,Apple Cider Vinegar,13,9.67
18618,37915,187657,"Cheese \""Forte\"" Ravioli",9,7.26
18619,43768,129168,Organic Bell Pepper,4,2.4
18621,40310,233,Oven Roasted Turkey Breast,20,8.23
18621,30753,233,Organic Red Lentil Penne,9,2.58
18622,45007,153405,Organic Zucchini,4,5.08
18622,4341,153405,Lavender Conditioner,11,3.44
18623,34969,68362,Red Vine Tomato,4,9.25
18623,14333,68362,Pluot,4,9.87
18625,16518,149071,Tropicals Sugar Free 1.65 fl oz Ice Pops,1,5.45
18625,35176,149071,Cream Cheese Cream Cheese Spread,16,3.27
18626,12427,161441,Original Beef Jerky,19,3.08
18627,29153,152968,Classic Pizza Crust,13,8.07
18628,33575,176951,Dairy Free French Vanilla Coconut Milk Creamer,16,8.48
18628,46820,176951,Vanilla Pure Almond Milk,16,11.94
18631,260,22318,Cantaloupe,4,3.01
18633,42736,81416,Unsalted Butter,16,9.28
18636,43875,96793,Baby Food Stage 2 Blueberry Pear & Purple Carrot,18,6.11
18636,45866,96793,Fig Newmans Fruit Filled Cookies,19,2.46
18637,890,118107,Organic Diced Tomatoes,15,1.35
18637,47866,118107,Jalapeno Potato Chips,19,12.02
18641,34969,46476,Red Vine Tomato,4,9.25
18642,31215,131733,Lemon Yogurt,16,10.41
18642,17183,131733,Peach Yoghurt,16,6.75
18642,24092,131733,Happy Cola Gummi Candy,19,10.59
18643,37940,129417,Original Strawberry Low Fat Yogurt,16,12.55
18643,36086,129417,Philadelphia Original Cream Cheese,16,2.08
18646,13431,98174,Flaky Biscuits,13,1.83
18646,42736,98174,Unsalted Butter,16,9.28
18646,5450,98174,Small Hass Avocado,4,5.77
18646,18656,98174,Organic Red Potato,4,1.93
18646,12955,98174,"Super Foods/Organic Apples, Spinach, Peas & Broccoli + Super Chia Snack Pouch",18,3.05
18646,43875,98174,Baby Food Stage 2 Blueberry Pear & Purple Carrot,18,6.11
18647,39024,188839,Edamame In Pod,1,5.6
18648,890,154966,Organic Diced Tomatoes,15,1.35
18648,1323,154966,Vanilla Bean Natural Lowfat Yogurt,16,5.89
18648,40310,154966,Oven Roasted Turkey Breast,20,8.23
18648,45007,154966,Organic Zucchini,4,5.08
18650,26177,161886,Organic Honey Nut O's Cereal,14,3.76
18651,12312,100792,Lavender Hand Soap,11,11.33
18651,32463,100792,Olive Oil & Aloe Vera Hand Soap,11,4.26
18654,1194,71775,Natural Artisan Water,7,7.42
18654,19171,71775,100% Lactose Free Organic 2% Reduced Fat Milk,16,9.21
18657,4962,76330,Yotoddler Organic Pear Spinach Mango Yogurt,16,10.68
18657,28465,76330,Icelandic Style Skyr Blueberry Non-fat Yogurt,16,8.32
18659,16398,29675,Guava Goddess Organic Kambucha,7,1.59
18659,4163,29675,Spanish Rice Pilaf Mix,9,7.87
18661,33120,173079,Organic Egg Whites,16,5.33
18662,17924,65317,Seltzer Water,7,3.66
18662,42500,65317,Orange & Lemon Flavor Variety Pack Sparkling Fruit Beverage,7,6.51
18663,34969,453,Red Vine Tomato,4,9.25
18663,36333,453,Heirloom Bean Veggie Burgers,1,6.03
18664,35055,167548,Just Cranberry Unsweetened Juice,7,8.57
18666,18027,180797,Ezekiel 4:9 Bread Organic Sprouted Whole Grain,3,11.3
18668,18471,168162,Organic Light Agave Nectar,13,0.93
18668,26604,168162,Organic Blackberries,4,8.08
18669,35383,92173,Classic White Bread,3,6.03
18669,5419,92173,Assorted Food Colors & Egg Dye,13,4.54
18672,45866,180796,Fig Newmans Fruit Filled Cookies,19,2.46
18676,40310,183791,Oven Roasted Turkey Breast,20,8.23
18676,38996,183791,Grape Tomatoes,4,4.64
18676,1940,183791,Organic 2% Reduced Fat Milk,16,1.23
18677,20842,101382,Total 0% Greek Yogurt,16,9.2
18677,26209,101382,Limes,4,4.37
18678,42680,115059,Chunky Chocolate Chip Flax Muffins,3,10.77
18678,41035,115059,Fresh Bee Pollen Whole Granules,11,11.17
18680,42110,150285,Organic Macaroni Shells & Real Aged Cheddar,9,12.09
18682,31696,123085,"Natural Antiseptic, Tea Tree Oil",11,10.63
18683,40198,119910,Blueberry Yoghurt,16,8.81
18683,25705,119910,Butterhead Lettuce,4,0.98
18683,38996,119910,Grape Tomatoes,4,4.64
18684,30630,72073,"Yogurt, Sheep Milk, Blackberry",16,7.92
18685,13221,83525,Toilet Bowl Cleaner - Emerald Cypress and Fir,17,5.31
18686,20842,53737,Total 0% Greek Yogurt,16,9.2
18687,28413,7618,Bunny-Luv Organic Carrots,4,7.3
18687,4149,7618,Frozen Organic Blueberries,4,11.59
18687,8057,7618,Organic Chicken & Mozzarella Ravioli,9,8.71
18689,3706,79896,Sparkling Concord Juice Grape,7,9.07
18689,17924,79896,Seltzer Water,7,3.66
18690,3262,114908,French Style Fresh Cut Green Beans,15,5.81
18694,890,109137,Organic Diced Tomatoes,15,1.35
18694,26209,109137,Limes,4,4.37
18696,26172,144303,Light Sour Cream,16,7.26
18697,26604,12433,Organic Blackberries,4,8.08
18697,29334,12433,Leek,4,6.09
18697,26209,12433,Limes,4,4.37
18697,46802,12433,Pineapple Chunks,1,6.76
18698,22124,203381,Total 0% Raspberry Yogurt,16,9.08
18699,47141,55979,Cola,7,5.77
18699,1940,55979,Organic 2% Reduced Fat Milk,16,1.23
18699,47866,55979,Jalapeno Potato Chips,19,12.02
18699,5389,55979,Circus Animal Cookies,19,11.89
18701,34166,107659,Organic Shredded Parmesan,16,8.84
18703,36315,15556,Low Fat Split Pea Soup,15,12.38
18703,12312,15556,Lavender Hand Soap,11,11.33
18705,37067,104015,Organic Banana,4,10.85
18706,16759,87784,Organic Carrot Bunch,4,4.17
18706,12427,87784,Original Beef Jerky,19,3.08
18706,21614,87784,Crackers Harvest Whole Wheat,19,2.38
18707,13147,168565,GOLEAN Crisp! Toasted Berry Crumble Cereal,14,4.75
18709,33527,87026,Organic Classic Rich Crackers,19,7.46
18710,35042,107724,Black Beans,15,5.95
18710,449,107724,Chips Ahoy! Chewy Cookies,19,9.39
18712,260,161543,Cantaloupe,4,3.01
18712,32624,161543,Acorn Squash,4,11.22
18712,26604,161543,Organic Blackberries,4,8.08
18714,26209,97439,Limes,4,4.37
18715,781,198621,Organic Shredded Mild Cheddar,16,2.78
18717,35383,135808,Classic White Bread,3,6.03
18721,49273,12269,Light and Lean Quinoa Black Beans with Butternut Squash and Chard,1,1.34
18723,19173,185517,Orange Calcium & Vitamin D Pulp Free,7,11.11
18724,16145,23057,Organic Cannellini Beans,15,5.1
18724,45007,23057,Organic Zucchini,4,5.08
18725,15011,171236,"Pita Chips, Simply Naked",19,11.46
18725,24830,171236,Organic Romaine,4,10.27
18727,48812,147322,Variety Pack,17,7.23
18730,26209,203167,Limes,4,4.37
18730,6744,203167,"Shikakai Soap, Organic Hand & Body, Spearmint Peppermint",11,10.32
18730,28946,203167,Yogurt Tubes Blueberry,16,0.9
18730,7120,203167,Organic Whole Wheat Sourdough Bread,3,7.86
18730,35948,203167,Tonic Water,7,7.7
18734,17789,127951,Soy Free Buttery Spread,16,11.19
18737,5415,94288,Organic Grade A Raw Honey,13,11.29
18737,4809,94288,Greek Whole Milk Blended Blueberry Yogurt,16,6.38
18737,41806,94288,Organic Greek Whole Milk Blended Strawberry Yogurt,16,7.97
18737,37754,94288,Organic Blended Raspberry Whole Milk Greek Yogurt,16,4.34
18737,26209,94288,Limes,4,4.37
18738,42240,46855,Ultra Soft Facial Tissues,17,12.0
18740,43183,20908,Deli Fresh Shaved Smoked Turkey Breast,20,12.45
18741,781,51172,Organic Shredded Mild Cheddar,16,2.78
18743,6750,69432,Cheese Ravioli with Sauce Bowls,1,11.37
18743,13431,69432,Flaky Biscuits,13,1.83
18743,10,69432,Sparkling Orange Juice & Prickly Pear Beverage,7,7.1
18743,44375,69432,Canned Aranciata Orange,7,3.21
18744,38456,16184,Large Grapefruit,4,3.38
18744,41999,16184,Cut Tulips (Choose Color),4,1.99
18744,34969,16184,Red Vine Tomato,4,9.25
18746,43645,151105,"Eggs, Hard-Boiled",16,10.16
18747,40268,88973,Organic Wheat-Free & Gluten-Free Original Crackers,19,3.71
18749,18963,165365,Apple Cider Vinegar,13,9.67
18749,16759,165365,Organic Carrot Bunch,4,4.17
18751,35042,69404,Black Beans,15,5.95
18751,9746,69404,Special Nourish Apple Raspberry Almond Cereal,14,5.14
18752,29158,11635,Panko Breadcrumbs Original,13,5.23
18753,36206,27549,Gluten Free Original Recipe Tapioca Pudding,16,2.79
18754,5450,192672,Small Hass Avocado,4,5.77
18755,24830,43872,Organic Romaine,4,10.27
18756,18656,154827,Organic Red Potato,4,1.93
18756,31342,154827,Organic SprouTofu Extra Firm Tofu,20,9.28
18756,26209,154827,Limes,4,4.37
18757,16744,130009,Peanut & Gluten Free Smooth Almond Butter,13,8.17
18760,8138,62906,Traditional Hummus,20,2.75
18760,43662,62906,"Yogurt, Strained Low-Fat, Coconut",16,11.87
18760,38266,62906,Fresh Basil,4,10.07
18760,890,62906,Organic Diced Tomatoes,15,1.35
18761,38049,11365,Crispy Rounds Tortilla Chips,19,1.15
18761,35042,11365,Black Beans,15,5.95
18761,40674,11365,Peas & Carrots,1,8.83
18761,15221,11365,2% Milk,16,11.05
18763,13431,116622,Flaky Biscuits,13,1.83
18763,44354,116622,"Cooking Sauce, La Pizza",15,4.87
18763,405,116622,100% Organic Diced Tomatoes,15,2.11
18764,44787,198263,Stage 1 - Just Prunes,18,6.69
18764,19003,198263,Celery,4,5.68
18764,27796,198263,Real Mayonnaise,13,0.97
18764,42320,198263,Imported Golden Greek Peperoncini,13,11.32
18765,44368,200246,Fresh Mozzarella Cheese,16,11.12
18767,7751,13998,Tomato Ketchup,13,1.99
18768,5450,54379,Small Hass Avocado,4,5.77
18768,40310,54379,Oven Roasted Turkey Breast,20,8.23
18771,5258,130567,Sparkling Water,7,10.95
18773,890,204555,Organic Diced Tomatoes,15,1.35
18774,14267,67142,Organic Refried Black Beans,15,9.37
18774,2664,67142,First Prunes,18,3.44
18774,39977,67142,Pumpkin & Spinach Stage 2 Baby Food,18,9.44
18774,4163,67142,Spanish Rice Pilaf Mix,9,7.87
18775,46770,162888,Raw Hummus,13,11.95
18777,46990,198085,Ground Buffalo,12,10.44
18777,12315,198085,Dairy Free Hazelnut Coconut Milk Creamer,16,12.03
18779,27665,106248,Whole Chia Seed,19,9.53
18779,16951,106248,Deli Roast Beef,20,6.99
18782,45007,23264,Organic Zucchini,4,5.08
18782,5450,23264,Small Hass Avocado,4,5.77
18782,3464,23264,"Organic Butterhead (Boston, Butter, Bibb) Lettuce",4,9.0
18783,4933,168312,with Olive Oil Mayonnaise,13,7.02
18785,39844,33186,Mini Sweet Peppers,4,11.24
18786,7963,108532,Gluten Free Whole Grain Bread,1,4.53
18786,28465,108532,Icelandic Style Skyr Blueberry Non-fat Yogurt,16,8.32
18786,41259,108532,Poblano Pepper,4,10.56
18786,26209,108532,Limes,4,4.37
18786,25705,108532,Butterhead Lettuce,4,0.98
18787,41259,34994,Poblano Pepper,4,10.56
18787,26209,34994,Limes,4,4.37
18787,26604,34994,Organic Blackberries,4,8.08
18788,13249,186464,Skim Milk,16,9.33
18788,44381,186464,California Blend Vegetable,1,1.48
18790,39215,80365,Scented Multi-Cat Scoopable Cat Litter,8,5.24
18793,17924,131909,Seltzer Water,7,3.66
18796,43772,91668,Cherubs Heavenly Salad Tomatoes,4,1.15
18797,37754,84398,Organic Blended Raspberry Whole Milk Greek Yogurt,16,4.34
18797,18229,84398,Plastic Knives,17,9.64
18797,31801,84398,9 Inch Plates,17,4.1
18799,47141,85831,Cola,7,5.77
18801,594,5206,Gluten Free Peanut Butter Berry  Chewy With A Crunch Granola Bars,19,11.11
18801,23271,5206,Tabasco Chipotle Pepper Sauce,13,11.83
18802,46802,65350,Pineapple Chunks,1,6.76
18802,27522,65350,Gluten Free Uncured Bacon Mac and Cheese,1,3.22
18802,11068,65350,Medium Cheddar Cheese Block,16,1.9
18802,6104,65350,Whole Milk Plain Yogurt,16,1.76
18803,38129,119467,Organic Hearty Tomato Bisque,15,1.69
18803,22716,119467,Gluten Free Fettuccini Roasted Garlic,9,2.1
18805,19548,139611,Organic Lightly Roasted Crunchy Peanut Butter,13,1.58
18807,24004,64434,Goldfish Parmesan Baked Snack Crackers,19,6.78
18808,27690,104857,Apple Cinnamon GoGo Squeez,19,6.29
18809,16145,151083,Organic Cannellini Beans,15,5.1
18810,46703,91837,Shelled Soybeans Edamame,1,10.75
18810,17183,91837,Peach Yoghurt,16,6.75
18812,12846,185084,Pomegranate Blackberry Probiotics Juice Drink,7,10.26
18813,27690,105120,Apple Cinnamon GoGo Squeez,19,6.29
18813,14333,105120,Pluot,4,9.87
18815,43875,153902,Baby Food Stage 2 Blueberry Pear & Purple Carrot,18,6.11
18815,26209,153902,Limes,4,4.37
18816,18963,107182,Apple Cider Vinegar,13,9.67
18818,5068,116303,Cauliflower Florets,4,5.04
18819,47380,5315,New York Style Nova Lox,12,8.72
18820,35383,183953,Classic White Bread,3,6.03
18820,12315,183953,Dairy Free Hazelnut Coconut Milk Creamer,16,12.03
18824,44570,164271,Kale Greens,4,4.15
18825,20947,186331,Passionberry Bliss Kombucha Drink,7,11.87
18825,40268,186331,Organic Wheat-Free & Gluten-Free Original Crackers,19,3.71
18825,46770,186331,Raw Hummus,13,11.95
18826,16874,186383,Chocolate Fudge Brownie Ice Cream,1,4.04
18827,41408,59532,Goat's Milk Cheese,16,6.12
18827,26604,59532,Organic Blackberries,4,8.08
18832,14267,48176,Organic Refried Black Beans,15,9.37
18833,25898,84242,White Truffle Oil,13,7.12
18833,32442,84242,Organic Original Tofu Veggie Burger,20,11.35
18833,30461,84242,Organic Multigrain Mild Green Mojo Tortilla Chips,19,7.11
18835,39814,6915,Hawaiian Style Teriyaki Chicken Bowl,1,4.39
18838,47813,15194,Organic Sprouted Grain Pancake & Waffle Mix,13,8.67
18838,4163,15194,Spanish Rice Pilaf Mix,9,7.87
18838,12290,15194,Brie,16,10.11
18840,47966,90166,Old Fashioned Rolled Oats,14,2.74
18840,37940,90166,Original Strawberry Low Fat Yogurt,16,12.55
18841,45007,193238,Organic Zucchini,4,5.08
18844,39844,30429,Mini Sweet Peppers,4,11.24
18845,26629,114685,Cherry Pie Fruit & Nut Bar,19,1.38
18845,35939,114685,Organic Jalapeno Pepper,4,9.93
18845,27044,114685,Maple Almond Butter,13,8.9
18845,22286,114685,Organic Super Beet Juice,7,11.88
18846,1940,152877,Organic 2% Reduced Fat Milk,16,1.23
18848,26177,118328,Organic Honey Nut O's Cereal,14,3.76
18849,20943,203589,Gluten Free Apple Cinnamon Waffles,1,6.83
18850,2429,90996,"Seriously Sharp Cheddar Cheese Cracker Cut Slices,",16,8.44
18851,33956,154881,Mighty Mango Juice Smoothie,7,7.47
18854,48144,114988,Tater Tots,1,1.22
18855,4962,133814,Yotoddler Organic Pear Spinach Mango Yogurt,16,10.68
18855,24830,133814,Organic Romaine,4,10.27
18855,13733,133814,Red Potatoes,4,4.73
18857,40268,17406,Organic Wheat-Free & Gluten-Free Original Crackers,19,3.71
18857,5450,17406,Small Hass Avocado,4,5.77
18857,20842,17406,Total 0% Greek Yogurt,16,9.2
18860,26604,29216,Organic Blackberries,4,8.08
18862,37067,114172,Organic Banana,4,10.85
18862,26209,114172,Limes,4,4.37
18863,26665,58550,Tandoor Baked Naan,3,8.66
18863,37720,58550,Quilted Napkins,17,6.42
18863,4206,58550,Refreshers Revitalizing Energy Blueberry Acai Sparkling Coffee Energy Beverage,7,1.06
18866,19548,148917,Organic Lightly Roasted Crunchy Peanut Butter,13,1.58
18866,23554,148917,Organic Vanilla Bean Ice Cream,1,6.65
18867,28745,84834,Oven Roasted Turkey,20,7.99
18870,11323,78034,Medium Roast Extra Bold K-Cup Packs Coffee,7,1.24
18872,38979,156639,Gluten Free Crackers Cheddar,19,3.95
18876,8526,186033,Organic  Jade Pearl Rice,9,10.5
18877,4962,6856,Yotoddler Organic Pear Spinach Mango Yogurt,16,10.68
18880,13113,79708,Organic Apple Juice Boxes,7,9.79
18882,611,202580,Uncured Hard Salami,20,7.19
18882,46802,202580,Pineapple Chunks,1,6.76
18884,16908,34905,Jacob's Wonderbar Dark Roast,7,11.01
18885,19171,46268,100% Lactose Free Organic 2% Reduced Fat Milk,16,9.21
18886,27796,19019,Real Mayonnaise,13,0.97
18886,21206,19019,English Breakfast Black Tea,7,3.44
18887,5450,38187,Small Hass Avocado,4,5.77
18887,6104,38187,Whole Milk Plain Yogurt,16,1.76
18889,33120,39663,Organic Egg Whites,16,5.33
18892,38274,163101,Ice Cream Sandwiches Vanilla,1,7.17
18893,23985,77962,Baby Eggplant,4,1.55
18894,26604,143352,Organic Blackberries,4,8.08
18895,5436,70165,Diced Green Chiles,15,4.12
18895,47966,70165,Old Fashioned Rolled Oats,14,2.74
18896,28465,90274,Icelandic Style Skyr Blueberry Non-fat Yogurt,16,8.32
18896,26604,90274,Organic Blackberries,4,8.08
18896,1940,90274,Organic 2% Reduced Fat Milk,16,1.23
18896,36735,90274,Organic Roasted Sliced Chicken Breast,20,10.42
18898,18508,152889,Whole Organic Allspice,13,9.12
18903,7963,58264,Gluten Free Whole Grain Bread,1,4.53
18904,35948,58806,Tonic Water,7,7.7
18904,14744,58806,Organic Steak Sauce,13,4.83
18906,35907,126574,California Black Bread,3,5.26
18908,20034,47606,Potted Basil,4,6.24
18908,5450,47606,Small Hass Avocado,4,5.77
18908,43875,47606,Baby Food Stage 2 Blueberry Pear & Purple Carrot,18,6.11
18909,30320,203849,Craveables Four Cheese Pizza,1,8.71
18910,33468,179606,White Pita,3,8.87
18910,9781,179606,Roasted & Salted Sunflower Seeds,19,5.35
